0.000000e+00 0 0 0 0
5.000000e-13 0 0 0 0
1.000000e-12 0 0 0 0
1.500000e-12 0 0 0 0
2.000000e-12 0 0 0 0
2.500000e-12 0 0 0 0
3.000000e-12 0 0 0 0
3.500000e-12 0 0 0 0
4.000000e-12 0 0 0 0
4.500000e-12 0 0 0 0
5.000000e-12 0 0 0 0
5.500000e-12 0 0 0 0
6.000000e-12 0 0 0 0
6.500000e-12 0 0 0 0
7.000000e-12 0 0 0 0
7.500000e-12 0 0 0 0
8.000000e-12 0 0 0 0
8.500000e-12 0 0 0 0
9.000000e-12 0 0 0 0
9.500000e-12 0 0 0 0
1.000000e-11 0 0 0 0
1.050000e-11 0 0 0 0
1.100000e-11 0 0 0 0
1.150000e-11 0 0 0 0
1.200000e-11 0 0 0 0
1.250000e-11 0 0 0 0
1.300000e-11 0 0 0 0
1.350000e-11 0 0 0 0
1.400000e-11 0 0 0 0
1.450000e-11 0 0 0 0
1.500000e-11 0 0 0 0
1.550000e-11 0 0 0 0
1.600000e-11 0 0 0 0
1.650000e-11 0 0 0 0
1.700000e-11 0 0 0 0
1.750000e-11 0 0 0 0
1.800000e-11 0 0 0 0
1.850000e-11 0 0 0 0
1.900000e-11 0 0 0 0
1.950000e-11 0 0 0 0
2.000000e-11 0 0 0 0
2.050000e-11 0 0 0 0
2.100000e-11 0 0 0 0
2.150000e-11 0 0 0 0
2.200000e-11 0 0 0 0
2.250000e-11 0 0 0 0
2.300000e-11 0 0 0 0
2.350000e-11 0 0 0 0
2.400000e-11 0 0 0 0
2.450000e-11 0 0 0 0
2.500000e-11 0 0 0 0
2.550000e-11 0 0 0 0
2.600000e-11 0 0 0 0
2.650000e-11 0 0 0 0
2.700000e-11 0 0 0 0
2.750000e-11 0 0 0 0
2.800000e-11 0 0 0 0
2.850000e-11 0 0 0 0
2.900000e-11 0 0 0 0
2.950000e-11 0 0 0 0
3.000000e-11 0 0 0 0
3.050000e-11 0 0 0 0
3.100000e-11 0 0 0 0
3.150000e-11 0 0 0 0
3.200000e-11 0 0 0 0
3.250000e-11 0 0 0 0
3.300000e-11 0 0 0 0
3.350000e-11 0 0 0 0
3.400000e-11 0 0 0 0
3.450000e-11 0 0 0 0
3.500000e-11 0 0 0 0
3.550000e-11 0 0 0 0
3.600000e-11 0 0 0 0
3.650000e-11 0 0 0 0
3.700000e-11 0 0 0 0
3.750000e-11 0 0 0 0
3.800000e-11 0 0 0 0
3.850000e-11 0 0 0 0
3.900000e-11 0 0 0 0
3.950000e-11 0 0 0 0
4.000000e-11 0 0 0 0
4.050000e-11 0 0 0 0
4.100000e-11 0 0 0 0
4.150000e-11 0 0 0 0
4.200000e-11 0 0 0 0
4.250000e-11 0 0 0 0
4.300000e-11 0 0 0 0
4.350000e-11 0 0 0 0
4.400000e-11 0 0 0 0
4.450000e-11 0 0 0 0
4.500000e-11 0 0 0 0
4.550000e-11 0 0 0 0
4.600000e-11 0 0 0 0
4.650000e-11 0 0 0 0
4.700000e-11 0 0 0 0
4.750000e-11 0 0 0 0
4.800000e-11 0 0 0 0
4.850000e-11 0 0 0 0
4.900000e-11 0 0 0 0
4.950000e-11 0 0 0 0
5.000000e-11 0 0 0 0
5.050000e-11 0 0 0 0
5.100000e-11 0 0 0 0
5.150000e-11 0 0 0 0
5.200000e-11 0 0 0 0
5.250000e-11 0 0 0 0
5.300000e-11 0 0 0 0
5.350000e-11 0 0 0 0
5.400000e-11 0 0 0 0
5.450000e-11 0 0 0 0
5.500000e-11 0 0 0 0
5.550000e-11 0 0 0 0
5.600000e-11 0 0 0 0
5.650000e-11 0 0 0 0
5.700000e-11 0 0 0 0
5.750000e-11 0 0 0 0
5.800000e-11 0 0 0 0
5.850000e-11 0 0 0 0
5.900000e-11 0 0 0 0
5.950000e-11 0 0 0 0
6.000000e-11 0 0 0 0
6.050000e-11 0 0 0 0
6.100000e-11 0 0 0 0
6.150000e-11 0 0 0 0
6.200000e-11 0 0 0 0
6.250000e-11 0 0 0 0
6.300000e-11 0 0 0 0
6.350000e-11 0 0 0 0
6.400000e-11 0 0 0 0
6.450000e-11 0 0 0 0
6.500000e-11 0 0 0 0
6.550000e-11 0 0 0 0
6.600000e-11 0 0 0 0
6.650000e-11 0 0 0 0
6.700000e-11 0 0 0 0
6.750000e-11 0 0 0 0
6.800000e-11 0 0 0 0
6.850000e-11 0 0 0 0
6.900000e-11 0 0 0 0
6.950000e-11 0 0 0 0
7.000000e-11 0 0 0 0
7.050000e-11 0 0 0 0
7.100000e-11 0 0 0 0
7.150000e-11 0 0 0 0
7.200000e-11 0 0 0 0
7.250000e-11 0 0 0 0
7.300000e-11 0 0 0 0
7.350000e-11 0 0 0 0
7.400000e-11 0 0 0 0
7.450000e-11 0 0 0 0
7.500000e-11 0 0 0 0
7.550000e-11 0 0 0 0
7.600000e-11 0 0 0 0
7.650000e-11 0 0 0 0
7.700000e-11 0 0 0 0
7.750000e-11 0 0 0 0
7.800000e-11 0 0 0 0
7.850000e-11 0 0 0 0
7.900000e-11 0 0 0 0
7.950000e-11 0 0 0 0
8.000000e-11 0 0 0 0
8.050000e-11 0 0 0 0
8.100000e-11 0 0 0 0
8.150000e-11 0 0 0 0
8.200000e-11 0 0 0 0
8.250000e-11 0 0 0 0
8.300000e-11 0 0 0 0
8.350000e-11 0 0 0 0
8.400000e-11 0 0 0 0
8.450000e-11 0 0 0 0
8.500000e-11 0 0 0 0
8.550000e-11 0 0 0 0
8.600000e-11 0 0 0 0
8.650000e-11 0 0 0 0
8.700000e-11 0 0 0 0
8.750000e-11 0 0 0 0
8.800000e-11 0 0 0 0
8.850000e-11 0 0 0 0
8.900000e-11 0 0 0 0
8.950000e-11 0 0 0 0
9.000000e-11 0 0 0 0
9.050000e-11 0 0 0 0
9.100000e-11 0 0 0 0
9.150000e-11 0 0 0 0
9.200000e-11 0 0 0 0
9.250000e-11 0 0 0 0
9.300000e-11 0 0 0 0
9.350000e-11 0 0 0 0
9.400000e-11 0 0 0 0
9.450000e-11 0 0 0 0
9.500000e-11 0 0 0 0
9.550000e-11 0 0 0 0
9.600000e-11 0 0 0 0
9.650000e-11 0 0 0 0
9.700000e-11 0 0 0 0
9.750000e-11 0 0 0 0
9.800000e-11 0 0 0 0
9.850000e-11 0 0 0 0
9.900000e-11 0 0 0 0
9.950000e-11 0 0 0 0
1.000000e-10 0 0 0 0
1.005000e-10 0 0 0 0
1.010000e-10 0 0 0 0
1.015000e-10 0 0 0 0
1.020000e-10 0 0 0 0
1.025000e-10 0 0 0 0
1.030000e-10 0 0 0 0
1.035000e-10 0 0 0 0
1.040000e-10 0 0 0 0
1.045000e-10 0 0 0 0
1.050000e-10 0 0 0 0
1.055000e-10 0 0 0 0
1.060000e-10 0 0 0 0
1.065000e-10 0 0 0 0
1.070000e-10 0 0 0 0
1.075000e-10 0 0 0 0
1.080000e-10 0 0 0 0
1.085000e-10 0 0 0 0
1.090000e-10 0 0 0 0
1.095000e-10 0 0 0 0
1.100000e-10 0 0 0 0
1.105000e-10 0 0 0 0
1.110000e-10 0 0 0 0
1.115000e-10 0 0 0 0
1.120000e-10 0 0 0 0
1.125000e-10 0 0 0 0
1.130000e-10 0 0 0 0
1.135000e-10 0 0 0 0
1.140000e-10 0 0 0 0
1.145000e-10 0 0 0 0
1.150000e-10 0 0 0 0
1.155000e-10 0 0 0 0
1.160000e-10 0 0 0 0
1.165000e-10 0 0 0 0
1.170000e-10 0 0 0 0
1.175000e-10 0 0 0 0
1.180000e-10 0 0 0 0
1.185000e-10 0 0 0 0
1.190000e-10 0 0 0 0
1.195000e-10 0 0 0 0
1.200000e-10 0 0 0 0
1.205000e-10 0 0 0 0
1.210000e-10 0 0 0 0
1.215000e-10 0 0 0 0
1.220000e-10 0 0 0 0
1.225000e-10 0 0 0 0
1.230000e-10 0 0 0 0
1.235000e-10 0 0 0 0
1.240000e-10 0 0 0 0
1.245000e-10 0 0 0 0
1.250000e-10 0 0 0 0
1.255000e-10 0 0 0 0
1.260000e-10 0 0 0 0
1.265000e-10 0 0 0 0
1.270000e-10 0 0 0 0
1.275000e-10 0 0 0 0
1.280000e-10 0 0 0 0
1.285000e-10 0 0 0 0
1.290000e-10 0 0 0 0
1.295000e-10 0 0 0 0
1.300000e-10 0 0 0 0
1.305000e-10 0 0 0 0
1.310000e-10 0 0 0 0
1.315000e-10 0 0 0 0
1.320000e-10 0 0 0 0
1.325000e-10 0 0 0 0
1.330000e-10 0 0 0 0
1.335000e-10 0 0 0 0
1.340000e-10 0 0 0 0
1.345000e-10 0 0 0 0
1.350000e-10 0 0 0 0
1.355000e-10 0 0 0 0
1.360000e-10 0 0 0 0
1.365000e-10 0 0 0 0
1.370000e-10 0 0 0 0
1.375000e-10 0 0 0 0
1.380000e-10 0 0 0 0
1.385000e-10 0 0 0 0
1.390000e-10 0 0 0 0
1.395000e-10 0 0 0 0
1.400000e-10 0 0 0 0
1.405000e-10 0 0 0 0
1.410000e-10 0 0 0 0
1.415000e-10 0 0 0 0
1.420000e-10 0 0 0 0
1.425000e-10 0 0 0 0
1.430000e-10 0 0 0 0
1.435000e-10 0 0 0 0
1.440000e-10 0 0 0 0
1.445000e-10 0 0 0 0
1.450000e-10 0 0 0 0
1.455000e-10 0 0 0 0
1.460000e-10 0 0 0 0
1.465000e-10 0 0 0 0
1.470000e-10 0 0 0 0
1.475000e-10 0 0 0 0
1.480000e-10 0 0 0 0
1.485000e-10 0 0 0 0
1.490000e-10 0 0 0 0
1.495000e-10 0 0 0 0
1.500000e-10 0 0 0 0
1.505000e-10 0 0 0 0
1.510000e-10 0 0 0 0
1.515000e-10 0 0 0 0
1.520000e-10 0 0 0 0
1.525000e-10 0 0 0 0
1.530000e-10 0 0 0 0
1.535000e-10 0 0 0 0
1.540000e-10 0 0 0 0
1.545000e-10 0 0 0 0
1.550000e-10 0 0 0 0
1.555000e-10 0 0 0 0
1.560000e-10 0 0 0 0
1.565000e-10 0 0 0 0
1.570000e-10 0 0 0 0
1.575000e-10 0 0 0 0
1.580000e-10 0 0 0 0
1.585000e-10 0 0 0 0
1.590000e-10 0 0 0 0
1.595000e-10 0 0 0 0
1.600000e-10 0 0 0 0
1.605000e-10 0 0 0 0
1.610000e-10 0 0 0 0
1.615000e-10 0 0 0 0
1.620000e-10 0 0 0 0
1.625000e-10 0 0 0 0
1.630000e-10 0 0 0 0
1.635000e-10 0 0 0 0
1.640000e-10 0 0 0 0
1.645000e-10 0 0 0 0
1.650000e-10 0 0 0 0
1.655000e-10 0 0 0 0
1.660000e-10 0 0 0 0
1.665000e-10 0 0 0 0
1.670000e-10 0 0 0 0
1.675000e-10 0 0 0 0
1.680000e-10 0 0 0 0
1.685000e-10 0 0 0 0
1.690000e-10 0 0 0 0
1.695000e-10 0 0 0 0
1.700000e-10 0 0 0 0
1.705000e-10 0 0 0 0
1.710000e-10 0 0 0 0
1.715000e-10 0 0 0 0
1.720000e-10 0 0 0 0
1.725000e-10 0 0 0 0
1.730000e-10 0 0 0 0
1.735000e-10 0 0 0 0
1.740000e-10 0 0 0 0
1.745000e-10 0 0 0 0
1.750000e-10 0 0 0 0
1.755000e-10 0 0 0 0
1.760000e-10 0 0 0 0
1.765000e-10 0 0 0 0
1.770000e-10 0 0 0 0
1.775000e-10 0 0 0 0
1.780000e-10 0 0 0 0
1.785000e-10 0 0 0 0
1.790000e-10 0 0 0 0
1.795000e-10 0 0 0 0
1.800000e-10 0 0 0 0
1.805000e-10 0 0 0 0
1.810000e-10 0 0 0 0
1.815000e-10 0 0 0 0
1.820000e-10 0 0 0 0
1.825000e-10 0 0 0 0
1.830000e-10 0 0 0 0
1.835000e-10 0 0 0 0
1.840000e-10 0 0 0 0
1.845000e-10 0 0 0 0
1.850000e-10 0 0 0 0
1.855000e-10 0 0 0 0
1.860000e-10 0 0 0 0
1.865000e-10 0 0 0 0
1.870000e-10 0 0 0 0
1.875000e-10 0 0 0 0
1.880000e-10 0 0 0 0
1.885000e-10 0 0 0 0
1.890000e-10 0 0 0 0
1.895000e-10 0 0 0 0
1.900000e-10 0 0 0 0
1.905000e-10 0 0 0 0
1.910000e-10 0 0 0 0
1.915000e-10 0 0 0 0
1.920000e-10 0 0 0 0
1.925000e-10 0 0 0 0
1.930000e-10 0 0 0 0
1.935000e-10 0 0 0 0
1.940000e-10 0 0 0 0
1.945000e-10 0 0 0 0
1.950000e-10 0 0 0 0
1.955000e-10 0 0 0 0
1.960000e-10 0 0 0 0
1.965000e-10 0 0 0 0
1.970000e-10 0 0 0 0
1.975000e-10 0 0 0 0
1.980000e-10 0 0 0 0
1.985000e-10 0 0 0 0
1.990000e-10 0 0 0 0
1.995000e-10 0 0 0 0
2.000000e-10 0 0 0 0
2.005000e-10 0 0 0 0
2.010000e-10 0 0 0 0
2.015000e-10 0 0 0 0
2.020000e-10 0 0 0 0
2.025000e-10 0 0 0 0
2.030000e-10 0 0 0 0
2.035000e-10 0 0 0 0
2.040000e-10 0 0 0 0
2.045000e-10 0 0 0 0
2.050000e-10 0 0 0 0
2.055000e-10 0 0 0 0
2.060000e-10 0 0 0 0
2.065000e-10 0 0 0 0
2.070000e-10 0 0 0 0
2.075000e-10 0 0 0 0
2.080000e-10 0 0 0 0
2.085000e-10 0 0 0 0
2.090000e-10 0 0 0 0
2.095000e-10 0 0 0 0
2.100000e-10 0 0 0 0
2.105000e-10 0 0 0 0
2.110000e-10 0 0 0 0
2.115000e-10 0 0 0 0
2.120000e-10 0 0 0 0
2.125000e-10 0 0 0 0
2.130000e-10 0 0 0 0
2.135000e-10 0 0 0 0
2.140000e-10 0 0 0 0
2.145000e-10 0 0 0 0
2.150000e-10 0 0 0 0
2.155000e-10 0 0 0 0
2.160000e-10 0 0 0 0
2.165000e-10 0 0 0 0
2.170000e-10 0 0 0 0
2.175000e-10 0 0 0 0
2.180000e-10 0 0 0 0
2.185000e-10 0 0 0 0
2.190000e-10 0 0 0 0
2.195000e-10 0 0 0 0
2.200000e-10 0 0 0 0
2.205000e-10 0 0 0 0
2.210000e-10 0 0 0 0
2.215000e-10 0 0 0 0
2.220000e-10 0 0 0 0
2.225000e-10 0 0 0 0
2.230000e-10 0 0 0 0
2.235000e-10 0 0 0 0
2.240000e-10 0 0 0 0
2.245000e-10 0 0 0 0
2.250000e-10 0 0 0 0
2.255000e-10 0 0 0 0
2.260000e-10 0 0 0 0
2.265000e-10 0 0 0 0
2.270000e-10 0 0 0 0
2.275000e-10 0 0 0 0
2.280000e-10 0 0 0 0
2.285000e-10 0 0 0 0
2.290000e-10 0 0 0 0
2.295000e-10 0 0 0 0
2.300000e-10 0 0 0 0
2.305000e-10 0 0 0 0
2.310000e-10 0 0 0 0
2.315000e-10 0 0 0 0
2.320000e-10 0 0 0 0
2.325000e-10 0 0 0 0
2.330000e-10 0 0 0 0
2.335000e-10 0 0 0 0
2.340000e-10 0 0 0 0
2.345000e-10 0 0 0 0
2.350000e-10 0 0 0 0
2.355000e-10 0 0 0 0
2.360000e-10 0 0 0 0
2.365000e-10 0 0 0 0
2.370000e-10 0 0 0 0
2.375000e-10 0 0 0 0
2.380000e-10 0 0 0 0
2.385000e-10 0 0 0 0
2.390000e-10 0 0 0 0
2.395000e-10 0 0 0 0
2.400000e-10 0 0 0 0
2.405000e-10 0 0 0 0
2.410000e-10 0 0 0 0
2.415000e-10 0 0 0 0
2.420000e-10 0 0 0 0
2.425000e-10 0 0 0 0
2.430000e-10 0 0 0 0
2.435000e-10 0 0 0 0
2.440000e-10 0 0 0 0
2.445000e-10 0 0 0 0
2.450000e-10 0 0 0 0
2.455000e-10 0 0 0 0
2.460000e-10 0 0 0 0
2.465000e-10 0 0 0 0
2.470000e-10 0 0 0 0
2.475000e-10 0 0 0 0
2.480000e-10 0 0 0 0
2.485000e-10 0 0 0 0
2.490000e-10 0 0 0 0
2.495000e-10 0 0 0 0
2.500000e-10 0 0 0 0
2.505000e-10 0 0 0 0
2.510000e-10 0 0 0 0
2.515000e-10 0 0 0 0
2.520000e-10 0 0 0 0
2.525000e-10 0 0 0 0
2.530000e-10 0 0 0 0
2.535000e-10 0 0 0 0
2.540000e-10 0 0 0 0
2.545000e-10 0 0 0 0
2.550000e-10 0 0 0 0
2.555000e-10 0 0 0 0
2.560000e-10 0 0 0 0
2.565000e-10 0 0 0 0
2.570000e-10 0 0 0 0
2.575000e-10 0 0 0 0
2.580000e-10 0 0 0 0
2.585000e-10 0 0 0 0
2.590000e-10 0 0 0 0
2.595000e-10 0 0 0 0
2.600000e-10 0 0 0 0
2.605000e-10 0 0 0 0
2.610000e-10 0 0 0 0
2.615000e-10 0 0 0 0
2.620000e-10 0 0 0 0
2.625000e-10 0 0 0 0
2.630000e-10 0 0 0 0
2.635000e-10 0 0 0 0
2.640000e-10 0 0 0 0
2.645000e-10 0 0 0 0
2.650000e-10 0 0 0 0
2.655000e-10 0 0 0 0
2.660000e-10 0 0 0 0
2.665000e-10 0 0 0 0
2.670000e-10 0 0 0 0
2.675000e-10 0 0 0 0
2.680000e-10 0 0 0 0
2.685000e-10 0 0 0 0
2.690000e-10 0 0 0 0
2.695000e-10 0 0 0 0
2.700000e-10 0 0 0 0
2.705000e-10 0 0 0 0
2.710000e-10 0 0 0 0
2.715000e-10 0 0 0 0
2.720000e-10 0 0 0 0
2.725000e-10 0 0 0 0
2.730000e-10 0 0 0 0
2.735000e-10 0 0 0 0
2.740000e-10 0 0 0 0
2.745000e-10 0 0 0 0
2.750000e-10 0 0 0 0
2.755000e-10 0 0 0 0
2.760000e-10 0 0 0 0
2.765000e-10 0 0 0 0
2.770000e-10 0 0 0 0
2.775000e-10 0 0 0 0
2.780000e-10 0 0 0 0
2.785000e-10 0 0 0 0
2.790000e-10 0 0 0 0
2.795000e-10 0 0 0 0
2.800000e-10 0 0 0 0
2.805000e-10 0 0 0 0
2.810000e-10 0 0 0 0
2.815000e-10 0 0 0 0
2.820000e-10 0 0 0 0
2.825000e-10 0 0 0 0
2.830000e-10 0 0 0 0
2.835000e-10 0 0 0 0
2.840000e-10 0 0 0 0
2.845000e-10 0 0 0 0
2.850000e-10 0 0 0 0
2.855000e-10 0 0 0 0
2.860000e-10 0 0 0 0
2.865000e-10 0 0 0 0
2.870000e-10 0 0 0 0
2.875000e-10 0 0 0 0
2.880000e-10 0 0 0 0
2.885000e-10 0 0 0 0
2.890000e-10 0 0 0 0
2.895000e-10 0 0 0 0
2.900000e-10 0 0 0 0
2.905000e-10 0 0 0 0
2.910000e-10 0 0 0 0
2.915000e-10 0 0 0 0
2.920000e-10 0 0 0 0
2.925000e-10 0 0 0 0
2.930000e-10 0 0 0 0
2.935000e-10 0 0 0 0
2.940000e-10 0 0 0 0
2.945000e-10 0 0 0 0
2.950000e-10 0 0 0 0
2.955000e-10 0 0 0 0
2.960000e-10 0 0 0 0
2.965000e-10 0 0 0 0
2.970000e-10 0 0 0 0
2.975000e-10 0 0 0 0
2.980000e-10 0 0 0 0
2.985000e-10 0 0 0 0
2.990000e-10 0 0 0 0
2.995000e-10 0 0 0 0
3.000000e-10 0 0 0 0
3.005000e-10 0 0 0 0
3.010000e-10 0 0 0 0
3.015000e-10 0 0 0 0
3.020000e-10 0 0 0 0
3.025000e-10 0 0 0 0
3.030000e-10 0 0 0 0
3.035000e-10 0 0 0 0
3.040000e-10 0 0 0 0
3.045000e-10 0 0 0 0
3.050000e-10 0 0 0 0
3.055000e-10 0 0 0 0
3.060000e-10 0 0 0 0
3.065000e-10 0 0 0 0
3.070000e-10 0 0 0 0
3.075000e-10 0 0 0 0
3.080000e-10 0 0 0 0
3.085000e-10 0 0 0 0
3.090000e-10 0 0 0 0
3.095000e-10 0 0 0 0
3.100000e-10 0 0 0 0
3.105000e-10 0 0 0 0
3.110000e-10 0 0 0 0
3.115000e-10 0 0 0 0
3.120000e-10 0 0 0 0
3.125000e-10 0 0 0 0
3.130000e-10 0 0 0 0
3.135000e-10 0 0 0 0
3.140000e-10 0 0 0 0
3.145000e-10 0 0 0 0
3.150000e-10 0 0 0 0
3.155000e-10 0 0 0 0
3.160000e-10 0 0 0 0
3.165000e-10 0 0 0 0
3.170000e-10 0 0 0 0
3.175000e-10 0 0 0 0
3.180000e-10 0 0 0 0
3.185000e-10 0 0 0 0
3.190000e-10 0 0 0 0
3.195000e-10 0 0 0 0
3.200000e-10 0 0 0 0
3.205000e-10 0 0 0 0
3.210000e-10 0 0 0 0
3.215000e-10 0 0 0 0
3.220000e-10 0 0 0 0
3.225000e-10 0 0 0 0
3.230000e-10 0 0 0 0
3.235000e-10 0 0 0 0
3.240000e-10 0 0 0 0
3.245000e-10 0 0 0 0
3.250000e-10 0 0 0 0
3.255000e-10 0 0 0 0
3.260000e-10 0 0 0 0
3.265000e-10 0 0 0 0
3.270000e-10 0 0 0 0
3.275000e-10 0 0 0 0
3.280000e-10 0 0 0 0
3.285000e-10 0 0 0 0
3.290000e-10 0 0 0 0
3.295000e-10 0 0 0 0
3.300000e-10 0 0 0 0
3.305000e-10 0 0 0 0
3.310000e-10 0 0 0 0
3.315000e-10 0 0 0 0
3.320000e-10 0 0 0 0
3.325000e-10 0 0 0 0
3.330000e-10 0 0 0 0
3.335000e-10 0 0 0 0
3.340000e-10 0 0 0 0
3.345000e-10 0 0 0 0
3.350000e-10 0 0 0 0
3.355000e-10 0 0 0 0
3.360000e-10 0 0 0 0
3.365000e-10 0 0 0 0
3.370000e-10 0 0 0 0
3.375000e-10 0 0 0 0
3.380000e-10 0 0 0 0
3.385000e-10 0 0 0 0
3.390000e-10 0 0 0 0
3.395000e-10 0 0 0 0
3.400000e-10 0 0 0 0
3.405000e-10 0 0 0 0
3.410000e-10 0 0 0 0
3.415000e-10 0 0 0 0
3.420000e-10 0 0 0 0
3.425000e-10 0 0 0 0
3.430000e-10 0 0 0 0
3.435000e-10 0 0 0 0
3.440000e-10 0 0 0 0
3.445000e-10 0 0 0 0
3.450000e-10 0 0 0 0
3.455000e-10 0 0 0 0
3.460000e-10 0 0 0 0
3.465000e-10 0 0 0 0
3.470000e-10 0 0 0 0
3.475000e-10 0 0 0 0
3.480000e-10 0 0 0 0
3.485000e-10 0 0 0 0
3.490000e-10 0 0 0 0
3.495000e-10 0 0 0 0
3.500000e-10 0 0 0 0
3.505000e-10 0 0 0 0
3.510000e-10 0 0 0 0
3.515000e-10 0 0 0 0
3.520000e-10 0 0 0 0
3.525000e-10 0 0 0 0
3.530000e-10 0 0 0 0
3.535000e-10 0 0 0 0
3.540000e-10 0 0 0 0
3.545000e-10 0 0 0 0
3.550000e-10 0 0 0 0
3.555000e-10 0 0 0 0
3.560000e-10 0 0 0 0
3.565000e-10 0 0 0 0
3.570000e-10 0 0 0 0
3.575000e-10 0 0 0 0
3.580000e-10 0 0 0 0
3.585000e-10 0 0 0 0
3.590000e-10 0 0 0 0
3.595000e-10 0 0 0 0
3.600000e-10 0 0 0 0
3.605000e-10 0 0 0 0
3.610000e-10 0 0 0 0
3.615000e-10 0 0 0 0
3.620000e-10 0 0 0 0
3.625000e-10 0 0 0 0
3.630000e-10 0 0 0 0
3.635000e-10 0 0 0 0
3.640000e-10 0 0 0 0
3.645000e-10 0 0 0 0
3.650000e-10 0 0 0 0
3.655000e-10 0 0 0 0
3.660000e-10 0 0 0 0
3.665000e-10 0 0 0 0
3.670000e-10 0 0 0 0
3.675000e-10 0 0 0 0
3.680000e-10 0 0 0 0
3.685000e-10 0 0 0 0
3.690000e-10 0 0 0 0
3.695000e-10 0 0 0 0
3.700000e-10 0 0 0 0
3.705000e-10 0 0 0 0
3.710000e-10 0 0 0 0
3.715000e-10 0 0 0 0
3.720000e-10 0 0 0 0
3.725000e-10 0 0 0 0
3.730000e-10 0 0 0 0
3.735000e-10 0 0 0 0
3.740000e-10 0 0 0 0
3.745000e-10 0 0 0 0
3.750000e-10 0 0 0 0
3.755000e-10 0 0 0 0
3.760000e-10 0 0 0 0
3.765000e-10 0 0 0 0
3.770000e-10 0 0 0 0
3.775000e-10 0 0 0 0
3.780000e-10 0 0 0 0
3.785000e-10 0 0 0 0
3.790000e-10 0 0 0 0
3.795000e-10 0 0 0 0
3.800000e-10 0 0 0 0
3.805000e-10 0 0 0 0
3.810000e-10 0 0 0 0
3.815000e-10 0 0 0 0
3.820000e-10 0 0 0 0
3.825000e-10 0 0 0 0
3.830000e-10 0 0 0 0
3.835000e-10 0 0 0 0
3.840000e-10 0 0 0 0
3.845000e-10 0 0 0 0
3.850000e-10 0 0 0 0
3.855000e-10 0 0 0 0
3.860000e-10 0 0 0 0
3.865000e-10 0 0 0 0
3.870000e-10 0 0 0 0
3.875000e-10 0 0 0 0
3.880000e-10 0 0 0 0
3.885000e-10 0 0 0 0
3.890000e-10 0 0 0 0
3.895000e-10 0 0 0 0
3.900000e-10 0 0 0 0
3.905000e-10 0 0 0 0
3.910000e-10 0 0 0 0
3.915000e-10 0 0 0 0
3.920000e-10 0 0 0 0
3.925000e-10 0 0 0 0
3.930000e-10 0 0 0 0
3.935000e-10 0 0 0 0
3.940000e-10 0 0 0 0
3.945000e-10 0 0 0 0
3.950000e-10 0 0 0 0
3.955000e-10 0 0 0 0
3.960000e-10 0 0 0 0
3.965000e-10 0 0 0 0
3.970000e-10 0 0 0 0
3.975000e-10 0 0 0 0
3.980000e-10 0 0 0 0
3.985000e-10 0 0 0 0
3.990000e-10 0 0 0 0
3.995000e-10 0 0 0 0
4.000000e-10 0 0 0 0
4.005000e-10 0 0 0 0
4.010000e-10 0 0 0 0
4.015000e-10 0 0 0 0
4.020000e-10 0 0 0 0
4.025000e-10 0 0 0 0
4.030000e-10 0 0 0 0
4.035000e-10 0 0 0 0
4.040000e-10 0 0 0 0
4.045000e-10 0 0 0 0
4.050000e-10 0 0 0 0
4.055000e-10 0 0 0 0
4.060000e-10 0 0 0 0
4.065000e-10 0 0 0 0
4.070000e-10 0 0 0 0
4.075000e-10 0 0 0 0
4.080000e-10 0 0 0 0
4.085000e-10 0 0 0 0
4.090000e-10 0 0 0 0
4.095000e-10 0 0 0 0
4.100000e-10 0 0 0 0
4.105000e-10 0 0 0 0
4.110000e-10 0 0 0 0
4.115000e-10 0 0 0 0
4.120000e-10 0 0 0 0
4.125000e-10 0 0 0 0
4.130000e-10 0 0 0 0
4.135000e-10 0 0 0 0
4.140000e-10 0 0 0 0
4.145000e-10 0 0 0 0
4.150000e-10 0 0 0 0
4.155000e-10 0 0 0 0
4.160000e-10 0 0 0 0
4.165000e-10 0 0 0 0
4.170000e-10 0 0 0 0
4.175000e-10 0 0 0 0
4.180000e-10 0 0 0 0
4.185000e-10 0 0 0 0
4.190000e-10 0 0 0 0
4.195000e-10 0 0 0 0
4.200000e-10 0 0 0 0
4.205000e-10 0 0 0 0
4.210000e-10 0 0 0 0
4.215000e-10 0 0 0 0
4.220000e-10 0 0 0 0
4.225000e-10 0 0 0 0
4.230000e-10 0 0 0 0
4.235000e-10 0 0 0 0
4.240000e-10 0 0 0 0
4.245000e-10 0 0 0 0
4.250000e-10 0 0 0 0
4.255000e-10 0 0 0 0
4.260000e-10 0 0 0 0
4.265000e-10 0 0 0 0
4.270000e-10 0 0 0 0
4.275000e-10 0 0 0 0
4.280000e-10 0 0 0 0
4.285000e-10 0 0 0 0
4.290000e-10 0 0 0 0
4.295000e-10 0 0 0 0
4.300000e-10 0 0 0 0
4.305000e-10 0 0 0 0
4.310000e-10 0 0 0 0
4.315000e-10 0 0 0 0
4.320000e-10 0 0 0 0
4.325000e-10 0 0 0 0
4.330000e-10 0 0 0 0
4.335000e-10 0 0 0 0
4.340000e-10 0 0 0 0
4.345000e-10 0 0 0 0
4.350000e-10 0 0 0 0
4.355000e-10 0 0 0 0
4.360000e-10 0 0 0 0
4.365000e-10 0 0 0 0
4.370000e-10 0 0 0 0
4.375000e-10 0 0 0 0
4.380000e-10 0 0 0 0
4.385000e-10 0 0 0 0
4.390000e-10 0 0 0 0
4.395000e-10 0 0 0 0
4.400000e-10 0 0 0 0
4.405000e-10 0 0 0 0
4.410000e-10 0 0 0 0
4.415000e-10 0 0 0 0
4.420000e-10 0 0 0 0
4.425000e-10 0 0 0 0
4.430000e-10 0 0 0 0
4.435000e-10 0 0 0 0
4.440000e-10 0 0 0 0
4.445000e-10 0 0 0 0
4.450000e-10 0 0 0 0
4.455000e-10 0 0 0 0
4.460000e-10 0 0 0 0
4.465000e-10 0 0 0 0
4.470000e-10 0 0 0 0
4.475000e-10 0 0 0 0
4.480000e-10 0 0 0 0
4.485000e-10 0 0 0 0
4.490000e-10 0 0 0 0
4.495000e-10 0 0 0 0
4.500000e-10 0 0 0 0
4.505000e-10 0 0 0 0
4.510000e-10 0 0 0 0
4.515000e-10 0 0 0 0
4.520000e-10 0 0 0 0
4.525000e-10 0 0 0 0
4.530000e-10 0 0 0 0
4.535000e-10 0 0 0 0
4.540000e-10 0 0 0 0
4.545000e-10 0 0 0 0
4.550000e-10 0 0 0 0
4.555000e-10 0 0 0 0
4.560000e-10 0 0 0 0
4.565000e-10 0 0 0 0
4.570000e-10 0 0 0 0
4.575000e-10 0 0 0 0
4.580000e-10 0 0 0 0
4.585000e-10 0 0 0 0
4.590000e-10 0 0 0 0
4.595000e-10 0 0 0 0
4.600000e-10 0 0 0 0
4.605000e-10 0 0 0 0
4.610000e-10 0 0 0 0
4.615000e-10 0 0 0 0
4.620000e-10 0 0 0 0
4.625000e-10 0 0 0 0
4.630000e-10 0 0 0 0
4.635000e-10 0 0 0 0
4.640000e-10 0 0 0 0
4.645000e-10 0 0 0 0
4.650000e-10 0 0 0 0
4.655000e-10 0 0 0 0
4.660000e-10 0 0 0 0
4.665000e-10 0 0 0 0
4.670000e-10 0 0 0 0
4.675000e-10 0 0 0 0
4.680000e-10 0 0 0 0
4.685000e-10 0 0 0 0
4.690000e-10 0 0 0 0
4.695000e-10 0 0 0 0
4.700000e-10 0 0 0 0
4.705000e-10 0 0 0 0
4.710000e-10 0 0 0 0
4.715000e-10 0 0 0 0
4.720000e-10 0 0 0 0
4.725000e-10 0 0 0 0
4.730000e-10 0 0 0 0
4.735000e-10 0 0 0 0
4.740000e-10 0 0 0 0
4.745000e-10 0 0 0 0
4.750000e-10 0 0 0 0
4.755000e-10 0 0 0 0
4.760000e-10 0 0 0 0
4.765000e-10 0 0 0 0
4.770000e-10 0 0 0 0
4.775000e-10 0 0 0 0
4.780000e-10 0 0 0 0
4.785000e-10 0 0 0 0
4.790000e-10 0 0 0 0
4.795000e-10 0 0 0 0
4.800000e-10 0 0 0 0
4.805000e-10 0 0 0 0
4.810000e-10 0 0 0 0
4.815000e-10 0 0 0 0
4.820000e-10 0 0 0 0
4.825000e-10 0 0 0 0
4.830000e-10 0 0 0 0
4.835000e-10 0 0 0 0
4.840000e-10 0 0 0 0
4.845000e-10 0 0 0 0
4.850000e-10 0 0 0 0
4.855000e-10 0 0 0 0
4.860000e-10 0 0 0 0
4.865000e-10 0 0 0 0
4.870000e-10 0 0 0 0
4.875000e-10 0 0 0 0
4.880000e-10 0 0 0 0
4.885000e-10 0 0 0 0
4.890000e-10 0 0 0 0
4.895000e-10 0 0 0 0
4.900000e-10 0 0 0 0
4.905000e-10 0 0 0 0
4.910000e-10 0 0 0 0
4.915000e-10 0 0 0 0
4.920000e-10 0 0 0 0
4.925000e-10 0 0 0 0
4.930000e-10 0 0 0 0
4.935000e-10 0 0 0 0
4.940000e-10 0 0 0 0
4.945000e-10 0 0 0 0
4.950000e-10 0 0 0 0
4.955000e-10 0 0 0 0
4.960000e-10 0 0 0 0
4.965000e-10 0 0 0 0
4.970000e-10 0 0 0 0
4.975000e-10 0 0 0 0
4.980000e-10 0 0 0 0
4.985000e-10 0 0 0 0
4.990000e-10 0 0 0 0
4.995000e-10 0 0 0 0
5.000000e-10 0 0 0 0
5.005000e-10 0 0 0 0
5.010000e-10 0 0 0 0
5.015000e-10 0 0 0 0
5.020000e-10 0 0 0 0
5.025000e-10 0 0 0 0
5.030000e-10 0 0 0 0
5.035000e-10 0 0 0 0
5.040000e-10 0 0 0 0
5.045000e-10 0 0 0 0
5.050000e-10 0 0 0 0
5.055000e-10 0 0 0 0
5.060000e-10 0 0 0 0
5.065000e-10 0 0 0 0
5.070000e-10 0 0 0 0
5.075000e-10 0 0 0 0
5.080000e-10 0 0 0 0
5.085000e-10 0 0 0 0
5.090000e-10 0 0 0 0
5.095000e-10 0 0 0 0
5.100000e-10 0 0 0 0
5.105000e-10 0 0 0 0
5.110000e-10 0 0 0 0
5.115000e-10 0 0 0 0
5.120000e-10 0 0 0 0
5.125000e-10 0 0 0 0
5.130000e-10 0 0 0 0
5.135000e-10 0 0 0 0
5.140000e-10 0 0 0 0
5.145000e-10 0 0 0 0
5.150000e-10 0 0 0 0
5.155000e-10 0 0 0 0
5.160000e-10 0 0 0 0
5.165000e-10 0 0 0 0
5.170000e-10 0 0 0 0
5.175000e-10 0 0 0 0
5.180000e-10 0 0 0 0
5.185000e-10 0 0 0 0
5.190000e-10 0 0 0 0
5.195000e-10 0 0 0 0
5.200000e-10 0 0 0 0
5.205000e-10 0 0 0 0
5.210000e-10 0 0 0 0
5.215000e-10 0 0 0 0
5.220000e-10 0 0 0 0
5.225000e-10 0 0 0 0
5.230000e-10 0 0 0 0
5.235000e-10 0 0 0 0
5.240000e-10 0 0 0 0
5.245000e-10 0 0 0 0
5.250000e-10 0 0 0 0
5.255000e-10 0 0 0 0
5.260000e-10 0 0 0 0
5.265000e-10 0 0 0 0
5.270000e-10 0 0 0 0
5.275000e-10 0 0 0 0
5.280000e-10 0 0 0 0
5.285000e-10 0 0 0 0
5.290000e-10 0 0 0 0
5.295000e-10 0 0 0 0
5.300000e-10 0 0 0 0
5.305000e-10 0 0 0 0
5.310000e-10 0 0 0 0
5.315000e-10 0 0 0 0
5.320000e-10 0 0 0 0
5.325000e-10 0 0 0 0
5.330000e-10 0 0 0 0
5.335000e-10 0 0 0 0
5.340000e-10 0 0 0 0
5.345000e-10 0 0 0 0
5.350000e-10 0 0 0 0
5.355000e-10 0 0 0 0
5.360000e-10 0 0 0 0
5.365000e-10 0 0 0 0
5.370000e-10 0 0 0 0
5.375000e-10 0 0 0 0
5.380000e-10 0 0 0 0
5.385000e-10 0 0 0 0
5.390000e-10 0 0 0 0
5.395000e-10 0 0 0 0
5.400000e-10 0 0 0 0
5.405000e-10 0 0 0 0
5.410000e-10 0 0 0 0
5.415000e-10 0 0 0 0
5.420000e-10 0 0 0 0
5.425000e-10 0 0 0 0
5.430000e-10 0 0 0 0
5.435000e-10 0 0 0 0
5.440000e-10 0 0 0 0
5.445000e-10 0 0 0 0
5.450000e-10 0 0 0 0
5.455000e-10 0 0 0 0
5.460000e-10 0 0 0 0
5.465000e-10 0 0 0 0
5.470000e-10 0 0 0 0
5.475000e-10 0 0 0 0
5.480000e-10 0 0 0 0
5.485000e-10 0 0 0 0
5.490000e-10 0 0 0 0
5.495000e-10 0 0 0 0
5.505000e-10 1.000000e-25 0 0 0
5.510000e-10 2.169698e-05 0 0 0
5.515000e-10 3.020845e-05 0 0 0
5.520000e-10 3.642404e-05 0 0 0
5.525000e-10 4.140680e-05 0 0 0
5.530000e-10 4.557649e-05 0 0 0
5.535000e-10 4.915250e-05 0 0 0
5.540000e-10 5.226767e-05 0 0 0
5.545000e-10 5.501021e-05 0 0 0
5.550000e-10 5.744255e-05 0 0 0
5.555000e-10 5.961102e-05 0 0 0
5.560000e-10 6.155128e-05 0 0 0
5.565000e-10 6.329152e-05 0 0 0
5.570000e-10 6.485459e-05 0 0 0
5.575000e-10 6.625935e-05 0 0 0
5.580000e-10 6.752164e-05 0 0 0
5.585000e-10 6.865489e-05 0 0 0
5.590000e-10 6.967069e-05 0 0 0
5.595000e-10 7.057909e-05 0 0 0
5.600000e-10 7.138891e-05 0 0 0
5.605000e-10 7.210794e-05 0 0 0
5.610000e-10 7.274311e-05 0 0 0
5.615000e-10 7.330063e-05 0 0 0
5.620000e-10 7.378608e-05 0 0 0
5.625000e-10 7.420451e-05 0 0 0
5.630000e-10 7.456050e-05 0 0 0
5.635000e-10 7.485824e-05 0 0 0
5.640000e-10 7.510157e-05 0 0 0
5.645000e-10 7.529398e-05 0 0 0
5.650000e-10 7.543874e-05 0 0 0
5.655000e-10 7.553882e-05 0 0 0
5.660000e-10 7.559700e-05 0 0 0
5.665000e-10 7.561585e-05 0 0 0
5.670000e-10 7.559777e-05 0 0 0
5.675000e-10 7.554498e-05 0 0 0
5.680000e-10 7.545957e-05 0 0 0
5.685000e-10 7.534348e-05 0 0 0
5.690000e-10 7.519855e-05 0 0 0
5.695000e-10 7.502648e-05 0 0 0
5.700000e-10 7.482887e-05 0 0 0
5.705000e-10 7.460725e-05 0 0 0
5.710000e-10 7.436304e-05 0 0 0
5.715000e-10 7.409757e-05 0 0 0
5.720000e-10 7.381213e-05 0 0 0
5.725000e-10 7.350789e-05 0 0 0
5.730000e-10 7.318601e-05 0 0 0
5.735000e-10 7.284753e-05 0 0 0
5.740000e-10 7.249349e-05 0 0 0
5.745000e-10 7.212484e-05 0 0 0
5.750000e-10 7.174249e-05 0 0 0
5.755000e-10 7.134730e-05 0 0 0
5.760000e-10 7.094010e-05 0 0 0
5.765000e-10 7.052166e-05 0 0 0
5.770000e-10 7.009272e-05 0 0 0
5.775000e-10 6.965399e-05 0 0 0
5.780000e-10 6.920614e-05 0 0 0
5.785000e-10 6.874980e-05 0 0 0
5.790000e-10 6.828558e-05 0 0 0
5.795000e-10 6.781406e-05 0 0 0
5.800000e-10 6.733578e-05 0 0 0
5.805000e-10 6.685127e-05 0 0 0
5.810000e-10 6.636103e-05 0 0 0
5.815000e-10 6.586553e-05 0 0 0
5.820000e-10 6.536522e-05 0 0 0
5.825000e-10 6.486055e-05 0 0 0
5.830000e-10 6.435191e-05 0 0 0
5.835000e-10 6.383971e-05 0 0 0
5.840000e-10 6.332431e-05 0 0 0
5.845000e-10 6.280608e-05 0 0 0
5.850000e-10 6.228535e-05 0 0 0
5.855000e-10 6.176245e-05 0 0 0
5.860000e-10 6.123769e-05 0 0 0
5.865000e-10 6.071137e-05 0 0 0
5.870000e-10 6.018377e-05 0 0 0
5.875000e-10 5.965515e-05 0 0 0
5.880000e-10 5.912578e-05 0 0 0
5.885000e-10 5.859590e-05 0 0 0
5.890000e-10 5.806573e-05 0 0 0
5.895000e-10 5.753551e-05 0 0 0
5.900000e-10 5.700545e-05 0 0 0
5.905000e-10 5.647575e-05 0 0 0
5.910000e-10 5.594659e-05 0 0 0
5.915000e-10 5.541817e-05 0 0 0
5.920000e-10 5.489066e-05 0 0 0
5.925000e-10 5.436423e-05 0 0 0
5.930000e-10 5.383903e-05 0 0 0
5.935000e-10 5.331521e-05 0 0 0
5.940000e-10 5.279292e-05 0 0 0
5.945000e-10 5.227229e-05 0 0 0
5.950000e-10 5.175345e-05 0 0 0
5.955000e-10 5.123653e-05 0 0 0
5.960000e-10 5.072164e-05 0 0 0
5.965000e-10 5.020890e-05 0 0 0
5.970000e-10 4.969840e-05 0 0 0
5.975000e-10 4.919025e-05 0 0 0
5.980000e-10 4.868454e-05 0 0 0
5.985000e-10 4.818135e-05 0 0 0
5.990000e-10 4.768078e-05 0 0 0
5.995000e-10 4.718291e-05 0 0 0
6.005000e-10 4.668780e-05 1.000000e-25 0 0
6.010000e-10 4.619553e-05 2.169698e-05 0 0
6.015000e-10 4.570617e-05 3.020845e-05 0 0
6.020000e-10 4.521977e-05 3.642404e-05 0 0
6.025000e-10 4.473640e-05 4.140680e-05 0 0
6.030000e-10 4.425611e-05 4.557649e-05 0 0
6.035000e-10 4.377895e-05 4.915250e-05 0 0
6.040000e-10 4.330498e-05 5.226767e-05 0 0
6.045000e-10 4.283422e-05 5.501021e-05 0 0
6.050000e-10 4.236674e-05 5.744255e-05 0 0
6.055000e-10 4.190256e-05 5.961102e-05 0 0
6.060000e-10 4.144172e-05 6.155128e-05 0 0
6.065000e-10 4.098426e-05 6.329152e-05 0 0
6.070000e-10 4.053020e-05 6.485459e-05 0 0
6.075000e-10 4.007958e-05 6.625935e-05 0 0
6.080000e-10 3.963241e-05 6.752164e-05 0 0
6.085000e-10 3.918872e-05 6.865489e-05 0 0
6.090000e-10 3.874854e-05 6.967069e-05 0 0
6.095000e-10 3.831188e-05 7.057909e-05 0 0
6.100000e-10 3.787875e-05 7.138891e-05 0 0
6.105000e-10 3.744918e-05 7.210794e-05 0 0
6.110000e-10 3.702317e-05 7.274311e-05 0 0
6.115000e-10 3.660073e-05 7.330063e-05 0 0
6.120000e-10 3.618188e-05 7.378608e-05 0 0
6.125000e-10 3.576662e-05 7.420451e-05 0 0
6.130000e-10 3.535496e-05 7.456050e-05 0 0
6.135000e-10 3.494690e-05 7.485824e-05 0 0
6.140000e-10 3.454245e-05 7.510157e-05 0 0
6.145000e-10 3.414160e-05 7.529398e-05 0 0
6.150000e-10 3.374435e-05 7.543874e-05 0 0
6.155000e-10 3.335071e-05 7.553882e-05 0 0
6.160000e-10 3.296068e-05 7.559700e-05 0 0
6.165000e-10 3.257424e-05 7.561585e-05 0 0
6.170000e-10 3.219139e-05 7.559777e-05 0 0
6.175000e-10 3.181213e-05 7.554498e-05 0 0
6.180000e-10 3.143644e-05 7.545957e-05 0 0
6.185000e-10 3.106433e-05 7.534348e-05 0 0
6.190000e-10 3.069579e-05 7.519855e-05 0 0
6.195000e-10 3.033079e-05 7.502648e-05 0 0
6.200000e-10 2.996934e-05 7.482887e-05 0 0
6.205000e-10 2.961142e-05 7.460725e-05 0 0
6.210000e-10 2.925701e-05 7.436304e-05 0 0
6.215000e-10 2.890611e-05 7.409757e-05 0 0
6.220000e-10 2.855870e-05 7.381213e-05 0 0
6.225000e-10 2.821476e-05 7.350789e-05 0 0
6.230000e-10 2.787429e-05 7.318601e-05 0 0
6.235000e-10 2.753726e-05 7.284753e-05 0 0
6.240000e-10 2.720365e-05 7.249349e-05 0 0
6.245000e-10 2.687346e-05 7.212484e-05 0 0
6.250000e-10 2.654666e-05 7.174249e-05 0 0
6.255000e-10 2.622324e-05 7.134730e-05 0 0
6.260000e-10 2.590318e-05 7.094010e-05 0 0
6.265000e-10 2.558645e-05 7.052166e-05 0 0
6.270000e-10 2.527304e-05 7.009272e-05 0 0
6.275000e-10 2.496293e-05 6.965399e-05 0 0
6.280000e-10 2.465610e-05 6.920614e-05 0 0
6.285000e-10 2.435253e-05 6.874980e-05 0 0
6.290000e-10 2.405219e-05 6.828558e-05 0 0
6.295000e-10 2.375507e-05 6.781406e-05 0 0
6.300000e-10 2.346114e-05 6.733578e-05 0 0
6.305000e-10 2.317039e-05 6.685127e-05 0 0
6.310000e-10 2.288279e-05 6.636103e-05 0 0
6.315000e-10 2.259831e-05 6.586553e-05 0 0
6.320000e-10 2.231694e-05 6.536522e-05 0 0
6.325000e-10 2.203866e-05 6.486055e-05 0 0
6.330000e-10 2.176343e-05 6.435191e-05 0 0
6.335000e-10 2.149125e-05 6.383971e-05 0 0
6.340000e-10 2.122207e-05 6.332431e-05 0 0
6.345000e-10 2.095589e-05 6.280608e-05 0 0
6.350000e-10 2.069268e-05 6.228535e-05 0 0
6.355000e-10 2.043241e-05 6.176245e-05 0 0
6.360000e-10 2.017506e-05 6.123769e-05 0 0
6.365000e-10 1.992061e-05 6.071137e-05 0 0
6.370000e-10 1.966903e-05 6.018377e-05 0 0
6.375000e-10 1.942030e-05 5.965515e-05 0 0
6.380000e-10 1.917439e-05 5.912578e-05 0 0
6.385000e-10 1.893129e-05 5.859590e-05 0 0
6.390000e-10 1.869096e-05 5.806573e-05 0 0
6.395000e-10 1.845339e-05 5.753551e-05 0 0
6.400000e-10 1.821854e-05 5.700545e-05 0 0
6.405000e-10 1.798640e-05 5.647575e-05 0 0
6.410000e-10 1.775694e-05 5.594659e-05 0 0
6.415000e-10 1.753014e-05 5.541817e-05 0 0
6.420000e-10 1.730597e-05 5.489066e-05 0 0
6.425000e-10 1.708441e-05 5.436423e-05 0 0
6.430000e-10 1.686543e-05 5.383903e-05 0 0
6.435000e-10 1.664901e-05 5.331521e-05 0 0
6.440000e-10 1.643513e-05 5.279292e-05 0 0
6.445000e-10 1.622377e-05 5.227229e-05 0 0
6.450000e-10 1.601489e-05 5.175345e-05 0 0
6.455000e-10 1.580848e-05 5.123653e-05 0 0
6.460000e-10 1.560451e-05 5.072164e-05 0 0
6.465000e-10 1.540296e-05 5.020890e-05 0 0
6.470000e-10 1.520380e-05 4.969840e-05 0 0
6.475000e-10 1.500702e-05 4.919025e-05 0 0
6.480000e-10 1.481258e-05 4.868454e-05 0 0
6.485000e-10 1.462047e-05 4.818135e-05 0 0
6.490000e-10 1.443066e-05 4.768078e-05 0 0
6.495000e-10 1.424313e-05 4.718291e-05 0 0
6.500000e-10 1.405786e-05 4.668780e-05 0 0
6.505000e-10 1.387482e-05 4.619553e-05 0 0
6.510000e-10 1.369398e-05 4.570617e-05 0 0
6.515000e-10 1.351534e-05 4.521977e-05 0 0
6.520000e-10 1.333886e-05 4.473640e-05 0 0
6.525000e-10 1.316453e-05 4.425611e-05 0 0
6.530000e-10 1.299231e-05 4.377895e-05 0 0
6.535000e-10 1.282220e-05 4.330498e-05 0 0
6.540000e-10 1.265416e-05 4.283422e-05 0 0
6.545000e-10 1.248818e-05 4.236674e-05 0 0
6.550000e-10 1.232423e-05 4.190256e-05 0 0
6.555000e-10 1.216229e-05 4.144172e-05 0 0
6.560000e-10 1.200234e-05 4.098426e-05 0 0
6.565000e-10 1.184436e-05 4.053020e-05 0 0
6.570000e-10 1.168833e-05 4.007958e-05 0 0
6.575000e-10 1.153423e-05 3.963241e-05 0 0
6.580000e-10 1.138203e-05 3.918872e-05 0 0
6.585000e-10 1.123172e-05 3.874854e-05 0 0
6.590000e-10 1.108327e-05 3.831188e-05 0 0
6.595000e-10 1.093667e-05 3.787875e-05 0 0
6.600000e-10 1.079190e-05 3.744918e-05 0 0
6.605000e-10 1.064892e-05 3.702317e-05 0 0
6.610000e-10 1.050774e-05 3.660073e-05 0 0
6.615000e-10 1.036831e-05 3.618188e-05 0 0
6.620000e-10 1.023064e-05 3.576662e-05 0 0
6.625000e-10 1.009468e-05 3.535496e-05 0 0
6.630000e-10 9.960438e-06 3.494690e-05 0 0
6.635000e-10 9.827879e-06 3.454245e-05 0 0
6.640000e-10 9.696990e-06 3.414160e-05 0 0
6.645000e-10 9.567749e-06 3.374435e-05 0 0
6.650000e-10 9.440140e-06 3.335071e-05 0 0
6.655000e-10 9.314143e-06 3.296068e-05 0 0
6.660000e-10 9.189740e-06 3.257424e-05 0 0
6.665000e-10 9.066913e-06 3.219139e-05 0 0
6.670000e-10 8.945644e-06 3.181213e-05 0 0
6.675000e-10 8.825914e-06 3.143644e-05 0 0
6.680000e-10 8.707707e-06 3.106433e-05 0 0
6.685000e-10 8.591005e-06 3.069579e-05 0 0
6.690000e-10 8.475790e-06 3.033079e-05 0 0
6.695000e-10 8.362045e-06 2.996934e-05 0 0
6.700000e-10 8.249754e-06 2.961142e-05 0 0
6.705000e-10 8.138898e-06 2.925701e-05 0 0
6.710000e-10 8.029461e-06 2.890611e-05 0 0
6.715000e-10 7.921428e-06 2.855870e-05 0 0
6.720000e-10 7.814780e-06 2.821476e-05 0 0
6.725000e-10 7.709503e-06 2.787429e-05 0 0
6.730000e-10 7.605579e-06 2.753726e-05 0 0
6.735000e-10 7.502994e-06 2.720365e-05 0 0
6.740000e-10 7.401730e-06 2.687346e-05 0 0
6.745000e-10 7.301773e-06 2.654666e-05 0 0
6.750000e-10 7.203106e-06 2.622324e-05 0 0
6.755000e-10 7.105715e-06 2.590318e-05 0 0
6.760000e-10 7.009585e-06 2.558645e-05 0 0
6.765000e-10 6.914699e-06 2.527304e-05 0 0
6.770000e-10 6.821044e-06 2.496293e-05 0 0
6.775000e-10 6.728604e-06 2.465610e-05 0 0
6.780000e-10 6.637365e-06 2.435253e-05 0 0
6.785000e-10 6.547313e-06 2.405219e-05 0 0
6.790000e-10 6.458433e-06 2.375507e-05 0 0
6.795000e-10 6.370711e-06 2.346114e-05 0 0
6.800000e-10 6.284132e-06 2.317039e-05 0 0
6.805000e-10 6.198684e-06 2.288279e-05 0 0
6.810000e-10 6.114352e-06 2.259831e-05 0 0
6.815000e-10 6.031123e-06 2.231694e-05 0 0
6.820000e-10 5.948983e-06 2.203866e-05 0 0
6.825000e-10 5.867919e-06 2.176343e-05 0 0
6.830000e-10 5.787917e-06 2.149125e-05 0 0
6.835000e-10 5.708966e-06 2.122207e-05 0 0
6.840000e-10 5.631051e-06 2.095589e-05 0 0
6.845000e-10 5.554161e-06 2.069268e-05 0 0
6.850000e-10 5.478282e-06 2.043241e-05 0 0
6.855000e-10 5.403402e-06 2.017506e-05 0 0
6.860000e-10 5.329508e-06 1.992061e-05 0 0
6.865000e-10 5.256589e-06 1.966903e-05 0 0
6.870000e-10 5.184633e-06 1.942030e-05 0 0
6.875000e-10 5.113627e-06 1.917439e-05 0 0
6.880000e-10 5.043559e-06 1.893129e-05 0 0
6.885000e-10 4.974419e-06 1.869096e-05 0 0
6.890000e-10 4.906194e-06 1.845339e-05 0 0
6.895000e-10 4.838872e-06 1.821854e-05 0 0
6.900000e-10 4.772444e-06 1.798640e-05 0 0
6.905000e-10 4.706897e-06 1.775694e-05 0 0
6.910000e-10 4.642220e-06 1.753014e-05 0 0
6.915000e-10 4.578403e-06 1.730597e-05 0 0
6.920000e-10 4.515435e-06 1.708441e-05 0 0
6.925000e-10 4.453305e-06 1.686543e-05 0 0
6.930000e-10 4.392002e-06 1.664901e-05 0 0
6.935000e-10 4.331516e-06 1.643513e-05 0 0
6.940000e-10 4.271837e-06 1.622377e-05 0 0
6.945000e-10 4.212954e-06 1.601489e-05 0 0
6.950000e-10 4.154858e-06 1.580848e-05 0 0
6.955000e-10 4.097538e-06 1.560451e-05 0 0
6.960000e-10 4.040985e-06 1.540296e-05 0 0
6.965000e-10 3.985189e-06 1.520380e-05 0 0
6.970000e-10 3.930139e-06 1.500702e-05 0 0
6.975000e-10 3.875828e-06 1.481258e-05 0 0
6.980000e-10 3.822245e-06 1.462047e-05 0 0
6.985000e-10 3.769380e-06 1.443066e-05 0 0
6.990000e-10 3.717226e-06 1.424313e-05 0 0
6.995000e-10 3.665772e-06 1.405786e-05 0 0
7.000000e-10 3.615010e-06 1.387482e-05 0 0
7.005000e-10 3.564931e-06 1.369398e-05 0 0
7.010000e-10 3.515526e-06 1.351534e-05 0 0
7.015000e-10 3.466787e-06 1.333886e-05 0 0
7.020000e-10 3.418704e-06 1.316453e-05 0 0
7.025000e-10 3.371270e-06 1.299231e-05 0 0
7.030000e-10 3.324475e-06 1.282220e-05 0 0
7.035000e-10 3.278313e-06 1.265416e-05 0 0
7.040000e-10 3.232774e-06 1.248818e-05 0 0
7.045000e-10 3.187850e-06 1.232423e-05 0 0
7.050000e-10 3.143535e-06 1.216229e-05 0 0
7.055000e-10 3.099819e-06 1.200234e-05 0 0
7.060000e-10 3.056695e-06 1.184436e-05 0 0
7.065000e-10 3.014155e-06 1.168833e-05 0 0
7.070000e-10 2.972192e-06 1.153423e-05 0 0
7.075000e-10 2.930798e-06 1.138203e-05 0 0
7.080000e-10 2.889965e-06 1.123172e-05 0 0
7.085000e-10 2.849687e-06 1.108327e-05 0 0
7.090000e-10 2.809957e-06 1.093667e-05 0 0
7.095000e-10 2.770766e-06 1.079190e-05 0 0
7.100000e-10 2.732109e-06 1.064892e-05 0 0
7.105000e-10 2.693977e-06 1.050774e-05 0 0
7.110000e-10 2.656365e-06 1.036831e-05 0 0
7.115000e-10 2.619264e-06 1.023064e-05 0 0
7.120000e-10 2.582670e-06 1.009468e-05 0 0
7.125000e-10 2.546575e-06 9.960438e-06 0 0
7.130000e-10 2.510972e-06 9.827879e-06 0 0
7.135000e-10 2.475854e-06 9.696990e-06 0 0
7.140000e-10 2.441217e-06 9.567749e-06 0 0
7.145000e-10 2.407053e-06 9.440140e-06 0 0
7.150000e-10 2.373356e-06 9.314143e-06 0 0
7.155000e-10 2.340119e-06 9.189740e-06 0 0
7.160000e-10 2.307338e-06 9.066913e-06 0 0
7.165000e-10 2.275005e-06 8.945644e-06 0 0
7.170000e-10 2.243115e-06 8.825914e-06 0 0
7.175000e-10 2.211662e-06 8.707707e-06 0 0
7.180000e-10 2.180640e-06 8.591005e-06 0 0
7.185000e-10 2.150044e-06 8.475790e-06 0 0
7.190000e-10 2.119867e-06 8.362045e-06 0 0
7.195000e-10 2.090105e-06 8.249754e-06 0 0
7.200000e-10 2.060752e-06 8.138898e-06 0 0
7.205000e-10 2.031802e-06 8.029461e-06 0 0
7.210000e-10 2.003250e-06 7.921428e-06 0 0
7.215000e-10 1.975091e-06 7.814780e-06 0 0
7.220000e-10 1.947319e-06 7.709503e-06 0 0
7.225000e-10 1.919929e-06 7.605579e-06 0 0
7.230000e-10 1.892917e-06 7.502994e-06 0 0
7.235000e-10 1.866276e-06 7.401730e-06 0 0
7.240000e-10 1.840003e-06 7.301773e-06 0 0
7.245000e-10 1.814093e-06 7.203106e-06 0 0
7.250000e-10 1.788539e-06 7.105715e-06 0 0
7.255000e-10 1.763339e-06 7.009585e-06 0 0
7.260000e-10 1.738486e-06 6.914699e-06 0 0
7.265000e-10 1.713976e-06 6.821044e-06 0 0
7.270000e-10 1.689806e-06 6.728604e-06 0 0
7.275000e-10 1.665969e-06 6.637365e-06 0 0
7.280000e-10 1.642462e-06 6.547313e-06 0 0
7.285000e-10 1.619280e-06 6.458433e-06 0 0
7.290000e-10 1.596420e-06 6.370711e-06 0 0
7.295000e-10 1.573875e-06 6.284132e-06 0 0
7.300000e-10 1.551643e-06 6.198684e-06 0 0
7.305000e-10 1.529719e-06 6.114352e-06 0 0
7.310000e-10 1.508099e-06 6.031123e-06 0 0
7.315000e-10 1.486779e-06 5.948983e-06 0 0
7.320000e-10 1.465754e-06 5.867919e-06 0 0
7.325000e-10 1.445022e-06 5.787917e-06 0 0
7.330000e-10 1.424577e-06 5.708966e-06 0 0
7.335000e-10 1.404416e-06 5.631051e-06 0 0
7.340000e-10 1.384535e-06 5.554161e-06 0 0
7.345000e-10 1.364931e-06 5.478282e-06 0 0
7.350000e-10 1.345599e-06 5.403402e-06 0 0
7.355000e-10 1.326536e-06 5.329508e-06 0 0
7.360000e-10 1.307739e-06 5.256589e-06 0 0
7.365000e-10 1.289203e-06 5.184633e-06 0 0
7.370000e-10 1.270925e-06 5.113627e-06 0 0
7.375000e-10 1.252902e-06 5.043559e-06 0 0
7.380000e-10 1.235130e-06 4.974419e-06 0 0
7.385000e-10 1.217605e-06 4.906194e-06 0 0
7.390000e-10 1.200325e-06 4.838872e-06 0 0
7.395000e-10 1.183286e-06 4.772444e-06 0 0
7.400000e-10 1.166485e-06 4.706897e-06 0 0
7.405000e-10 1.149919e-06 4.642220e-06 0 0
7.410000e-10 1.133583e-06 4.578403e-06 0 0
7.415000e-10 1.117476e-06 4.515435e-06 0 0
7.420000e-10 1.101594e-06 4.453305e-06 0 0
7.425000e-10 1.085934e-06 4.392002e-06 0 0
7.430000e-10 1.070493e-06 4.331516e-06 0 0
7.435000e-10 1.055268e-06 4.271837e-06 0 0
7.440000e-10 1.040256e-06 4.212954e-06 0 0
7.445000e-10 1.025454e-06 4.154858e-06 0 0
7.450000e-10 1.010859e-06 4.097538e-06 0 0
7.455000e-10 9.964689e-07 4.040985e-06 0 0
7.460000e-10 9.822802e-07 3.985189e-06 0 0
7.465000e-10 9.682904e-07 3.930139e-06 0 0
7.470000e-10 9.544967e-07 3.875828e-06 0 0
7.475000e-10 9.408964e-07 3.822245e-06 0 0
7.480000e-10 9.274869e-07 3.769380e-06 0 0
7.485000e-10 9.142656e-07 3.717226e-06 0 0
7.490000e-10 9.012299e-07 3.665772e-06 0 0
7.495000e-10 8.883772e-07 3.615010e-06 0 0
7.500000e-10 8.757050e-07 3.564931e-06 0 0
7.505000e-10 8.632108e-07 3.515526e-06 0 0
7.510000e-10 8.508923e-07 3.466787e-06 0 0
7.515000e-10 8.387469e-07 3.418704e-06 0 0
7.520000e-10 8.267723e-07 3.371270e-06 0 0
7.525000e-10 8.149661e-07 3.324475e-06 0 0
7.530000e-10 8.033261e-07 3.278313e-06 0 0
7.535000e-10 7.918499e-07 3.232774e-06 0 0
7.540000e-10 7.805352e-07 3.187850e-06 0 0
7.545000e-10 7.693799e-07 3.143535e-06 0 0
7.550000e-10 7.583817e-07 3.099819e-06 0 0
7.555000e-10 7.475385e-07 3.056695e-06 0 0
7.560000e-10 7.368482e-07 3.014155e-06 0 0
7.565000e-10 7.263085e-07 2.972192e-06 0 0
7.570000e-10 7.159175e-07 2.930798e-06 0 0
7.575000e-10 7.056731e-07 2.889965e-06 0 0
7.580000e-10 6.955732e-07 2.849687e-06 0 0
7.585000e-10 6.856159e-07 2.809957e-06 0 0
7.590000e-10 6.757991e-07 2.770766e-06 0 0
7.595000e-10 6.661210e-07 2.732109e-06 0 0
7.600000e-10 6.565796e-07 2.693977e-06 0 0
7.605000e-10 6.471730e-07 2.656365e-06 0 0
7.610000e-10 6.378994e-07 2.619264e-06 0 0
7.615000e-10 6.287569e-07 2.582670e-06 0 0
7.620000e-10 6.197436e-07 2.546575e-06 0 0
7.625000e-10 6.108579e-07 2.510972e-06 0 0
7.630000e-10 6.020979e-07 2.475854e-06 0 0
7.635000e-10 5.934618e-07 2.441217e-06 0 0
7.640000e-10 5.849480e-07 2.407053e-06 0 0
7.645000e-10 5.765547e-07 2.373356e-06 0 0
7.650000e-10 5.682803e-07 2.340119e-06 0 0
7.655000e-10 5.601232e-07 2.307338e-06 0 0
7.660000e-10 5.520816e-07 2.275005e-06 0 0
7.665000e-10 5.441540e-07 2.243115e-06 0 0
7.670000e-10 5.363388e-07 2.211662e-06 0 0
7.675000e-10 5.286344e-07 2.180640e-06 0 0
7.680000e-10 5.210393e-07 2.150044e-06 0 0
7.685000e-10 5.135520e-07 2.119867e-06 0 0
7.690000e-10 5.061709e-07 2.090105e-06 0 0
7.695000e-10 4.988946e-07 2.060752e-06 0 0
7.700000e-10 4.917216e-07 2.031802e-06 0 0
7.705000e-10 4.846505e-07 2.003250e-06 0 0
7.710000e-10 4.776798e-07 1.975091e-06 0 0
7.715000e-10 4.708082e-07 1.947319e-06 0 0
7.720000e-10 4.640342e-07 1.919929e-06 0 0
7.725000e-10 4.573565e-07 1.892917e-06 0 0
7.730000e-10 4.507737e-07 1.866276e-06 0 0
7.735000e-10 4.442846e-07 1.840003e-06 0 0
7.740000e-10 4.378878e-07 1.814093e-06 0 0
7.745000e-10 4.315820e-07 1.788539e-06 0 0
7.750000e-10 4.253660e-07 1.763339e-06 0 0
7.755000e-10 4.192384e-07 1.738486e-06 0 0
7.760000e-10 4.131981e-07 1.713976e-06 0 0
7.765000e-10 4.072438e-07 1.689806e-06 0 0
7.770000e-10 4.013743e-07 1.665969e-06 0 0
7.775000e-10 3.955884e-07 1.642462e-06 0 0
7.780000e-10 3.898850e-07 1.619280e-06 0 0
7.785000e-10 3.842629e-07 1.596420e-06 0 0
7.790000e-10 3.787210e-07 1.573875e-06 0 0
7.795000e-10 3.732580e-07 1.551643e-06 0 0
7.800000e-10 3.678730e-07 1.529719e-06 0 0
7.805000e-10 3.625649e-07 1.508099e-06 0 0
7.810000e-10 3.573324e-07 1.486779e-06 0 0
7.815000e-10 3.521747e-07 1.465754e-06 0 0
7.820000e-10 3.470906e-07 1.445022e-06 0 0
7.825000e-10 3.420790e-07 1.424577e-06 0 0
7.830000e-10 3.371391e-07 1.404416e-06 0 0
7.835000e-10 3.322697e-07 1.384535e-06 0 0
7.840000e-10 3.274699e-07 1.364931e-06 0 0
7.845000e-10 3.227387e-07 1.345599e-06 0 0
7.850000e-10 3.180751e-07 1.326536e-06 0 0
7.855000e-10 3.134781e-07 1.307739e-06 0 0
7.860000e-10 3.089470e-07 1.289203e-06 0 0
7.865000e-10 3.044806e-07 1.270925e-06 0 0
7.870000e-10 3.000781e-07 1.252902e-06 0 0
7.875000e-10 2.957386e-07 1.235130e-06 0 0
7.880000e-10 2.914612e-07 1.217605e-06 0 0
7.885000e-10 2.872450e-07 1.200325e-06 0 0
7.890000e-10 2.830892e-07 1.183286e-06 0 0
7.895000e-10 2.789929e-07 1.166485e-06 0 0
7.900000e-10 2.749553e-07 1.149919e-06 0 0
7.905000e-10 2.709755e-07 1.133583e-06 0 0
7.910000e-10 2.670528e-07 1.117476e-06 0 0
7.915000e-10 2.631862e-07 1.101594e-06 0 0
7.920000e-10 2.593751e-07 1.085934e-06 0 0
7.925000e-10 2.556186e-07 1.070493e-06 0 0
7.930000e-10 2.519160e-07 1.055268e-06 0 0
7.935000e-10 2.482665e-07 1.040256e-06 0 0
7.940000e-10 2.446693e-07 1.025454e-06 0 0
7.945000e-10 2.411238e-07 1.010859e-06 0 0
7.950000e-10 2.376291e-07 9.964689e-07 0 0
7.955000e-10 2.341846e-07 9.822802e-07 0 0
7.960000e-10 2.307895e-07 9.682904e-07 0 0
7.965000e-10 2.274432e-07 9.544967e-07 0 0
7.970000e-10 2.241449e-07 9.408964e-07 0 0
7.975000e-10 2.208940e-07 9.274869e-07 0 0
7.980000e-10 2.176898e-07 9.142656e-07 0 0
7.985000e-10 2.145316e-07 9.012299e-07 0 0
7.990000e-10 2.114188e-07 8.883772e-07 0 0
7.995000e-10 2.083508e-07 8.757050e-07 0 0
8.000000e-10 2.053269e-07 8.632108e-07 0 0
8.005000e-10 2.023464e-07 8.508923e-07 0 0
8.010000e-10 1.994089e-07 8.387469e-07 0 0
8.015000e-10 1.965135e-07 8.267723e-07 0 0
8.020000e-10 1.936599e-07 8.149661e-07 0 0
8.025000e-10 1.908472e-07 8.033261e-07 0 0
8.030000e-10 1.880751e-07 7.918499e-07 0 0
8.035000e-10 1.853429e-07 7.805352e-07 0 0
8.040000e-10 1.826500e-07 7.693799e-07 0 0
8.045000e-10 1.799958e-07 7.583817e-07 0 0
8.050000e-10 1.773799e-07 7.475385e-07 0 0
8.055000e-10 1.748017e-07 7.368482e-07 0 0
8.060000e-10 1.722606e-07 7.263085e-07 0 0
8.065000e-10 1.697562e-07 7.159175e-07 0 0
8.070000e-10 1.672878e-07 7.056731e-07 0 0
8.075000e-10 1.648550e-07 6.955732e-07 0 0
8.080000e-10 1.624573e-07 6.856159e-07 0 0
8.085000e-10 1.600941e-07 6.757991e-07 0 0
8.090000e-10 1.577650e-07 6.661210e-07 0 0
8.095000e-10 1.554695e-07 6.565796e-07 0 0
8.100000e-10 1.532071e-07 6.471730e-07 0 0
8.105000e-10 1.509774e-07 6.378994e-07 0 0
8.110000e-10 1.487798e-07 6.287569e-07 0 0
8.115000e-10 1.466140e-07 6.197436e-07 0 0
8.120000e-10 1.444794e-07 6.108579e-07 0 0
8.125000e-10 1.423757e-07 6.020979e-07 0 0
8.130000e-10 1.403023e-07 5.934618e-07 0 0
8.135000e-10 1.382588e-07 5.849480e-07 0 0
8.140000e-10 1.362449e-07 5.765547e-07 0 0
8.145000e-10 1.342600e-07 5.682803e-07 0 0
8.150000e-10 1.323039e-07 5.601232e-07 0 0
8.155000e-10 1.303760e-07 5.520816e-07 0 0
8.160000e-10 1.284760e-07 5.441540e-07 0 0
8.165000e-10 1.266034e-07 5.363388e-07 0 0
8.170000e-10 1.247579e-07 5.286344e-07 0 0
8.175000e-10 1.229391e-07 5.210393e-07 0 0
8.180000e-10 1.211466e-07 5.135520e-07 0 0
8.185000e-10 1.193800e-07 5.061709e-07 0 0
8.190000e-10 1.176390e-07 4.988946e-07 0 0
8.195000e-10 1.159231e-07 4.917216e-07 0 0
8.200000e-10 1.142321e-07 4.846505e-07 0 0
8.205000e-10 1.125656e-07 4.776798e-07 0 0
8.210000e-10 1.109232e-07 4.708082e-07 0 0
8.215000e-10 1.093045e-07 4.640342e-07 0 0
8.220000e-10 1.077093e-07 4.573565e-07 0 0
8.225000e-10 1.061372e-07 4.507737e-07 0 0
8.230000e-10 1.045879e-07 4.442846e-07 0 0
8.235000e-10 1.030610e-07 4.378878e-07 0 0
8.240000e-10 1.015562e-07 4.315820e-07 0 0
8.245000e-10 1.000733e-07 4.253660e-07 0 0
8.250000e-10 9.861180e-08 4.192384e-07 0 0
8.255000e-10 9.717150e-08 4.131981e-07 0 0
8.260000e-10 9.575208e-08 4.072438e-07 0 0
8.265000e-10 9.435325e-08 4.013743e-07 0 0
8.270000e-10 9.297469e-08 3.955884e-07 0 0
8.275000e-10 9.161612e-08 3.898850e-07 0 0
8.280000e-10 9.027726e-08 3.842629e-07 0 0
8.285000e-10 8.895782e-08 3.787210e-07 0 0
8.290000e-10 8.765752e-08 3.732580e-07 0 0
8.295000e-10 8.637609e-08 3.678730e-07 0 0
8.300000e-10 8.511325e-08 3.625649e-07 0 0
8.305000e-10 8.386874e-08 3.573324e-07 0 0
8.310000e-10 8.264230e-08 3.521747e-07 0 0
8.315000e-10 8.143366e-08 3.470906e-07 0 0
8.320000e-10 8.024257e-08 3.420790e-07 0 0
8.325000e-10 7.906878e-08 3.371391e-07 0 0
8.330000e-10 7.791203e-08 3.322697e-07 0 0
8.335000e-10 7.677209e-08 3.274699e-07 0 0
8.340000e-10 7.564870e-08 3.227387e-07 0 0
8.345000e-10 7.454164e-08 3.180751e-07 0 0
8.350000e-10 7.345067e-08 3.134781e-07 0 0
8.355000e-10 7.237555e-08 3.089470e-07 0 0
8.360000e-10 7.131605e-08 3.044806e-07 0 0
8.365000e-10 7.027196e-08 3.000781e-07 0 0
8.370000e-10 6.924305e-08 2.957386e-07 0 0
8.375000e-10 6.822910e-08 2.914612e-07 0 0
8.380000e-10 6.722989e-08 2.872450e-07 0 0
8.385000e-10 6.624522e-08 2.830892e-07 0 0
8.390000e-10 6.527487e-08 2.789929e-07 0 0
8.395000e-10 6.431863e-08 2.749553e-07 0 0
8.400000e-10 6.337631e-08 2.709755e-07 0 0
8.405000e-10 6.244771e-08 2.670528e-07 0 0
8.410000e-10 6.153261e-08 2.631862e-07 0 0
8.415000e-10 6.063084e-08 2.593751e-07 0 0
8.420000e-10 5.974219e-08 2.556186e-07 0 0
8.425000e-10 5.886648e-08 2.519160e-07 0 0
8.430000e-10 5.800352e-08 2.482665e-07 0 0
8.435000e-10 5.715313e-08 2.446693e-07 0 0
8.440000e-10 5.631513e-08 2.411238e-07 0 0
8.445000e-10 5.548933e-08 2.376291e-07 0 0
8.450000e-10 5.467556e-08 2.341846e-07 0 0
8.455000e-10 5.387364e-08 2.307895e-07 0 0
8.460000e-10 5.308341e-08 2.274432e-07 0 0
8.465000e-10 5.230470e-08 2.241449e-07 0 0
8.470000e-10 5.153734e-08 2.208940e-07 0 0
8.475000e-10 5.078116e-08 2.176898e-07 0 0
8.480000e-10 5.003601e-08 2.145316e-07 0 0
8.485000e-10 4.930172e-08 2.114188e-07 0 0
8.490000e-10 4.857814e-08 2.083508e-07 0 0
8.495000e-10 4.786511e-08 2.053269e-07 0 0
8.500000e-10 4.716248e-08 2.023464e-07 0 0
8.505000e-10 4.647010e-08 1.994089e-07 0 0
8.510000e-10 4.578782e-08 1.965135e-07 0 0
8.515000e-10 4.511549e-08 1.936599e-07 0 0
8.520000e-10 4.445298e-08 1.908472e-07 0 0
8.525000e-10 4.380013e-08 1.880751e-07 0 0
8.530000e-10 4.315682e-08 1.853429e-07 0 0
8.535000e-10 4.252289e-08 1.826500e-07 0 0
8.540000e-10 4.189822e-08 1.799958e-07 0 0
8.545000e-10 4.128266e-08 1.773799e-07 0 0
8.550000e-10 4.067610e-08 1.748017e-07 0 0
8.555000e-10 4.007839e-08 1.722606e-07 0 0
8.560000e-10 3.948942e-08 1.697562e-07 0 0
8.565000e-10 3.890905e-08 1.672878e-07 0 0
8.570000e-10 3.833715e-08 1.648550e-07 0 0
8.575000e-10 3.777361e-08 1.624573e-07 0 0
8.580000e-10 3.721831e-08 1.600941e-07 0 0
8.585000e-10 3.667112e-08 1.577650e-07 0 0
8.590000e-10 3.613192e-08 1.554695e-07 0 0
8.595000e-10 3.560061e-08 1.532071e-07 0 0
8.600000e-10 3.507706e-08 1.509774e-07 0 0
8.605000e-10 3.456117e-08 1.487798e-07 0 0
8.610000e-10 3.405283e-08 1.466140e-07 0 0
8.615000e-10 3.355191e-08 1.444794e-07 0 0
8.620000e-10 3.305832e-08 1.423757e-07 0 0
8.625000e-10 3.257195e-08 1.403023e-07 0 0
8.630000e-10 3.209270e-08 1.382588e-07 0 0
8.635000e-10 3.162045e-08 1.362449e-07 0 0
8.640000e-10 3.115512e-08 1.342600e-07 0 0
8.645000e-10 3.069659e-08 1.323039e-07 0 0
8.650000e-10 3.024477e-08 1.303760e-07 0 0
8.655000e-10 2.979957e-08 1.284760e-07 0 0
8.660000e-10 2.936088e-08 1.266034e-07 0 0
8.665000e-10 2.892861e-08 1.247579e-07 0 0
8.670000e-10 2.850268e-08 1.229391e-07 0 0
8.675000e-10 2.808297e-08 1.211466e-07 0 0
8.680000e-10 2.766942e-08 1.193800e-07 0 0
8.685000e-10 2.726192e-08 1.176390e-07 0 0
8.690000e-10 2.686039e-08 1.159231e-07 0 0
8.695000e-10 2.646473e-08 1.142321e-07 0 0
8.700000e-10 2.607488e-08 1.125656e-07 0 0
8.705000e-10 2.569074e-08 1.109232e-07 0 0
8.710000e-10 2.531222e-08 1.093045e-07 0 0
8.715000e-10 2.493925e-08 1.077093e-07 0 0
8.720000e-10 2.457175e-08 1.061372e-07 0 0
8.725000e-10 2.420963e-08 1.045879e-07 0 0
8.730000e-10 2.385282e-08 1.030610e-07 0 0
8.735000e-10 2.350125e-08 1.015562e-07 0 0
8.740000e-10 2.315482e-08 1.000733e-07 0 0
8.745000e-10 2.281348e-08 9.861180e-08 0 0
8.750000e-10 2.247714e-08 9.717150e-08 0 0
8.755000e-10 2.214573e-08 9.575208e-08 0 0
8.760000e-10 2.181918e-08 9.435325e-08 0 0
8.765000e-10 2.149742e-08 9.297469e-08 0 0
8.770000e-10 2.118039e-08 9.161612e-08 0 0
8.775000e-10 2.086800e-08 9.027726e-08 0 0
8.780000e-10 2.056020e-08 8.895782e-08 0 0
8.785000e-10 2.025691e-08 8.765752e-08 0 0
8.790000e-10 1.995807e-08 8.637609e-08 0 0
8.795000e-10 1.966362e-08 8.511325e-08 0 0
8.800000e-10 1.937349e-08 8.386874e-08 0 0
8.805000e-10 1.908762e-08 8.264230e-08 0 0
8.810000e-10 1.880595e-08 8.143366e-08 0 0
8.815000e-10 1.852841e-08 8.024257e-08 0 0
8.820000e-10 1.825495e-08 7.906878e-08 0 0
8.825000e-10 1.798550e-08 7.791203e-08 0 0
8.830000e-10 1.772001e-08 7.677209e-08 0 0
8.835000e-10 1.745842e-08 7.564870e-08 0 0
8.840000e-10 1.720067e-08 7.454164e-08 0 0
8.845000e-10 1.694670e-08 7.345067e-08 0 0
8.850000e-10 1.669647e-08 7.237555e-08 0 0
8.855000e-10 1.644991e-08 7.131605e-08 0 0
8.860000e-10 1.620698e-08 7.027196e-08 0 0
8.865000e-10 1.596762e-08 6.924305e-08 0 0
8.870000e-10 1.573177e-08 6.822910e-08 0 0
8.875000e-10 1.549939e-08 6.722989e-08 0 0
8.880000e-10 1.527043e-08 6.624522e-08 0 0
8.885000e-10 1.504483e-08 6.527487e-08 0 0
8.890000e-10 1.482255e-08 6.431863e-08 0 0
8.895000e-10 1.460354e-08 6.337631e-08 0 0
8.900000e-10 1.438775e-08 6.244771e-08 0 0
8.905000e-10 1.417513e-08 6.153261e-08 0 0
8.910000e-10 1.396563e-08 6.063084e-08 0 0
8.915000e-10 1.375922e-08 5.974219e-08 0 0
8.920000e-10 1.355585e-08 5.886648e-08 0 0
8.925000e-10 1.335547e-08 5.800352e-08 0 0
8.930000e-10 1.315803e-08 5.715313e-08 0 0
8.935000e-10 1.296350e-08 5.631513e-08 0 0
8.940000e-10 1.277183e-08 5.548933e-08 0 0
8.945000e-10 1.258298e-08 5.467556e-08 0 0
8.950000e-10 1.239692e-08 5.387364e-08 0 0
8.955000e-10 1.221359e-08 5.308341e-08 0 0
8.960000e-10 1.203295e-08 5.230470e-08 0 0
8.965000e-10 1.185498e-08 5.153734e-08 0 0
8.970000e-10 1.167963e-08 5.078116e-08 0 0
8.975000e-10 1.150686e-08 5.003601e-08 0 0
8.980000e-10 1.133663e-08 4.930172e-08 0 0
8.985000e-10 1.116891e-08 4.857814e-08 0 0
8.990000e-10 1.100366e-08 4.786511e-08 0 0
8.995000e-10 1.084085e-08 4.716248e-08 0 0
9.000000e-10 1.068043e-08 4.647010e-08 0 0
9.005000e-10 1.052237e-08 4.578782e-08 0 0
9.010000e-10 1.036664e-08 4.511549e-08 0 0
9.015000e-10 1.021321e-08 4.445298e-08 0 0
9.020000e-10 1.006204e-08 4.380013e-08 0 0
9.025000e-10 9.913096e-09 4.315682e-08 0 0
9.030000e-10 9.766346e-09 4.252289e-08 0 0
9.035000e-10 9.621760e-09 4.189822e-08 0 0
9.040000e-10 9.479304e-09 4.128266e-08 0 0
9.045000e-10 9.338948e-09 4.067610e-08 0 0
9.050000e-10 9.200661e-09 4.007839e-08 0 0
9.055000e-10 9.064412e-09 3.948942e-08 0 0
9.060000e-10 8.930173e-09 3.890905e-08 0 0
9.065000e-10 8.797913e-09 3.833715e-08 0 0
9.070000e-10 8.667602e-09 3.777361e-08 0 0
9.075000e-10 8.539214e-09 3.721831e-08 0 0
9.080000e-10 8.412719e-09 3.667112e-08 0 0
9.085000e-10 8.288090e-09 3.613192e-08 0 0
9.090000e-10 8.165299e-09 3.560061e-08 0 0
9.095000e-10 8.044319e-09 3.507706e-08 0 0
9.100000e-10 7.925125e-09 3.456117e-08 0 0
9.105000e-10 7.807688e-09 3.405283e-08 0 0
9.110000e-10 7.691985e-09 3.355191e-08 0 0
9.115000e-10 7.577989e-09 3.305832e-08 0 0
9.120000e-10 7.465675e-09 3.257195e-08 0 0
9.125000e-10 7.355019e-09 3.209270e-08 0 0
9.130000e-10 7.245995e-09 3.162045e-08 0 0
9.135000e-10 7.138582e-09 3.115512e-08 0 0
9.140000e-10 7.032753e-09 3.069659e-08 0 0
9.145000e-10 6.928487e-09 3.024477e-08 0 0
9.150000e-10 6.825761e-09 2.979957e-08 0 0
9.155000e-10 6.724551e-09 2.936088e-08 0 0
9.160000e-10 6.624835e-09 2.892861e-08 0 0
9.165000e-10 6.526593e-09 2.850268e-08 0 0
9.170000e-10 6.429801e-09 2.808297e-08 0 0
9.175000e-10 6.334438e-09 2.766942e-08 0 0
9.180000e-10 6.240484e-09 2.726192e-08 0 0
9.185000e-10 6.147918e-09 2.686039e-08 0 0
9.190000e-10 6.056720e-09 2.646473e-08 0 0
9.195000e-10 5.966868e-09 2.607488e-08 0 0
9.200000e-10 5.878345e-09 2.569074e-08 0 0
9.205000e-10 5.791129e-09 2.531222e-08 0 0
9.210000e-10 5.705202e-09 2.493925e-08 0 0
9.215000e-10 5.620545e-09 2.457175e-08 0 0
9.220000e-10 5.537139e-09 2.420963e-08 0 0
9.225000e-10 5.454965e-09 2.385282e-08 0 0
9.230000e-10 5.374007e-09 2.350125e-08 0 0
9.235000e-10 5.294245e-09 2.315482e-08 0 0
9.240000e-10 5.215662e-09 2.281348e-08 0 0
9.245000e-10 5.138241e-09 2.247714e-08 0 0
9.250000e-10 5.061965e-09 2.214573e-08 0 0
9.255000e-10 4.986817e-09 2.181918e-08 0 0
9.260000e-10 4.912779e-09 2.149742e-08 0 0
9.265000e-10 4.839837e-09 2.118039e-08 0 0
9.270000e-10 4.767974e-09 2.086800e-08 0 0
9.275000e-10 4.697173e-09 2.056020e-08 0 0
9.280000e-10 4.627420e-09 2.025691e-08 0 0
9.285000e-10 4.558698e-09 1.995807e-08 0 0
9.290000e-10 4.490994e-09 1.966362e-08 0 0
9.295000e-10 4.424290e-09 1.937349e-08 0 0
9.300000e-10 4.358574e-09 1.908762e-08 0 0
9.305000e-10 4.293830e-09 1.880595e-08 0 0
9.310000e-10 4.230044e-09 1.852841e-08 0 0
9.315000e-10 4.167202e-09 1.825495e-08 0 0
9.320000e-10 4.105291e-09 1.798550e-08 0 0
9.325000e-10 4.044295e-09 1.772001e-08 0 0
9.330000e-10 3.984202e-09 1.745842e-08 0 0
9.335000e-10 3.924999e-09 1.720067e-08 0 0
9.340000e-10 3.866673e-09 1.694670e-08 0 0
9.345000e-10 3.809209e-09 1.669647e-08 0 0
9.350000e-10 3.752597e-09 1.644991e-08 0 0
9.355000e-10 3.696823e-09 1.620698e-08 0 0
9.360000e-10 3.641874e-09 1.596762e-08 0 0
9.365000e-10 3.587740e-09 1.573177e-08 0 0
9.370000e-10 3.534407e-09 1.549939e-08 0 0
9.375000e-10 3.481864e-09 1.527043e-08 0 0
9.380000e-10 3.430099e-09 1.504483e-08 0 0
9.385000e-10 3.379101e-09 1.482255e-08 0 0
9.390000e-10 3.328859e-09 1.460354e-08 0 0
9.395000e-10 3.279361e-09 1.438775e-08 0 0
9.400000e-10 3.230596e-09 1.417513e-08 0 0
9.405000e-10 3.182553e-09 1.396563e-08 0 0
9.410000e-10 3.135223e-09 1.375922e-08 0 0
9.415000e-10 3.088594e-09 1.355585e-08 0 0
9.420000e-10 3.042655e-09 1.335547e-08 0 0
9.425000e-10 2.997398e-09 1.315803e-08 0 0
9.430000e-10 2.952812e-09 1.296350e-08 0 0
9.435000e-10 2.908886e-09 1.277183e-08 0 0
9.440000e-10 2.865611e-09 1.258298e-08 0 0
9.445000e-10 2.822978e-09 1.239692e-08 0 0
9.450000e-10 2.780977e-09 1.221359e-08 0 0
9.455000e-10 2.739599e-09 1.203295e-08 0 0
9.460000e-10 2.698834e-09 1.185498e-08 0 0
9.465000e-10 2.658673e-09 1.167963e-08 0 0
9.470000e-10 2.619108e-09 1.150686e-08 0 0
9.475000e-10 2.580130e-09 1.133663e-08 0 0
9.480000e-10 2.541730e-09 1.116891e-08 0 0
9.485000e-10 2.503900e-09 1.100366e-08 0 0
9.490000e-10 2.466630e-09 1.084085e-08 0 0
9.495000e-10 2.429913e-09 1.068043e-08 0 0
9.500000e-10 2.393741e-09 1.052237e-08 0 0
9.505000e-10 2.358106e-09 1.036664e-08 0 0
9.510000e-10 2.322999e-09 1.021321e-08 0 0
9.515000e-10 2.288413e-09 1.006204e-08 0 0
9.520000e-10 2.254341e-09 9.913096e-09 0 0
9.525000e-10 2.220774e-09 9.766346e-09 0 0
9.530000e-10 2.187705e-09 9.621760e-09 0 0
9.535000e-10 2.155126e-09 9.479304e-09 0 0
9.540000e-10 2.123032e-09 9.338948e-09 0 0
9.545000e-10 2.091413e-09 9.200661e-09 0 0
9.550000e-10 2.060264e-09 9.064412e-09 0 0
9.555000e-10 2.029578e-09 8.930173e-09 0 0
9.560000e-10 1.999347e-09 8.797913e-09 0 0
9.565000e-10 1.969564e-09 8.667602e-09 0 0
9.570000e-10 1.940224e-09 8.539214e-09 0 0
9.575000e-10 1.911319e-09 8.412719e-09 0 0
9.580000e-10 1.882844e-09 8.288090e-09 0 0
9.585000e-10 1.854792e-09 8.165299e-09 0 0
9.590000e-10 1.827156e-09 8.044319e-09 0 0
9.595000e-10 1.799930e-09 7.925125e-09 0 0
9.600000e-10 1.773109e-09 7.807688e-09 0 0
9.605000e-10 1.746686e-09 7.691985e-09 0 0
9.610000e-10 1.720656e-09 7.577989e-09 0 0
9.615000e-10 1.695012e-09 7.465675e-09 0 0
9.620000e-10 1.669749e-09 7.355019e-09 0 0
9.625000e-10 1.644862e-09 7.245995e-09 0 0
9.630000e-10 1.620344e-09 7.138582e-09 0 0
9.635000e-10 1.596191e-09 7.032753e-09 0 0
9.640000e-10 1.572396e-09 6.928487e-09 0 0
9.645000e-10 1.548955e-09 6.825761e-09 0 0
9.650000e-10 1.525863e-09 6.724551e-09 0 0
9.655000e-10 1.503113e-09 6.624835e-09 0 0
9.660000e-10 1.480702e-09 6.526593e-09 0 0
9.665000e-10 1.458623e-09 6.429801e-09 0 0
9.670000e-10 1.436873e-09 6.334438e-09 0 0
9.675000e-10 1.415447e-09 6.240484e-09 0 0
9.680000e-10 1.394338e-09 6.147918e-09 0 0
9.685000e-10 1.373544e-09 6.056720e-09 0 0
9.690000e-10 1.353058e-09 5.966868e-09 0 0
9.695000e-10 1.332878e-09 5.878345e-09 0 0
9.700000e-10 1.312997e-09 5.791129e-09 0 0
9.705000e-10 1.293412e-09 5.705202e-09 0 0
9.710000e-10 1.274118e-09 5.620545e-09 0 0
9.715000e-10 1.255111e-09 5.537139e-09 0 0
9.720000e-10 1.236387e-09 5.454965e-09 0 0
9.725000e-10 1.217941e-09 5.374007e-09 0 0
9.730000e-10 1.199770e-09 5.294245e-09 0 0
9.735000e-10 1.181868e-09 5.215662e-09 0 0
9.740000e-10 1.164234e-09 5.138241e-09 0 0
9.745000e-10 1.146861e-09 5.061965e-09 0 0
9.750000e-10 1.129747e-09 4.986817e-09 0 0
9.755000e-10 1.112887e-09 4.912779e-09 0 0
9.760000e-10 1.096279e-09 4.839837e-09 0 0
9.765000e-10 1.079917e-09 4.767974e-09 0 0
9.770000e-10 1.063799e-09 4.697173e-09 0 0
9.775000e-10 1.047921e-09 4.627420e-09 0 0
9.780000e-10 1.032279e-09 4.558698e-09 0 0
9.785000e-10 1.016870e-09 4.490994e-09 0 0
9.790000e-10 1.001690e-09 4.424290e-09 0 0
9.795000e-10 9.867360e-10 4.358574e-09 0 0
9.800000e-10 9.720047e-10 4.293830e-09 0 0
9.805000e-10 9.574926e-10 4.230044e-09 0 0
9.810000e-10 9.431966e-10 4.167202e-09 0 0
9.815000e-10 9.291134e-10 4.105291e-09 0 0
9.820000e-10 9.152399e-10 4.044295e-09 0 0
9.825000e-10 9.015729e-10 3.984202e-09 0 0
9.830000e-10 8.881094e-10 3.924999e-09 0 0
9.835000e-10 8.748464e-10 3.866673e-09 0 0
9.840000e-10 8.617808e-10 3.809209e-09 0 0
9.845000e-10 8.489099e-10 3.752597e-09 0 0
9.850000e-10 8.362306e-10 3.696823e-09 0 0
9.855000e-10 8.237401e-10 3.641874e-09 0 0
9.860000e-10 8.114357e-10 3.587740e-09 0 0
9.865000e-10 7.993145e-10 3.534407e-09 0 0
9.870000e-10 7.873739e-10 3.481864e-09 0 0
9.875000e-10 7.756112e-10 3.430099e-09 0 0
9.880000e-10 7.640236e-10 3.379101e-09 0 0
9.885000e-10 7.526087e-10 3.328859e-09 0 0
9.890000e-10 7.413639e-10 3.279361e-09 0 0
9.895000e-10 7.302866e-10 3.230596e-09 0 0
9.900000e-10 7.193743e-10 3.182553e-09 0 0
9.905000e-10 7.086247e-10 3.135223e-09 0 0
9.910000e-10 6.980352e-10 3.088594e-09 0 0
9.915000e-10 6.876035e-10 3.042655e-09 0 0
9.920000e-10 6.773273e-10 2.997398e-09 0 0
9.925000e-10 6.672042e-10 2.952812e-09 0 0
9.930000e-10 6.572320e-10 2.908886e-09 0 0
9.935000e-10 6.474084e-10 2.865611e-09 0 0
9.940000e-10 6.377313e-10 2.822978e-09 0 0
9.945000e-10 6.281984e-10 2.780977e-09 0 0
9.950000e-10 6.188076e-10 2.739599e-09 0 0
9.955000e-10 6.095568e-10 2.698834e-09 0 0
9.960000e-10 6.004439e-10 2.658673e-09 0 0
9.965000e-10 5.914669e-10 2.619108e-09 0 0
9.970000e-10 5.826237e-10 2.580130e-09 0 0
9.975000e-10 5.739124e-10 2.541730e-09 0 0
9.980000e-10 5.653310e-10 2.503900e-09 0 0
9.985000e-10 5.568776e-10 2.466630e-09 0 0
9.990000e-10 5.485502e-10 2.429913e-09 0 0
9.995000e-10 5.403470e-10 2.393741e-09 0 0
1.000000e-09 5.322661e-10 2.358106e-09 0 0
1.000500e-09 5.243058e-10 2.322999e-09 0 0
1.001000e-09 5.164642e-10 2.288413e-09 0 0
1.001500e-09 5.087395e-10 2.254341e-09 0 0
1.002000e-09 5.011301e-10 2.220774e-09 0 0
1.002500e-09 4.936342e-10 2.187705e-09 0 0
1.003000e-09 4.862502e-10 2.155126e-09 0 0
1.003500e-09 4.789763e-10 2.123032e-09 0 0
1.004000e-09 4.718109e-10 2.091413e-09 0 0
1.004500e-09 4.647524e-10 2.060264e-09 0 0
1.005000e-09 4.577992e-10 2.029578e-09 0 0
1.005500e-09 4.509498e-10 1.999347e-09 0 0
1.006000e-09 4.442026e-10 1.969564e-09 0 0
1.006500e-09 4.375561e-10 1.940224e-09 0 0
1.007000e-09 4.310088e-10 1.911319e-09 0 0
1.007500e-09 4.245592e-10 1.882844e-09 0 0
1.008000e-09 4.182059e-10 1.854792e-09 0 0
1.008500e-09 4.119474e-10 1.827156e-09 0 0
1.009000e-09 4.057823e-10 1.799930e-09 0 0
1.009500e-09 3.997092e-10 1.773109e-09 0 0
1.010000e-09 3.937268e-10 1.746686e-09 0 0
1.010500e-09 3.878337e-10 1.720656e-09 0 0
1.011000e-09 3.820286e-10 1.695012e-09 0 0
1.011500e-09 3.763101e-10 1.669749e-09 0 0
1.012000e-09 3.706770e-10 1.644862e-09 0 0
1.012500e-09 3.651281e-10 1.620344e-09 0 0
1.013000e-09 3.596620e-10 1.596191e-09 0 0
1.013500e-09 3.542775e-10 1.572396e-09 0 0
1.014000e-09 3.489734e-10 1.548955e-09 0 0
1.014500e-09 3.437485e-10 1.525863e-09 0 0
1.015000e-09 3.386017e-10 1.503113e-09 0 0
1.015500e-09 3.335317e-10 1.480702e-09 0 0
1.016000e-09 3.285375e-10 1.458623e-09 0 0
1.016500e-09 3.236178e-10 1.436873e-09 0 0
1.017000e-09 3.187716e-10 1.415447e-09 0 0
1.017500e-09 3.139979e-10 1.394338e-09 0 0
1.018000e-09 3.092954e-10 1.373544e-09 0 0
1.018500e-09 3.046632e-10 1.353058e-09 0 0
1.019000e-09 3.001002e-10 1.332878e-09 0 0
1.019500e-09 2.956053e-10 1.312997e-09 0 0
1.020000e-09 2.911776e-10 1.293412e-09 0 0
1.020500e-09 2.868161e-10 1.274118e-09 0 0
1.021000e-09 2.825198e-10 1.255111e-09 0 0
1.021500e-09 2.782876e-10 1.236387e-09 0 0
1.022000e-09 2.741187e-10 1.217941e-09 0 0
1.022500e-09 2.700121e-10 1.199770e-09 0 0
1.023000e-09 2.659668e-10 1.181868e-09 0 0
1.023500e-09 2.619821e-10 1.164234e-09 0 0
1.024000e-09 2.580568e-10 1.146861e-09 0 0
1.024500e-09 2.541903e-10 1.129747e-09 0 0
1.025000e-09 2.503815e-10 1.112887e-09 0 0
1.025500e-09 2.466297e-10 1.096279e-09 0 0
1.026000e-09 2.429339e-10 1.079917e-09 0 0
1.026500e-09 2.392934e-10 1.063799e-09 0 0
1.027000e-09 2.357074e-10 1.047921e-09 0 0
1.027500e-09 2.321749e-10 1.032279e-09 0 0
1.028000e-09 2.286953e-10 1.016870e-09 0 0
1.028500e-09 2.252676e-10 1.001690e-09 0 0
1.029000e-09 2.218913e-10 9.867360e-10 0 0
1.029500e-09 2.185654e-10 9.720047e-10 0 0
1.030000e-09 2.152892e-10 9.574926e-10 0 0
1.030500e-09 2.120621e-10 9.431966e-10 0 0
1.031000e-09 2.088832e-10 9.291134e-10 0 0
1.031500e-09 2.057518e-10 9.152399e-10 0 0
1.032000e-09 2.026673e-10 9.015729e-10 0 0
1.032500e-09 1.996289e-10 8.881094e-10 0 0
1.033000e-09 1.966360e-10 8.748464e-10 0 0
1.033500e-09 1.936878e-10 8.617808e-10 0 0
1.034000e-09 1.907837e-10 8.489099e-10 0 0
1.034500e-09 1.879231e-10 8.362306e-10 0 0
1.035000e-09 1.851053e-10 8.237401e-10 0 0
1.035500e-09 1.823296e-10 8.114357e-10 0 0
1.036000e-09 1.795954e-10 7.993145e-10 0 0
1.036500e-09 1.769022e-10 7.873739e-10 0 0
1.037000e-09 1.742492e-10 7.756112e-10 0 0
1.037500e-09 1.716359e-10 7.640236e-10 0 0
1.038000e-09 1.690618e-10 7.526087e-10 0 0
1.038500e-09 1.665261e-10 7.413639e-10 0 0
1.039000e-09 1.640284e-10 7.302866e-10 0 0
1.039500e-09 1.615681e-10 7.193743e-10 0 0
1.040000e-09 1.591446e-10 7.086247e-10 0 0
1.040500e-09 1.567574e-10 6.980352e-10 0 0
1.041000e-09 1.544059e-10 6.876035e-10 0 0
1.041500e-09 1.520896e-10 6.773273e-10 0 0
1.042000e-09 1.498080e-10 6.672042e-10 0 0
1.042500e-09 1.475605e-10 6.572320e-10 0 0
1.043000e-09 1.453466e-10 6.474084e-10 0 0
1.043500e-09 1.431659e-10 6.377313e-10 0 0
1.044000e-09 1.410179e-10 6.281984e-10 0 0
1.044500e-09 1.389020e-10 6.188076e-10 0 0
1.045000e-09 1.368178e-10 6.095568e-10 0 0
1.045500e-09 1.347648e-10 6.004439e-10 0 0
1.046000e-09 1.327425e-10 5.914669e-10 0 0
1.046500e-09 1.307505e-10 5.826237e-10 0 0
1.047000e-09 1.287883e-10 5.739124e-10 0 0
1.047500e-09 1.268555e-10 5.653310e-10 0 0
1.048000e-09 1.249517e-10 5.568776e-10 0 0
1.048500e-09 1.230764e-10 5.485502e-10 0 0
1.049000e-09 1.212291e-10 5.403470e-10 0 0
1.049500e-09 1.194095e-10 5.322661e-10 0 0
1.050000e-09 1.176172e-10 5.243058e-10 0 0
1.050500e-09 1.158517e-10 5.164642e-10 0 0
1.051000e-09 1.141127e-10 5.087395e-10 0 0
1.051500e-09 1.123997e-10 5.011301e-10 0 0
1.052000e-09 1.107123e-10 4.936342e-10 0 0
1.052500e-09 1.090503e-10 4.862502e-10 0 0
1.053000e-09 1.074131e-10 4.789763e-10 0 0
1.053500e-09 1.058005e-10 4.718109e-10 0 0
1.054000e-09 1.042120e-10 4.647524e-10 0 0
1.054500e-09 1.026473e-10 4.577992e-10 0 0
1.055000e-09 1.011061e-10 4.509498e-10 0 0
1.055500e-09 9.958794e-11 4.442026e-10 0 0
1.056000e-09 9.809254e-11 4.375561e-10 0 0
1.056500e-09 9.661955e-11 4.310088e-10 0 0
1.057000e-09 9.516864e-11 4.245592e-10 0 0
1.057500e-09 9.373947e-11 4.182059e-10 0 0
1.058000e-09 9.233171e-11 4.119474e-10 0 0
1.058500e-09 9.094505e-11 4.057823e-10 0 0
1.059000e-09 8.957917e-11 3.997092e-10 0 0
1.059500e-09 8.823377e-11 3.937268e-10 0 0
1.060000e-09 8.690853e-11 3.878337e-10 0 0
1.060500e-09 8.560315e-11 3.820286e-10 0 0
1.061000e-09 8.431734e-11 3.763101e-10 0 0
1.061500e-09 8.305080e-11 3.706770e-10 0 0
1.062000e-09 8.180325e-11 3.651281e-10 0 0
1.062500e-09 8.057440e-11 3.596620e-10 0 0
1.063000e-09 7.936397e-11 3.542775e-10 0 0
1.063500e-09 7.817168e-11 3.489734e-10 0 0
1.064000e-09 7.699728e-11 3.437485e-10 0 0
1.064500e-09 7.584048e-11 3.386017e-10 0 0
1.065000e-09 7.470102e-11 3.335317e-10 0 0
1.065500e-09 7.357865e-11 3.285375e-10 0 0
1.066000e-09 7.247311e-11 3.236178e-10 0 0
1.066500e-09 7.138414e-11 3.187716e-10 0 0
1.067000e-09 7.031151e-11 3.139979e-10 0 0
1.067500e-09 6.925496e-11 3.092954e-10 0 0
1.068000e-09 6.821426e-11 3.046632e-10 0 0
1.068500e-09 6.718916e-11 3.001002e-10 0 0
1.069000e-09 6.617943e-11 2.956053e-10 0 0
1.069500e-09 6.518485e-11 2.911776e-10 0 0
1.070000e-09 6.420519e-11 2.868161e-10 0 0
1.070500e-09 6.324022e-11 2.825198e-10 0 0
1.071000e-09 6.228973e-11 2.782876e-10 0 0
1.071500e-09 6.135349e-11 2.741187e-10 0 0
1.072000e-09 6.043130e-11 2.700121e-10 0 0
1.072500e-09 5.952294e-11 2.659668e-10 0 0
1.073000e-09 5.862821e-11 2.619821e-10 0 0
1.073500e-09 5.774690e-11 2.580568e-10 0 0
1.074000e-09 5.687881e-11 2.541903e-10 0 0
1.074500e-09 5.602375e-11 2.503815e-10 0 0
1.075000e-09 5.518151e-11 2.466297e-10 0 0
1.075500e-09 5.435191e-11 2.429339e-10 0 0
1.076000e-09 5.353477e-11 2.392934e-10 0 0
1.076500e-09 5.272988e-11 2.357074e-10 0 0
1.077000e-09 5.193707e-11 2.321749e-10 0 0
1.077500e-09 5.115615e-11 2.286953e-10 0 0
1.078000e-09 5.038696e-11 2.252676e-10 0 0
1.078500e-09 4.962931e-11 2.218913e-10 0 0
1.079000e-09 4.888303e-11 2.185654e-10 0 0
1.079500e-09 4.814795e-11 2.152892e-10 0 0
1.080000e-09 4.742390e-11 2.120621e-10 0 0
1.080500e-09 4.671072e-11 2.088832e-10 0 0
1.081000e-09 4.600825e-11 2.057518e-10 0 0
1.081500e-09 4.531631e-11 2.026673e-10 0 0
1.082000e-09 4.463477e-11 1.996289e-10 0 0
1.082500e-09 4.396346e-11 1.966360e-10 0 0
1.083000e-09 4.330222e-11 1.936878e-10 0 0
1.083500e-09 4.265091e-11 1.907837e-10 0 0
1.084000e-09 4.200938e-11 1.879231e-10 0 0
1.084500e-09 4.137748e-11 1.851053e-10 0 0
1.085000e-09 4.075506e-11 1.823296e-10 0 0
1.085500e-09 4.014199e-11 1.795954e-10 0 0
1.086000e-09 3.953813e-11 1.769022e-10 0 0
1.086500e-09 3.894333e-11 1.742492e-10 0 0
1.087000e-09 3.835747e-11 1.716359e-10 0 0
1.087500e-09 3.778040e-11 1.690618e-10 0 0
1.088000e-09 3.721200e-11 1.665261e-10 0 0
1.088500e-09 3.665213e-11 1.640284e-10 0 0
1.089000e-09 3.610067e-11 1.615681e-10 0 0
1.089500e-09 3.555749e-11 1.591446e-10 0 0
1.090000e-09 3.502247e-11 1.567574e-10 0 0
1.090500e-09 3.449549e-11 1.544059e-10 0 0
1.091000e-09 3.397642e-11 1.520896e-10 0 0
1.091500e-09 3.346515e-11 1.498080e-10 0 0
1.092000e-09 3.296155e-11 1.475605e-10 0 0
1.092500e-09 3.246552e-11 1.453466e-10 0 0
1.093000e-09 3.197694e-11 1.431659e-10 0 0
1.093500e-09 3.149570e-11 1.410179e-10 0 0
1.094000e-09 3.102169e-11 1.389020e-10 0 0
1.094500e-09 3.055481e-11 1.368178e-10 0 0
1.095000e-09 3.009493e-11 1.347648e-10 0 0
1.095500e-09 2.964197e-11 1.327425e-10 0 0
1.096000e-09 2.919580e-11 1.307505e-10 0 0
1.096500e-09 2.875635e-11 1.287883e-10 0 0
1.097000e-09 2.832349e-11 1.268555e-10 0 0
1.097500e-09 2.789714e-11 1.249517e-10 0 0
1.098000e-09 2.747720e-11 1.230764e-10 0 0
1.098500e-09 2.706357e-11 1.212291e-10 0 0
1.099000e-09 2.665615e-11 1.194095e-10 0 0
1.099500e-09 2.625485e-11 1.176172e-10 0 0
1.100000e-09 2.585959e-11 1.158517e-10 0 0
1.100500e-09 2.547026e-11 1.141127e-10 0 0
1.101000e-09 2.508679e-11 1.123997e-10 0 0
1.101500e-09 2.470908e-11 1.107123e-10 0 0
1.102000e-09 2.433704e-11 1.090503e-10 0 0
1.102500e-09 2.397060e-11 1.074131e-10 0 0
1.103000e-09 2.360966e-11 1.058005e-10 0 0
1.103500e-09 2.325416e-11 1.042120e-10 0 0
1.104000e-09 2.290399e-11 1.026473e-10 0 0
1.104500e-09 2.255909e-11 1.011061e-10 0 0
1.105000e-09 2.221937e-11 9.958794e-11 0 0
1.105500e-09 2.188476e-11 9.809254e-11 0 0
1.106000e-09 2.155518e-11 9.661955e-11 0 0
1.106500e-09 2.123056e-11 9.516864e-11 0 0
1.107000e-09 2.091081e-11 9.373947e-11 0 0
1.107500e-09 2.059587e-11 9.233171e-11 0 0
1.108000e-09 2.028567e-11 9.094505e-11 0 0
1.108500e-09 1.998013e-11 8.957917e-11 0 0
1.109000e-09 1.967919e-11 8.823377e-11 0 0
1.109500e-09 1.938277e-11 8.690853e-11 0 0
1.110000e-09 1.909081e-11 8.560315e-11 0 0
1.110500e-09 1.880323e-11 8.431734e-11 0 0
1.111000e-09 1.851999e-11 8.305080e-11 0 0
1.111500e-09 1.824100e-11 8.180325e-11 0 0
1.112000e-09 1.796621e-11 8.057440e-11 0 0
1.112500e-09 1.769555e-11 7.936397e-11 0 0
1.113000e-09 1.742896e-11 7.817168e-11 0 0
1.113500e-09 1.716638e-11 7.699728e-11 0 0
1.114000e-09 1.690775e-11 7.584048e-11 0 0
1.114500e-09 1.665301e-11 7.470102e-11 0 0
1.115000e-09 1.640210e-11 7.357865e-11 0 0
1.115500e-09 1.615496e-11 7.247311e-11 0 0
1.116000e-09 1.591155e-11 7.138414e-11 0 0
1.116500e-09 1.567179e-11 7.031151e-11 0 0
1.117000e-09 1.543564e-11 6.925496e-11 0 0
1.117500e-09 1.520304e-11 6.821426e-11 0 0
1.118000e-09 1.497395e-11 6.718916e-11 0 0
1.118500e-09 1.474830e-11 6.617943e-11 0 0
1.119000e-09 1.452604e-11 6.518485e-11 0 0
1.119500e-09 1.430713e-11 6.420519e-11 0 0
1.120000e-09 1.409151e-11 6.324022e-11 0 0
1.120500e-09 1.387913e-11 6.228973e-11 0 0
1.121000e-09 1.366995e-11 6.135349e-11 0 0
1.121500e-09 1.346392e-11 6.043130e-11 0 0
1.122000e-09 1.326099e-11 5.952294e-11 0 0
1.122500e-09 1.306111e-11 5.862821e-11 0 0
1.123000e-09 1.286424e-11 5.774690e-11 0 0
1.123500e-09 1.267034e-11 5.687881e-11 0 0
1.124000e-09 1.247935e-11 5.602375e-11 0 0
1.124500e-09 1.229123e-11 5.518151e-11 0 0
1.125000e-09 1.210595e-11 5.435191e-11 0 0
1.125500e-09 1.192345e-11 5.353477e-11 0 0
1.126000e-09 1.174370e-11 5.272988e-11 0 0
1.126500e-09 1.156666e-11 5.193707e-11 0 0
1.127000e-09 1.139228e-11 5.115615e-11 0 0
1.127500e-09 1.122053e-11 5.038696e-11 0 0
1.128000e-09 1.105136e-11 4.962931e-11 0 0
1.128500e-09 1.088474e-11 4.888303e-11 0 0
1.129000e-09 1.072062e-11 4.814795e-11 0 0
1.129500e-09 1.055898e-11 4.742390e-11 0 0
1.130000e-09 1.039977e-11 4.671072e-11 0 0
1.130500e-09 1.024295e-11 4.600825e-11 0 0
1.131000e-09 1.008850e-11 4.531631e-11 0 0
1.131500e-09 9.936373e-12 4.463477e-11 0 0
1.132000e-09 9.786535e-12 4.396346e-11 0 0
1.132500e-09 9.638954e-12 4.330222e-11 0 0
1.133000e-09 9.493595e-12 4.265091e-11 0 0
1.133500e-09 9.350424e-12 4.200938e-11 0 0
1.134000e-09 9.209409e-12 4.137748e-11 0 0
1.134500e-09 9.070518e-12 4.075506e-11 0 0
1.135000e-09 8.933718e-12 4.014199e-11 0 0
1.135500e-09 8.798978e-12 3.953813e-11 0 0
1.136000e-09 8.666266e-12 3.894333e-11 0 0
1.136500e-09 8.535554e-12 3.835747e-11 0 0
1.137000e-09 8.406809e-12 3.778040e-11 0 0
1.137500e-09 8.280004e-12 3.721200e-11 0 0
1.138000e-09 8.155109e-12 3.665213e-11 0 0
1.138500e-09 8.032094e-12 3.610067e-11 0 0
1.139000e-09 7.910932e-12 3.555749e-11 0 0
1.139500e-09 7.791595e-12 3.502247e-11 0 0
1.140000e-09 7.674056e-12 3.449549e-11 0 0
1.140500e-09 7.558286e-12 3.397642e-11 0 0
1.141000e-09 7.444261e-12 3.346515e-11 0 0
1.141500e-09 7.331953e-12 3.296155e-11 0 0
1.142000e-09 7.221337e-12 3.246552e-11 0 0
1.142500e-09 7.112387e-12 3.197694e-11 0 0
1.143000e-09 7.005079e-12 3.149570e-11 0 0
1.143500e-09 6.899387e-12 3.102169e-11 0 0
1.144000e-09 6.795287e-12 3.055481e-11 0 0
1.144500e-09 6.692756e-12 3.009493e-11 0 0
1.145000e-09 6.591769e-12 2.964197e-11 0 0
1.145500e-09 6.492304e-12 2.919580e-11 0 0
1.146000e-09 6.394338e-12 2.875635e-11 0 0
1.146500e-09 6.297847e-12 2.832349e-11 0 0
1.147000e-09 6.202810e-12 2.789714e-11 0 0
1.147500e-09 6.109206e-12 2.747720e-11 0 0
1.148000e-09 6.017011e-12 2.706357e-11 0 0
1.148500e-09 5.926206e-12 2.665615e-11 0 0
1.149000e-09 5.836770e-12 2.625485e-11 0 0
1.149500e-09 5.748681e-12 2.585959e-11 0 0
1.150000e-09 5.661919e-12 2.547026e-11 0 0
1.150500e-09 5.576465e-12 2.508679e-11 0 0
1.151000e-09 5.492299e-12 2.470908e-11 0 0
1.151500e-09 5.409401e-12 2.433704e-11 0 0
1.152000e-09 5.327753e-12 2.397060e-11 0 0
1.152500e-09 5.247335e-12 2.360966e-11 0 0
1.153000e-09 5.168130e-12 2.325416e-11 0 0
1.153500e-09 5.090118e-12 2.290399e-11 0 0
1.154000e-09 5.013282e-12 2.255909e-11 0 0
1.154500e-09 4.937604e-12 2.221937e-11 0 0
1.155000e-09 4.863067e-12 2.188476e-11 0 0
1.155500e-09 4.789653e-12 2.155518e-11 0 0
1.156000e-09 4.717346e-12 2.123056e-11 0 0
1.156500e-09 4.646129e-12 2.091081e-11 0 0
1.157000e-09 4.575986e-12 2.059587e-11 0 0
1.157500e-09 4.506900e-12 2.028567e-11 0 0
1.158000e-09 4.438855e-12 1.998013e-11 0 0
1.158500e-09 4.371837e-12 1.967919e-11 0 0
1.159000e-09 4.305829e-12 1.938277e-11 0 0
1.159500e-09 4.240816e-12 1.909081e-11 0 0
1.160000e-09 4.176783e-12 1.880323e-11 0 0
1.160500e-09 4.113715e-12 1.851999e-11 0 0
1.161000e-09 4.051599e-12 1.824100e-11 0 0
1.161500e-09 3.990419e-12 1.796621e-11 0 0
1.162000e-09 3.930162e-12 1.769555e-11 0 0
1.162500e-09 3.870813e-12 1.742896e-11 0 0
1.163000e-09 3.812359e-12 1.716638e-11 0 0
1.163500e-09 3.754787e-12 1.690775e-11 0 0
1.164000e-09 3.698083e-12 1.665301e-11 0 0
1.164500e-09 3.642234e-12 1.640210e-11 0 0
1.165000e-09 3.587227e-12 1.615496e-11 0 0
1.165500e-09 3.533050e-12 1.591155e-11 0 0
1.166000e-09 3.479690e-12 1.567179e-11 0 0
1.166500e-09 3.427135e-12 1.543564e-11 0 0
1.167000e-09 3.375372e-12 1.520304e-11 0 0
1.167500e-09 3.324390e-12 1.497395e-11 0 0
1.168000e-09 3.274177e-12 1.474830e-11 0 0
1.168500e-09 3.224722e-12 1.452604e-11 0 0
1.169000e-09 3.176012e-12 1.430713e-11 0 0
1.169500e-09 3.128037e-12 1.409151e-11 0 0
1.170000e-09 3.080786e-12 1.387913e-11 0 0
1.170500e-09 3.034248e-12 1.366995e-11 0 0
1.171000e-09 2.988411e-12 1.346392e-11 0 0
1.171500e-09 2.943266e-12 1.326099e-11 0 0
1.172000e-09 2.898802e-12 1.306111e-11 0 0
1.172500e-09 2.855009e-12 1.286424e-11 0 0
1.173000e-09 2.811877e-12 1.267034e-11 0 0
1.173500e-09 2.769395e-12 1.247935e-11 0 0
1.174000e-09 2.727554e-12 1.229123e-11 0 0
1.174500e-09 2.686345e-12 1.210595e-11 0 0
1.175000e-09 2.645757e-12 1.192345e-11 0 0
1.175500e-09 2.605782e-12 1.174370e-11 0 0
1.176000e-09 2.566410e-12 1.156666e-11 0 0
1.176500e-09 2.527632e-12 1.139228e-11 0 0
1.177000e-09 2.489439e-12 1.122053e-11 0 0
1.177500e-09 2.451822e-12 1.105136e-11 0 0
1.178000e-09 2.414773e-12 1.088474e-11 0 0
1.178500e-09 2.378283e-12 1.072062e-11 0 0
1.179000e-09 2.342344e-12 1.055898e-11 0 0
1.179500e-09 2.306947e-12 1.039977e-11 0 0
1.180000e-09 2.272085e-12 1.024295e-11 0 0
1.180500e-09 2.237748e-12 1.008850e-11 0 0
1.181000e-09 2.203930e-12 9.936373e-12 0 0
1.181500e-09 2.170622e-12 9.786535e-12 0 0
1.182000e-09 2.137817e-12 9.638954e-12 0 0
1.182500e-09 2.105507e-12 9.493595e-12 0 0
1.183000e-09 2.073684e-12 9.350424e-12 0 0
1.183500e-09 2.042342e-12 9.209409e-12 0 0
1.184000e-09 2.011473e-12 9.070518e-12 0 0
1.184500e-09 1.981070e-12 8.933718e-12 0 0
1.185000e-09 1.951126e-12 8.798978e-12 0 0
1.185500e-09 1.921634e-12 8.666266e-12 0 0
1.186000e-09 1.892587e-12 8.535554e-12 0 0
1.186500e-09 1.863978e-12 8.406809e-12 0 0
1.187000e-09 1.835802e-12 8.280004e-12 0 0
1.187500e-09 1.808051e-12 8.155109e-12 0 0
1.188000e-09 1.780719e-12 8.032094e-12 0 0
1.188500e-09 1.753799e-12 7.910932e-12 0 0
1.189000e-09 1.727286e-12 7.791595e-12 0 0
1.189500e-09 1.701173e-12 7.674056e-12 0 0
1.190000e-09 1.675454e-12 7.558286e-12 0 0
1.190500e-09 1.650124e-12 7.444261e-12 0 0
1.191000e-09 1.625176e-12 7.331953e-12 0 0
1.191500e-09 1.600605e-12 7.221337e-12 0 0
1.192000e-09 1.576405e-12 7.112387e-12 0 0
1.192500e-09 1.552570e-12 7.005079e-12 0 0
1.193000e-09 1.529095e-12 6.899387e-12 0 0
1.193500e-09 1.505975e-12 6.795287e-12 0 0
1.194000e-09 1.483204e-12 6.692756e-12 0 0
1.194500e-09 1.460777e-12 6.591769e-12 0 0
1.195000e-09 1.438688e-12 6.492304e-12 0 0
1.195500e-09 1.416933e-12 6.394338e-12 0 0
1.196000e-09 1.395506e-12 6.297847e-12 0 0
1.196500e-09 1.374403e-12 6.202810e-12 0 0
1.197000e-09 1.353619e-12 6.109206e-12 0 0
1.197500e-09 1.333149e-12 6.017011e-12 0 0
1.198000e-09 1.312988e-12 5.926206e-12 0 0
1.198500e-09 1.293131e-12 5.836770e-12 0 0
1.199000e-09 1.273574e-12 5.748681e-12 0 0
1.199500e-09 1.254313e-12 5.661919e-12 0 0
1.200000e-09 1.235343e-12 5.576465e-12 0 0
