0.000000e+00 1.050000e+00 1.049995e+00
5.000000e-13 1.050000e+00 1.049995e+00
1.000000e-12 1.050000e+00 1.049995e+00
1.500000e-12 1.050000e+00 1.049995e+00
2.000000e-12 1.050000e+00 1.049995e+00
2.500000e-12 1.050000e+00 1.049995e+00
3.000000e-12 1.050000e+00 1.049995e+00
3.500000e-12 1.050000e+00 1.049995e+00
4.000000e-12 1.050000e+00 1.049995e+00
4.500000e-12 1.050000e+00 1.049995e+00
5.000000e-12 1.050000e+00 1.049995e+00
5.500000e-12 1.050000e+00 1.049995e+00
6.000000e-12 1.050000e+00 1.049995e+00
6.500000e-12 1.050000e+00 1.049995e+00
7.000000e-12 1.050000e+00 1.050031e+00
7.500000e-12 1.050000e+00 1.049980e+00
8.000000e-12 1.050000e+00 1.049981e+00
8.500000e-12 1.050000e+00 1.049984e+00
9.000000e-12 1.050000e+00 1.049987e+00
9.500000e-12 1.050000e+00 1.049969e+00
1.000000e-11 1.050000e+00 1.049905e+00
1.050000e-11 1.050000e+00 1.049879e+00
1.100000e-11 1.050000e+00 1.049838e+00
1.150000e-11 1.050000e+00 1.049827e+00
1.200000e-11 1.050000e+00 1.050225e+00
1.250000e-11 1.050000e+00 1.051581e+00
1.300000e-11 1.050000e+00 1.053246e+00
1.350000e-11 1.050000e+00 1.054389e+00
1.400000e-11 1.050000e+00 1.055484e+00
1.450000e-11 1.050000e+00 1.055756e+00
1.500000e-11 1.050000e+00 1.053522e+00
1.550000e-11 1.050000e+00 1.051118e+00
1.600000e-11 1.050000e+00 1.050329e+00
1.650000e-11 1.050000e+00 1.050160e+00
1.700000e-11 1.050000e+00 1.050159e+00
1.750000e-11 1.050000e+00 1.050166e+00
1.800000e-11 1.050000e+00 1.050061e+00
1.850000e-11 1.050000e+00 1.049422e+00
1.900000e-11 1.050000e+00 1.054601e+00
1.950000e-11 1.050000e+00 1.054741e+00
2.000000e-11 1.050000e+00 1.052752e+00
2.050000e-11 1.050000e+00 1.048918e+00
2.100000e-11 1.050000e+00 1.006615e+00
2.150000e-11 1.050000e+00 8.657355e-01
2.200000e-11 1.050000e+00 6.315449e-01
2.250000e-11 1.050000e+00 3.597773e-01
2.300000e-11 1.050000e+00 1.776472e-01
2.350000e-11 1.050000e+00 7.315250e-02
2.400000e-11 1.050000e+00 2.835057e-02
2.450000e-11 1.050000e+00 1.381534e-02
2.500000e-11 1.050000e+00 7.983021e-03
2.550000e-11 1.050000e+00 5.331300e-03
2.600000e-11 1.050000e+00 3.242515e-03
2.650000e-11 1.050000e+00 1.559524e-03
2.700000e-11 1.050000e+00 5.865493e-04
2.750000e-11 1.050000e+00 6.412956e-05
2.800000e-11 1.050000e+00 -2.592482e-04
2.850000e-11 1.050000e+00 -5.051033e-04
2.900000e-11 1.050000e+00 -7.590962e-04
2.950000e-11 1.050000e+00 -1.051894e-03
3.000000e-11 1.050000e+00 -1.392650e-03
3.050000e-11 1.050000e+00 -1.804137e-03
3.100000e-11 1.050000e+00 -2.258337e-03
3.150000e-11 1.050000e+00 -2.733804e-03
3.200000e-11 1.050000e+00 -3.208692e-03
3.250000e-11 1.050000e+00 -3.666523e-03
3.300000e-11 1.050000e+00 -4.099992e-03
3.350000e-11 1.050000e+00 -4.449246e-03
3.400000e-11 1.050000e+00 -4.359274e-03
3.450000e-11 1.050000e+00 -2.080373e-03
3.500000e-11 1.050000e+00 8.606976e-03
3.550000e-11 1.050000e+00 3.842464e-02
3.600000e-11 1.050000e+00 9.199445e-02
3.650000e-11 1.050000e+00 1.732959e-01
3.700000e-11 1.050000e+00 3.025386e-01
3.750000e-11 1.050000e+00 4.666345e-01
3.800000e-11 1.050000e+00 6.546549e-01
3.850000e-11 1.050000e+00 8.287193e-01
3.900000e-11 1.050000e+00 9.521025e-01
3.950000e-11 1.050000e+00 1.005434e+00
4.000000e-11 1.050000e+00 1.027723e+00
4.050000e-11 1.050000e+00 1.038104e+00
4.100000e-11 1.050000e+00 1.043246e+00
4.150000e-11 1.050000e+00 1.045658e+00
4.200000e-11 1.050000e+00 1.046863e+00
4.250000e-11 1.050000e+00 1.047532e+00
4.300000e-11 1.050000e+00 1.047950e+00
4.350000e-11 1.050000e+00 1.048228e+00
4.400000e-11 1.050000e+00 1.048434e+00
4.450000e-11 1.050000e+00 1.048598e+00
4.500000e-11 1.050000e+00 1.048733e+00
4.550000e-11 1.050000e+00 1.048844e+00
4.600000e-11 1.050000e+00 1.048950e+00
4.650000e-11 1.050000e+00 1.049019e+00
4.700000e-11 1.050000e+00 1.049092e+00
4.750000e-11 1.050000e+00 1.049153e+00
4.800000e-11 1.050000e+00 1.049211e+00
4.850000e-11 1.050000e+00 1.049267e+00
4.900000e-11 1.050000e+00 1.049302e+00
4.950000e-11 1.050000e+00 1.049345e+00
5.000000e-11 1.050000e+00 1.049383e+00
5.050000e-11 1.050000e+00 1.049415e+00
5.100000e-11 1.050000e+00 1.049445e+00
5.150000e-11 1.050000e+00 1.049483e+00
5.200000e-11 1.050000e+00 1.049498e+00
5.250000e-11 1.050000e+00 1.049526e+00
5.300000e-11 1.050000e+00 1.049546e+00
5.350000e-11 1.050000e+00 1.049568e+00
5.400000e-11 1.050000e+00 1.049590e+00
5.450000e-11 1.050000e+00 1.049607e+00
5.500000e-11 1.050000e+00 1.049623e+00
5.550000e-11 1.050000e+00 1.049639e+00
5.600000e-11 1.050000e+00 1.049654e+00
5.650000e-11 1.050000e+00 1.049669e+00
5.700000e-11 1.050000e+00 1.049691e+00
5.750000e-11 1.050000e+00 1.049693e+00
5.800000e-11 1.050000e+00 1.049709e+00
5.850000e-11 1.050000e+00 1.049718e+00
5.900000e-11 1.050000e+00 1.049730e+00
5.950000e-11 1.050000e+00 1.049740e+00
6.000000e-11 1.050000e+00 1.049750e+00
6.050000e-11 1.050000e+00 1.049759e+00
6.100000e-11 1.050000e+00 1.049768e+00
6.150000e-11 1.050000e+00 1.049776e+00
6.200000e-11 1.050000e+00 1.049793e+00
6.250000e-11 1.050000e+00 1.049790e+00
6.300000e-11 1.050000e+00 1.049801e+00
6.350000e-11 1.050000e+00 1.049806e+00
6.400000e-11 1.050000e+00 1.049813e+00
6.450000e-11 1.050000e+00 1.049819e+00
6.500000e-11 1.050000e+00 1.049825e+00
6.550000e-11 1.050000e+00 1.049831e+00
6.600000e-11 1.050000e+00 1.049837e+00
6.650000e-11 1.050000e+00 1.049842e+00
6.700000e-11 1.050000e+00 1.049847e+00
6.750000e-11 1.050000e+00 1.049852e+00
6.800000e-11 1.050000e+00 1.049857e+00
6.850000e-11 1.050000e+00 1.049861e+00
6.900000e-11 1.050000e+00 1.049865e+00
6.950000e-11 1.050000e+00 1.049870e+00
7.000000e-11 1.050000e+00 1.049874e+00
7.050000e-11 1.050000e+00 1.049877e+00
7.100000e-11 1.050000e+00 1.049881e+00
7.150000e-11 1.050000e+00 1.049893e+00
7.200000e-11 1.050000e+00 1.049886e+00
7.250000e-11 1.050000e+00 1.049893e+00
7.300000e-11 1.050000e+00 1.049894e+00
7.350000e-11 1.050000e+00 1.049898e+00
7.400000e-11 1.050000e+00 1.049900e+00
7.450000e-11 1.050000e+00 1.049903e+00
7.500000e-11 1.050000e+00 1.049906e+00
7.550000e-11 1.050000e+00 1.049909e+00
7.600000e-11 1.050000e+00 1.049911e+00
7.650000e-11 1.050000e+00 1.049913e+00
7.700000e-11 1.050000e+00 1.049916e+00
7.750000e-11 1.050000e+00 1.049918e+00
7.800000e-11 1.050000e+00 1.049920e+00
7.850000e-11 1.050000e+00 1.049922e+00
7.900000e-11 1.050000e+00 1.049924e+00
7.950000e-11 1.050000e+00 1.049926e+00
8.000000e-11 1.050000e+00 1.049928e+00
8.050000e-11 1.050000e+00 1.049930e+00
8.100000e-11 1.050000e+00 1.049932e+00
8.150000e-11 1.050000e+00 1.049934e+00
8.200000e-11 1.050000e+00 1.049934e+00
8.250000e-11 1.050000e+00 1.049937e+00
8.300000e-11 1.050000e+00 1.049938e+00
8.350000e-11 1.050000e+00 1.049939e+00
8.400000e-11 1.050000e+00 1.049940e+00
8.450000e-11 1.050000e+00 1.049942e+00
8.500000e-11 1.050000e+00 1.049942e+00
8.550000e-11 1.050000e+00 1.049945e+00
8.600000e-11 1.050000e+00 1.049945e+00
8.650000e-11 1.050000e+00 1.049947e+00
8.700000e-11 1.050000e+00 1.049948e+00
8.750000e-11 1.050000e+00 1.049949e+00
8.800000e-11 1.050000e+00 1.049950e+00
8.850000e-11 1.050000e+00 1.049953e+00
8.900000e-11 1.050000e+00 1.049950e+00
8.950000e-11 1.050000e+00 1.049955e+00
9.000000e-11 1.050000e+00 1.049952e+00
9.050000e-11 1.050000e+00 1.049957e+00
9.100000e-11 1.050000e+00 1.049954e+00
9.150000e-11 1.050000e+00 1.049957e+00
9.200000e-11 1.050000e+00 1.049958e+00
9.250000e-11 1.050000e+00 1.049958e+00
9.300000e-11 1.050000e+00 1.049958e+00
9.350000e-11 1.050000e+00 1.049961e+00
9.400000e-11 1.050000e+00 1.049962e+00
9.450000e-11 1.050000e+00 1.049960e+00
9.500000e-11 1.050000e+00 1.049963e+00
9.550000e-11 1.050000e+00 1.049961e+00
9.600000e-11 1.050000e+00 1.049963e+00
9.650000e-11 1.050000e+00 1.049963e+00
9.700000e-11 1.050000e+00 1.049963e+00
9.750000e-11 1.050000e+00 1.049964e+00
9.800000e-11 1.050000e+00 1.049964e+00
9.850000e-11 1.050000e+00 1.049967e+00
9.900000e-11 1.050000e+00 1.049968e+00
9.950000e-11 1.050000e+00 1.049968e+00
1.000000e-10 1.050000e+00 1.049965e+00
1.005000e-10 1.050000e+00 1.049970e+00
1.010000e-10 1.050000e+00 1.049968e+00
1.015000e-10 1.050000e+00 1.049970e+00
1.020000e-10 1.050000e+00 1.049968e+00
1.025000e-10 1.050000e+00 1.049971e+00
1.030000e-10 1.050000e+00 1.049971e+00
1.035000e-10 1.050000e+00 1.049969e+00
1.040000e-10 1.050000e+00 1.049972e+00
1.045000e-10 1.050000e+00 1.049969e+00
1.050000e-10 1.050000e+00 1.049973e+00
1.055000e-10 1.050000e+00 1.049970e+00
1.060000e-10 1.050000e+00 1.049973e+00
1.065000e-10 1.050000e+00 1.049971e+00
1.070000e-10 1.050000e+00 1.049974e+00
1.075000e-10 1.050000e+00 1.049974e+00
1.080000e-10 1.050000e+00 1.049975e+00
1.085000e-10 1.050000e+00 1.049974e+00
1.090000e-10 1.050000e+00 1.049973e+00
1.095000e-10 1.050000e+00 1.049976e+00
1.100000e-10 1.050000e+00 1.049975e+00
1.105000e-10 1.050000e+00 1.049976e+00
1.110000e-10 1.050000e+00 1.049976e+00
1.115000e-10 1.050000e+00 1.049976e+00
1.120000e-10 1.050000e+00 1.049977e+00
1.125000e-10 1.050000e+00 1.049976e+00
1.130000e-10 1.050000e+00 1.049977e+00
1.135000e-10 1.050000e+00 1.049975e+00
1.140000e-10 1.050000e+00 1.049978e+00
1.145000e-10 1.050000e+00 1.049977e+00
1.150000e-10 1.050000e+00 1.049978e+00
1.155000e-10 1.050000e+00 1.049978e+00
1.160000e-10 1.050000e+00 1.049978e+00
1.165000e-10 1.050000e+00 1.049978e+00
1.170000e-10 1.050000e+00 1.049978e+00
1.175000e-10 1.050000e+00 1.049979e+00
1.180000e-10 1.050000e+00 1.049977e+00
1.185000e-10 1.050000e+00 1.049980e+00
1.190000e-10 1.050000e+00 1.049979e+00
1.195000e-10 1.050000e+00 1.049979e+00
1.200000e-10 1.050000e+00 1.049980e+00
1.205000e-10 1.050000e+00 1.049980e+00
1.210000e-10 1.050000e+00 1.049978e+00
1.215000e-10 1.050000e+00 1.049981e+00
1.220000e-10 1.050000e+00 1.049980e+00
1.225000e-10 1.050000e+00 1.049981e+00
1.230000e-10 1.050000e+00 1.049981e+00
1.235000e-10 1.050000e+00 1.049981e+00
1.240000e-10 1.050000e+00 1.049981e+00
1.245000e-10 1.050000e+00 1.049981e+00
1.250000e-10 1.050000e+00 1.049982e+00
1.255000e-10 1.050000e+00 1.049981e+00
1.260000e-10 1.050000e+00 1.049981e+00
1.265000e-10 1.050000e+00 1.049982e+00
1.270000e-10 1.050000e+00 1.049982e+00
1.275000e-10 1.050000e+00 1.049982e+00
1.280000e-10 1.050000e+00 1.049982e+00
1.285000e-10 1.050000e+00 1.049982e+00
1.290000e-10 1.050000e+00 1.049982e+00
1.295000e-10 1.050000e+00 1.049982e+00
1.300000e-10 1.050000e+00 1.049982e+00
1.305000e-10 1.050000e+00 1.049983e+00
1.310000e-10 1.050000e+00 1.049984e+00
1.315000e-10 1.050000e+00 1.049984e+00
1.320000e-10 1.050000e+00 1.049983e+00
1.325000e-10 1.050000e+00 1.049983e+00
1.330000e-10 1.050000e+00 1.049983e+00
1.335000e-10 1.050000e+00 1.049983e+00
1.340000e-10 1.050000e+00 1.049983e+00
1.345000e-10 1.050000e+00 1.049983e+00
1.350000e-10 1.050000e+00 1.049984e+00
1.355000e-10 1.050000e+00 1.049984e+00
1.360000e-10 1.050000e+00 1.049983e+00
1.365000e-10 1.050000e+00 1.049984e+00
1.370000e-10 1.050000e+00 1.049984e+00
1.375000e-10 1.050000e+00 1.049984e+00
1.380000e-10 1.050000e+00 1.049984e+00
1.385000e-10 1.050000e+00 1.049984e+00
1.390000e-10 1.050000e+00 1.049984e+00
1.395000e-10 1.050000e+00 1.049984e+00
1.400000e-10 1.050000e+00 1.049985e+00
1.405000e-10 1.050000e+00 1.049984e+00
1.410000e-10 1.050000e+00 1.049985e+00
1.415000e-10 1.050000e+00 1.049985e+00
1.420000e-10 1.050000e+00 1.049985e+00
1.425000e-10 1.050000e+00 1.049985e+00
1.430000e-10 1.050000e+00 1.049985e+00
1.435000e-10 1.050000e+00 1.049985e+00
1.440000e-10 1.050000e+00 1.049985e+00
1.445000e-10 1.050000e+00 1.049985e+00
1.450000e-10 1.050000e+00 1.049985e+00
1.455000e-10 1.050000e+00 1.049985e+00
1.460000e-10 1.050000e+00 1.049986e+00
1.465000e-10 1.050000e+00 1.049985e+00
1.470000e-10 1.050000e+00 1.049986e+00
1.475000e-10 1.050000e+00 1.049986e+00
1.480000e-10 1.050000e+00 1.049986e+00
1.485000e-10 1.050000e+00 1.049986e+00
1.490000e-10 1.050000e+00 1.049986e+00
1.495000e-10 1.050000e+00 1.049986e+00
1.500000e-10 1.050000e+00 1.049986e+00
