0.000000e+00 0 0
5.000000e-13 0 0
1.000000e-12 0 0
1.500000e-12 0 0
2.000000e-12 0 0
2.500000e-12 0 0
3.000000e-12 0 0
3.500000e-12 0 0
4.000000e-12 0 0
4.500000e-12 0 0
5.000000e-12 0 0
5.500000e-12 0 0
6.000000e-12 0 0
6.500000e-12 0 0
7.000000e-12 0 0
7.500000e-12 0 0
8.000000e-12 0 0
8.500000e-12 0 0
9.000000e-12 0 0
9.500000e-12 0 0
1.000000e-11 0 0
1.050000e-11 0 0
1.100000e-11 0 0
1.150000e-11 0 0
1.200000e-11 0 0
1.250000e-11 0 0
1.300000e-11 0 0
1.350000e-11 0 0
1.400000e-11 0 0
1.450000e-11 0 0
1.500000e-11 0 0
1.550000e-11 0 0
1.600000e-11 0 0
1.650000e-11 0 0
1.700000e-11 0 0
1.750000e-11 0 0
1.800000e-11 0 0
1.850000e-11 0 0
1.900000e-11 0 0
1.950000e-11 0 0
2.000000e-11 0 0
2.050000e-11 0 0
2.100000e-11 0 0
2.150000e-11 0 0
2.200000e-11 0 0
2.250000e-11 0 0
2.300000e-11 0 0
2.350000e-11 0 0
2.400000e-11 0 0
2.450000e-11 0 0
2.500000e-11 0 0
2.550000e-11 0 0
2.600000e-11 0 0
2.650000e-11 0 0
2.700000e-11 0 0
2.750000e-11 0 0
2.800000e-11 0 0
2.850000e-11 0 0
2.900000e-11 0 0
2.950000e-11 0 0
3.000000e-11 0 0
3.050000e-11 0 0
3.100000e-11 0 0
3.150000e-11 0 0
3.200000e-11 0 0
3.250000e-11 0 0
3.300000e-11 0 0
3.350000e-11 0 0
3.400000e-11 0 0
3.450000e-11 0 0
3.500000e-11 0 0
3.550000e-11 0 0
3.600000e-11 0 0
3.650000e-11 0 0
3.700000e-11 0 0
3.750000e-11 0 0
3.800000e-11 0 0
3.850000e-11 0 0
3.900000e-11 0 0
3.950000e-11 0 0
4.000000e-11 0 0
4.050000e-11 0 0
4.100000e-11 0 0
4.150000e-11 0 0
4.200000e-11 0 0
4.250000e-11 0 0
4.300000e-11 0 0
4.350000e-11 0 0
4.400000e-11 0 0
4.450000e-11 0 0
4.500000e-11 0 0
4.550000e-11 0 0
4.600000e-11 0 0
4.650000e-11 0 0
4.700000e-11 0 0
4.750000e-11 0 0
4.800000e-11 0 0
4.850000e-11 0 0
4.900000e-11 0 0
4.950000e-11 0 0
5.000000e-11 0 0
5.050000e-11 0 0
5.100000e-11 0 0
5.150000e-11 0 0
5.200000e-11 0 0
5.250000e-11 0 0
5.300000e-11 0 0
5.350000e-11 0 0
5.400000e-11 0 0
5.450000e-11 0 0
5.500000e-11 0 0
5.550000e-11 0 0
5.600000e-11 0 0
5.650000e-11 0 0
5.700000e-11 0 0
5.750000e-11 0 0
5.800000e-11 0 0
5.850000e-11 0 0
5.900000e-11 0 0
5.950000e-11 0 0
6.000000e-11 0 0
6.050000e-11 0 0
6.100000e-11 0 0
6.150000e-11 0 0
6.200000e-11 0 0
6.250000e-11 0 0
6.300000e-11 0 0
6.350000e-11 0 0
6.400000e-11 0 0
6.450000e-11 0 0
6.500000e-11 0 0
6.550000e-11 0 0
6.600000e-11 0 0
6.650000e-11 0 0
6.700000e-11 0 0
6.750000e-11 0 0
6.800000e-11 0 0
6.850000e-11 0 0
6.900000e-11 0 0
6.950000e-11 0 0
7.000000e-11 0 0
7.050000e-11 0 0
7.100000e-11 0 0
7.150000e-11 0 0
7.200000e-11 0 0
7.250000e-11 0 0
7.300000e-11 0 0
7.350000e-11 0 0
7.400000e-11 0 0
7.450000e-11 0 0
7.500000e-11 0 0
7.550000e-11 0 0
7.600000e-11 0 0
7.650000e-11 0 0
7.700000e-11 0 0
7.750000e-11 0 0
7.800000e-11 0 0
7.850000e-11 0 0
7.900000e-11 0 0
7.950000e-11 0 0
8.000000e-11 0 0
8.050000e-11 0 0
8.100000e-11 0 0
8.150000e-11 0 0
8.200000e-11 0 0
8.250000e-11 0 0
8.300000e-11 0 0
8.350000e-11 0 0
8.400000e-11 0 0
8.450000e-11 0 0
8.500000e-11 0 0
8.550000e-11 0 0
8.600000e-11 0 0
8.650000e-11 0 0
8.700000e-11 0 0
8.750000e-11 0 0
8.800000e-11 0 0
8.850000e-11 0 0
8.900000e-11 0 0
8.950000e-11 0 0
9.000000e-11 0 0
9.050000e-11 0 0
9.100000e-11 0 0
9.150000e-11 0 0
9.200000e-11 0 0
9.250000e-11 0 0
9.300000e-11 0 0
9.350000e-11 0 0
9.400000e-11 0 0
9.450000e-11 0 0
9.500000e-11 0 0
9.550000e-11 0 0
9.600000e-11 0 0
9.650000e-11 0 0
9.700000e-11 0 0
9.750000e-11 0 0
9.800000e-11 0 0
9.850000e-11 0 0
9.900000e-11 0 0
9.950000e-11 0 0
1.000000e-10 0 0
1.005000e-10 0 0
1.010000e-10 0 0
1.015000e-10 0 0
1.020000e-10 0 0
1.025000e-10 0 0
1.030000e-10 0 0
1.035000e-10 0 0
1.040000e-10 0 0
1.045000e-10 0 0
1.050000e-10 0 0
1.055000e-10 0 0
1.060000e-10 0 0
1.065000e-10 0 0
1.070000e-10 0 0
1.075000e-10 0 0
1.080000e-10 0 0
1.085000e-10 0 0
1.090000e-10 0 0
1.095000e-10 0 0
1.100000e-10 0 0
1.105000e-10 0 0
1.110000e-10 0 0
1.115000e-10 0 0
1.120000e-10 0 0
1.125000e-10 0 0
1.130000e-10 0 0
1.135000e-10 0 0
1.140000e-10 0 0
1.145000e-10 0 0
1.150000e-10 0 0
1.155000e-10 0 0
1.160000e-10 0 0
1.165000e-10 0 0
1.170000e-10 0 0
1.175000e-10 0 0
1.180000e-10 0 0
1.185000e-10 0 0
1.190000e-10 0 0
1.195000e-10 0 0
1.200000e-10 0 0
1.205000e-10 0 0
1.210000e-10 0 0
1.215000e-10 0 0
1.220000e-10 0 0
1.225000e-10 0 0
1.230000e-10 0 0
1.235000e-10 0 0
1.240000e-10 0 0
1.245000e-10 0 0
1.250000e-10 0 0
1.255000e-10 0 0
1.260000e-10 0 0
1.265000e-10 0 0
1.270000e-10 0 0
1.275000e-10 0 0
1.280000e-10 0 0
1.285000e-10 0 0
1.290000e-10 0 0
1.295000e-10 0 0
1.300000e-10 0 0
1.305000e-10 0 0
1.310000e-10 0 0
1.315000e-10 0 0
1.320000e-10 0 0
1.325000e-10 0 0
1.330000e-10 0 0
1.335000e-10 0 0
1.340000e-10 0 0
1.345000e-10 0 0
1.350000e-10 0 0
1.355000e-10 0 0
1.360000e-10 0 0
1.365000e-10 0 0
1.370000e-10 0 0
1.375000e-10 0 0
1.380000e-10 0 0
1.385000e-10 0 0
1.390000e-10 0 0
1.395000e-10 0 0
1.400000e-10 0 0
1.405000e-10 0 0
1.410000e-10 0 0
1.415000e-10 0 0
1.420000e-10 0 0
1.425000e-10 0 0
1.430000e-10 0 0
1.435000e-10 0 0
1.440000e-10 0 0
1.445000e-10 0 0
1.450000e-10 0 0
1.455000e-10 0 0
1.460000e-10 0 0
1.465000e-10 0 0
1.470000e-10 0 0
1.475000e-10 0 0
1.480000e-10 0 0
1.485000e-10 0 0
1.490000e-10 0 0
1.495000e-10 0 0
1.500000e-10 0 0
1.505000e-10 0 0
1.510000e-10 0 0
1.515000e-10 0 0
1.520000e-10 0 0
1.525000e-10 0 0
1.530000e-10 0 0
1.535000e-10 0 0
1.540000e-10 0 0
1.545000e-10 0 0
1.550000e-10 0 0
1.555000e-10 0 0
1.560000e-10 0 0
1.565000e-10 0 0
1.570000e-10 0 0
1.575000e-10 0 0
1.580000e-10 0 0
1.585000e-10 0 0
1.590000e-10 0 0
1.595000e-10 0 0
1.600000e-10 0 0
1.605000e-10 0 0
1.610000e-10 0 0
1.615000e-10 0 0
1.620000e-10 0 0
1.625000e-10 0 0
1.630000e-10 0 0
1.635000e-10 0 0
1.640000e-10 0 0
1.645000e-10 0 0
1.650000e-10 0 0
1.655000e-10 0 0
1.660000e-10 0 0
1.665000e-10 0 0
1.670000e-10 0 0
1.675000e-10 0 0
1.680000e-10 0 0
1.685000e-10 0 0
1.690000e-10 0 0
1.695000e-10 0 0
1.700000e-10 0 0
1.705000e-10 0 0
1.710000e-10 0 0
1.715000e-10 0 0
1.720000e-10 0 0
1.725000e-10 0 0
1.730000e-10 0 0
1.735000e-10 0 0
1.740000e-10 0 0
1.745000e-10 0 0
1.750000e-10 0 0
1.755000e-10 0 0
1.760000e-10 0 0
1.765000e-10 0 0
1.770000e-10 0 0
1.775000e-10 0 0
1.780000e-10 0 0
1.785000e-10 0 0
1.790000e-10 0 0
1.795000e-10 0 0
1.800000e-10 0 0
1.805000e-10 0 0
1.810000e-10 0 0
1.815000e-10 0 0
1.820000e-10 0 0
1.825000e-10 0 0
1.830000e-10 0 0
1.835000e-10 0 0
1.840000e-10 0 0
1.845000e-10 0 0
1.850000e-10 0 0
1.855000e-10 0 0
1.860000e-10 0 0
1.865000e-10 0 0
1.870000e-10 0 0
1.875000e-10 0 0
1.880000e-10 0 0
1.885000e-10 0 0
1.890000e-10 0 0
1.895000e-10 0 0
1.900000e-10 0 0
1.905000e-10 0 0
1.910000e-10 0 0
1.915000e-10 0 0
1.920000e-10 0 0
1.925000e-10 0 0
1.930000e-10 0 0
1.935000e-10 0 0
1.940000e-10 0 0
1.945000e-10 0 0
1.950000e-10 0 0
1.955000e-10 0 0
1.960000e-10 0 0
1.965000e-10 0 0
1.970000e-10 0 0
1.975000e-10 0 0
1.980000e-10 0 0
1.985000e-10 0 0
1.990000e-10 0 0
1.995000e-10 0 0
2.000000e-10 0 0
2.005000e-10 0 0
2.010000e-10 0 0
2.015000e-10 0 0
2.020000e-10 0 0
2.025000e-10 0 0
2.030000e-10 0 0
2.035000e-10 0 0
2.040000e-10 0 0
2.045000e-10 0 0
2.050000e-10 0 0
2.055000e-10 0 0
2.060000e-10 0 0
2.065000e-10 0 0
2.070000e-10 0 0
2.075000e-10 0 0
2.080000e-10 0 0
2.085000e-10 0 0
2.090000e-10 0 0
2.095000e-10 0 0
2.100000e-10 0 0
2.105000e-10 0 0
2.110000e-10 0 0
2.115000e-10 0 0
2.120000e-10 0 0
2.125000e-10 0 0
2.130000e-10 0 0
2.135000e-10 0 0
2.140000e-10 0 0
2.145000e-10 0 0
2.150000e-10 0 0
2.155000e-10 0 0
2.160000e-10 0 0
2.165000e-10 0 0
2.170000e-10 0 0
2.175000e-10 0 0
2.180000e-10 0 0
2.185000e-10 0 0
2.190000e-10 0 0
2.195000e-10 0 0
2.200000e-10 0 0
2.205000e-10 0 0
2.210000e-10 0 0
2.215000e-10 0 0
2.220000e-10 0 0
2.225000e-10 0 0
2.230000e-10 0 0
2.235000e-10 0 0
2.240000e-10 0 0
2.245000e-10 0 0
2.250000e-10 0 0
2.255000e-10 0 0
2.260000e-10 0 0
2.265000e-10 0 0
2.270000e-10 0 0
2.275000e-10 0 0
2.280000e-10 0 0
2.285000e-10 0 0
2.290000e-10 0 0
2.295000e-10 0 0
2.300000e-10 0 0
2.305000e-10 0 0
2.310000e-10 0 0
2.315000e-10 0 0
2.320000e-10 0 0
2.325000e-10 0 0
2.330000e-10 0 0
2.335000e-10 0 0
2.340000e-10 0 0
2.345000e-10 0 0
2.350000e-10 0 0
2.355000e-10 0 0
2.360000e-10 0 0
2.365000e-10 0 0
2.370000e-10 0 0
2.375000e-10 0 0
2.380000e-10 0 0
2.385000e-10 0 0
2.390000e-10 0 0
2.395000e-10 0 0
2.400000e-10 0 0
2.405000e-10 0 0
2.410000e-10 0 0
2.415000e-10 0 0
2.420000e-10 0 0
2.425000e-10 0 0
2.430000e-10 0 0
2.435000e-10 0 0
2.440000e-10 0 0
2.445000e-10 0 0
2.450000e-10 0 0
2.455000e-10 0 0
2.460000e-10 0 0
2.465000e-10 0 0
2.470000e-10 0 0
2.475000e-10 0 0
2.480000e-10 0 0
2.485000e-10 0 0
2.490000e-10 0 0
2.495000e-10 0 0
2.505000e-10 0.000000e+00 0
2.510000e-10 6.505214e-06 0
2.515000e-10 9.148794e-06 0
2.520000e-10 1.114286e-05 0
2.525000e-10 1.279538e-05 0
2.530000e-10 1.422642e-05 0
2.535000e-10 1.549792e-05 0
2.540000e-10 1.664693e-05 0
2.545000e-10 1.769772e-05 0
2.550000e-10 1.866727e-05 0
2.555000e-10 1.956802e-05 0
2.560000e-10 2.040941e-05 0
2.565000e-10 2.119884e-05 0
2.570000e-10 2.194221e-05 0
2.575000e-10 2.264435e-05 0
2.580000e-10 2.330927e-05 0
2.585000e-10 2.394034e-05 0
2.590000e-10 2.454043e-05 0
2.595000e-10 2.511199e-05 0
2.600000e-10 2.565718e-05 0
2.605000e-10 2.617788e-05 0
2.610000e-10 2.667573e-05 0
2.615000e-10 2.715221e-05 0
2.620000e-10 2.760864e-05 0
2.625000e-10 2.804620e-05 0
2.630000e-10 2.846595e-05 0
2.635000e-10 2.886886e-05 0
2.640000e-10 2.925580e-05 0
2.645000e-10 2.962760e-05 0
2.650000e-10 2.998497e-05 0
2.655000e-10 3.032861e-05 0
2.660000e-10 3.065914e-05 0
2.665000e-10 3.097715e-05 0
2.670000e-10 3.128316e-05 0
2.675000e-10 3.157769e-05 0
2.680000e-10 3.186121e-05 0
2.685000e-10 3.213414e-05 0
2.690000e-10 3.239691e-05 0
2.695000e-10 3.264989e-05 0
2.700000e-10 3.289346e-05 0
2.705000e-10 3.312794e-05 0
2.710000e-10 3.335367e-05 0
2.715000e-10 3.357095e-05 0
2.720000e-10 3.378006e-05 0
2.725000e-10 3.398129e-05 0
2.730000e-10 3.417488e-05 0
2.735000e-10 3.436109e-05 0
2.740000e-10 3.454014e-05 0
2.745000e-10 3.471228e-05 0
2.750000e-10 3.487769e-05 0
2.755000e-10 3.503660e-05 0
2.760000e-10 3.518919e-05 0
2.765000e-10 3.533566e-05 0
2.770000e-10 3.547617e-05 0
2.775000e-10 3.561089e-05 0
2.780000e-10 3.574000e-05 0
2.785000e-10 3.586365e-05 0
2.790000e-10 3.598199e-05 0
2.795000e-10 3.609516e-05 0
2.800000e-10 3.620331e-05 0
2.805000e-10 3.630656e-05 0.000000e+00
2.810000e-10 3.640505e-05 5.111240e-06
2.815000e-10 3.649891e-05 7.188338e-06
2.820000e-10 3.658824e-05 8.755105e-06
2.825000e-10 3.667317e-05 1.005352e-05
2.830000e-10 3.675382e-05 1.117790e-05
2.835000e-10 3.683028e-05 1.217694e-05
2.840000e-10 3.690266e-05 1.307973e-05
2.845000e-10 3.697107e-05 1.390535e-05
2.850000e-10 3.703560e-05 1.466714e-05
2.855000e-10 3.709634e-05 1.537487e-05
2.860000e-10 3.715339e-05 1.603597e-05
2.865000e-10 3.720684e-05 1.665623e-05
2.870000e-10 3.725677e-05 1.724031e-05
2.875000e-10 3.730327e-05 1.779199e-05
2.880000e-10 3.734642e-05 1.831443e-05
2.885000e-10 3.738629e-05 1.881027e-05
2.890000e-10 3.742296e-05 1.928176e-05
2.895000e-10 3.745651e-05 1.973085e-05
2.900000e-10 3.748702e-05 2.015921e-05
2.905000e-10 3.751453e-05 2.056833e-05
2.910000e-10 3.753914e-05 2.095950e-05
2.915000e-10 3.756090e-05 2.133388e-05
2.920000e-10 3.757988e-05 2.169251e-05
2.925000e-10 3.759614e-05 2.203630e-05
2.930000e-10 3.760974e-05 2.236610e-05
2.935000e-10 3.762074e-05 2.268267e-05
2.940000e-10 3.762920e-05 2.298670e-05
2.945000e-10 3.763517e-05 2.327883e-05
2.950000e-10 3.763872e-05 2.355962e-05
2.955000e-10 3.763989e-05 2.382962e-05
2.960000e-10 3.763874e-05 2.408933e-05
2.965000e-10 3.763531e-05 2.433919e-05
2.970000e-10 3.762966e-05 2.457963e-05
2.975000e-10 3.762184e-05 2.481104e-05
2.980000e-10 3.761189e-05 2.503380e-05
2.985000e-10 3.759986e-05 2.524825e-05
2.990000e-10 3.758579e-05 2.545471e-05
2.995000e-10 3.756974e-05 2.565349e-05
3.000000e-10 3.755173e-05 2.584486e-05
3.005000e-10 3.753182e-05 2.602910e-05
3.010000e-10 3.751004e-05 2.620646e-05
3.015000e-10 3.748644e-05 2.637717e-05
3.020000e-10 3.746105e-05 2.654148e-05
3.025000e-10 3.743392e-05 2.669958e-05
3.030000e-10 3.740508e-05 2.685169e-05
3.035000e-10 3.737456e-05 2.699800e-05
3.040000e-10 3.734240e-05 2.713869e-05
3.045000e-10 3.730865e-05 2.727393e-05
3.050000e-10 3.727333e-05 2.740390e-05
3.055000e-10 3.723647e-05 2.752876e-05
3.060000e-10 3.719811e-05 2.764865e-05
3.065000e-10 3.715829e-05 2.776373e-05
3.070000e-10 3.711702e-05 2.787413e-05
3.075000e-10 3.707435e-05 2.797999e-05
3.080000e-10 3.703031e-05 2.808143e-05
3.085000e-10 3.698492e-05 2.817858e-05
3.090000e-10 3.693821e-05 2.827156e-05
3.095000e-10 3.689021e-05 2.836048e-05
3.100000e-10 3.684096e-05 2.844546e-05
3.105000e-10 3.679047e-05 2.852659e-05
3.110000e-10 3.673877e-05 2.860397e-05
3.115000e-10 3.668589e-05 2.867771e-05
3.120000e-10 3.663186e-05 2.874790e-05
3.125000e-10 3.657670e-05 2.881464e-05
3.130000e-10 3.652044e-05 2.887800e-05
3.135000e-10 3.646309e-05 2.893808e-05
3.140000e-10 3.640469e-05 2.899495e-05
3.145000e-10 3.634525e-05 2.904870e-05
3.150000e-10 3.628481e-05 2.909940e-05
3.155000e-10 3.622337e-05 2.914712e-05
3.160000e-10 3.616097e-05 2.919195e-05
3.165000e-10 3.609763e-05 2.923395e-05
3.170000e-10 3.603336e-05 2.927318e-05
3.175000e-10 3.596819e-05 2.930971e-05
3.180000e-10 3.590214e-05 2.934361e-05
3.185000e-10 3.583523e-05 2.937494e-05
3.190000e-10 3.576747e-05 2.940376e-05
3.195000e-10 3.569890e-05 2.943012e-05
3.200000e-10 3.562951e-05 2.945408e-05
3.205000e-10 3.555935e-05 2.947571e-05
3.210000e-10 3.548841e-05 2.949504e-05
3.215000e-10 3.541673e-05 2.951214e-05
3.220000e-10 3.534431e-05 2.952705e-05
3.225000e-10 3.527118e-05 2.953982e-05
3.230000e-10 3.519735e-05 2.955051e-05
3.235000e-10 3.512284e-05 2.955915e-05
3.240000e-10 3.504767e-05 2.956580e-05
3.245000e-10 3.497185e-05 2.957049e-05
3.250000e-10 3.489540e-05 2.957328e-05
3.255000e-10 3.481833e-05 2.957420e-05
3.260000e-10 3.474065e-05 2.957329e-05
3.265000e-10 3.466240e-05 2.957060e-05
3.270000e-10 3.458356e-05 2.956616e-05
3.275000e-10 3.450417e-05 2.956002e-05
3.280000e-10 3.442424e-05 2.955220e-05
3.285000e-10 3.434378e-05 2.954275e-05
3.290000e-10 3.426280e-05 2.953170e-05
3.295000e-10 3.418132e-05 2.951908e-05
3.300000e-10 3.409935e-05 2.950493e-05
3.305000e-10 3.401690e-05 2.948929e-05
3.310000e-10 3.393399e-05 2.947218e-05
3.315000e-10 3.385063e-05 2.945363e-05
3.320000e-10 3.376684e-05 2.943369e-05
3.325000e-10 3.368261e-05 2.941237e-05
3.330000e-10 3.359797e-05 2.938970e-05
3.335000e-10 3.351293e-05 2.936572e-05
3.340000e-10 3.342749e-05 2.934046e-05
3.345000e-10 3.334168e-05 2.931394e-05
3.350000e-10 3.325550e-05 2.928618e-05
3.355000e-10 3.316895e-05 2.925723e-05
3.360000e-10 3.308207e-05 2.922709e-05
3.365000e-10 3.299484e-05 2.919580e-05
3.370000e-10 3.290729e-05 2.916338e-05
3.375000e-10 3.281942e-05 2.912985e-05
3.380000e-10 3.273125e-05 2.909524e-05
3.385000e-10 3.264278e-05 2.905958e-05
3.390000e-10 3.255403e-05 2.902288e-05
3.395000e-10 3.246500e-05 2.898517e-05
3.400000e-10 3.237570e-05 2.894647e-05
3.405000e-10 3.228614e-05 2.890680e-05
3.410000e-10 3.219633e-05 2.886618e-05
3.415000e-10 3.210628e-05 2.882463e-05
3.420000e-10 3.201601e-05 2.878218e-05
3.425000e-10 3.192551e-05 2.873884e-05
3.430000e-10 3.183479e-05 2.869463e-05
3.435000e-10 3.174387e-05 2.864957e-05
3.440000e-10 3.165275e-05 2.860368e-05
3.445000e-10 3.156144e-05 2.855698e-05
3.450000e-10 3.146995e-05 2.850949e-05
3.455000e-10 3.137828e-05 2.846122e-05
3.460000e-10 3.128645e-05 2.841219e-05
3.465000e-10 3.119446e-05 2.836242e-05
3.470000e-10 3.110232e-05 2.831193e-05
3.475000e-10 3.101004e-05 2.826072e-05
3.480000e-10 3.091761e-05 2.820883e-05
3.485000e-10 3.082506e-05 2.815625e-05
3.490000e-10 3.073239e-05 2.810301e-05
3.495000e-10 3.063959e-05 2.804913e-05
3.500000e-10 3.054669e-05 2.799462e-05
3.505000e-10 3.045369e-05 2.793949e-05
3.510000e-10 3.036059e-05 2.788375e-05
3.515000e-10 3.026740e-05 2.782743e-05
3.520000e-10 3.017413e-05 2.777053e-05
3.525000e-10 3.008077e-05 2.771307e-05
3.530000e-10 2.998735e-05 2.765506e-05
3.535000e-10 2.989386e-05 2.759652e-05
3.540000e-10 2.980032e-05 2.753746e-05
3.545000e-10 2.970671e-05 2.747788e-05
3.550000e-10 2.961306e-05 2.741781e-05
3.555000e-10 2.951937e-05 2.735726e-05
3.560000e-10 2.942564e-05 2.729623e-05
3.565000e-10 2.933188e-05 2.723474e-05
3.570000e-10 2.923809e-05 2.717280e-05
3.575000e-10 2.914428e-05 2.711042e-05
3.580000e-10 2.905045e-05 2.704762e-05
3.585000e-10 2.895662e-05 2.698440e-05
3.590000e-10 2.886277e-05 2.692077e-05
3.595000e-10 2.876893e-05 2.685675e-05
3.600000e-10 2.867509e-05 2.679235e-05
3.605000e-10 2.858126e-05 2.672757e-05
3.610000e-10 2.848744e-05 2.666242e-05
3.615000e-10 2.839363e-05 2.659693e-05
3.620000e-10 2.829985e-05 2.653108e-05
3.625000e-10 2.820610e-05 2.646491e-05
3.630000e-10 2.811237e-05 2.639840e-05
3.635000e-10 2.801868e-05 2.633159e-05
3.640000e-10 2.792503e-05 2.626446e-05
3.645000e-10 2.783142e-05 2.619703e-05
3.650000e-10 2.773786e-05 2.612932e-05
3.655000e-10 2.764435e-05 2.606132e-05
3.660000e-10 2.755090e-05 2.599305e-05
3.665000e-10 2.745750e-05 2.592452e-05
3.670000e-10 2.736417e-05 2.585573e-05
3.675000e-10 2.727090e-05 2.578669e-05
3.680000e-10 2.717770e-05 2.571741e-05
3.685000e-10 2.708457e-05 2.564790e-05
3.690000e-10 2.699153e-05 2.557816e-05
3.695000e-10 2.689856e-05 2.550821e-05
3.700000e-10 2.680567e-05 2.543805e-05
3.705000e-10 2.671288e-05 2.536768e-05
3.710000e-10 2.662017e-05 2.529712e-05
3.715000e-10 2.652755e-05 2.522637e-05
3.720000e-10 2.643504e-05 2.515543e-05
3.725000e-10 2.634262e-05 2.508433e-05
3.730000e-10 2.625030e-05 2.501305e-05
3.735000e-10 2.615809e-05 2.494161e-05
3.740000e-10 2.606599e-05 2.487002e-05
3.745000e-10 2.597400e-05 2.479827e-05
3.750000e-10 2.588213e-05 2.472639e-05
3.755000e-10 2.579037e-05 2.465437e-05
3.760000e-10 2.569873e-05 2.458221e-05
3.765000e-10 2.560721e-05 2.450993e-05
3.770000e-10 2.551582e-05 2.443754e-05
3.775000e-10 2.542456e-05 2.436503e-05
3.780000e-10 2.533343e-05 2.429241e-05
3.785000e-10 2.524242e-05 2.421969e-05
3.790000e-10 2.515156e-05 2.414687e-05
3.795000e-10 2.506083e-05 2.407397e-05
3.800000e-10 2.497024e-05 2.400097e-05
3.805000e-10 2.487979e-05 2.392790e-05
3.810000e-10 2.478949e-05 2.385475e-05
3.815000e-10 2.469933e-05 2.378153e-05
3.820000e-10 2.460933e-05 2.370824e-05
3.825000e-10 2.451947e-05 2.363489e-05
3.830000e-10 2.442976e-05 2.356149e-05
3.835000e-10 2.434022e-05 2.348804e-05
3.840000e-10 2.425082e-05 2.341453e-05
3.845000e-10 2.416159e-05 2.334099e-05
3.850000e-10 2.407252e-05 2.326741e-05
3.855000e-10 2.398361e-05 2.319379e-05
3.860000e-10 2.389486e-05 2.312015e-05
3.865000e-10 2.380628e-05 2.304648e-05
3.870000e-10 2.371787e-05 2.297279e-05
3.875000e-10 2.362963e-05 2.289908e-05
3.880000e-10 2.354156e-05 2.282536e-05
3.885000e-10 2.345366e-05 2.275163e-05
3.890000e-10 2.336594e-05 2.267789e-05
3.895000e-10 2.327840e-05 2.260416e-05
3.900000e-10 2.319103e-05 2.253043e-05
3.905000e-10 2.310384e-05 2.245670e-05
3.910000e-10 2.301683e-05 2.238299e-05
3.915000e-10 2.293001e-05 2.230928e-05
3.920000e-10 2.284337e-05 2.223560e-05
3.925000e-10 2.275691e-05 2.216193e-05
3.930000e-10 2.267064e-05 2.208829e-05
3.935000e-10 2.258456e-05 2.201468e-05
3.940000e-10 2.249867e-05 2.194110e-05
3.945000e-10 2.241297e-05 2.186755e-05
3.950000e-10 2.232746e-05 2.179403e-05
3.955000e-10 2.224215e-05 2.172056e-05
3.960000e-10 2.215702e-05 2.164713e-05
3.965000e-10 2.207210e-05 2.157375e-05
3.970000e-10 2.198737e-05 2.150042e-05
3.975000e-10 2.190284e-05 2.142713e-05
3.980000e-10 2.181850e-05 2.135391e-05
3.985000e-10 2.173437e-05 2.128074e-05
3.990000e-10 2.165044e-05 2.120763e-05
3.995000e-10 2.156671e-05 2.113458e-05
4.000000e-10 2.148318e-05 2.106160e-05
4.005000e-10 2.139985e-05 2.098869e-05
4.010000e-10 2.131674e-05 2.091585e-05
4.015000e-10 2.123382e-05 2.084308e-05
4.020000e-10 2.115112e-05 2.077039e-05
4.025000e-10 2.106862e-05 2.069777e-05
4.030000e-10 2.098632e-05 2.062524e-05
4.035000e-10 2.090424e-05 2.055279e-05
4.040000e-10 2.082237e-05 2.048042e-05
4.045000e-10 2.074071e-05 2.040815e-05
4.050000e-10 2.065926e-05 2.033596e-05
4.055000e-10 2.057802e-05 2.026386e-05
4.060000e-10 2.049699e-05 2.019186e-05
4.065000e-10 2.041618e-05 2.011995e-05
4.070000e-10 2.033558e-05 2.004815e-05
4.075000e-10 2.025520e-05 1.997644e-05
4.080000e-10 2.017503e-05 1.990483e-05
4.085000e-10 2.009508e-05 1.983333e-05
4.090000e-10 2.001535e-05 1.976194e-05
4.095000e-10 1.993583e-05 1.969065e-05
4.100000e-10 1.985653e-05 1.961947e-05
4.105000e-10 1.977745e-05 1.954841e-05
4.110000e-10 1.969858e-05 1.947746e-05
4.115000e-10 1.961994e-05 1.940662e-05
4.120000e-10 1.954152e-05 1.933590e-05
4.125000e-10 1.946331e-05 1.926530e-05
4.130000e-10 1.938533e-05 1.919482e-05
4.135000e-10 1.930757e-05 1.912446e-05
4.140000e-10 1.923003e-05 1.905422e-05
4.145000e-10 1.915271e-05 1.898411e-05
4.150000e-10 1.907561e-05 1.891412e-05
4.155000e-10 1.899874e-05 1.884426e-05
4.160000e-10 1.892209e-05 1.877453e-05
4.165000e-10 1.884566e-05 1.870494e-05
4.170000e-10 1.876946e-05 1.863547e-05
4.175000e-10 1.869347e-05 1.856614e-05
4.180000e-10 1.861772e-05 1.849694e-05
4.185000e-10 1.854219e-05 1.842788e-05
4.190000e-10 1.846688e-05 1.835895e-05
4.195000e-10 1.839180e-05 1.829017e-05
4.200000e-10 1.831694e-05 1.822152e-05
4.205000e-10 1.824231e-05 1.815302e-05
4.210000e-10 1.816790e-05 1.808465e-05
4.215000e-10 1.809372e-05 1.801643e-05
4.220000e-10 1.801977e-05 1.794836e-05
4.225000e-10 1.794604e-05 1.788043e-05
4.230000e-10 1.787253e-05 1.781265e-05
4.235000e-10 1.779926e-05 1.774501e-05
4.240000e-10 1.772621e-05 1.767753e-05
4.245000e-10 1.765338e-05 1.761019e-05
4.250000e-10 1.758079e-05 1.754301e-05
4.255000e-10 1.750842e-05 1.747597e-05
4.260000e-10 1.743627e-05 1.740909e-05
4.265000e-10 1.736436e-05 1.734236e-05
4.270000e-10 1.729267e-05 1.727579e-05
4.275000e-10 1.722120e-05 1.720937e-05
4.280000e-10 1.714997e-05 1.714311e-05
4.285000e-10 1.707896e-05 1.707700e-05
4.290000e-10 1.700818e-05 1.701106e-05
4.295000e-10 1.693762e-05 1.694527e-05
4.300000e-10 1.686729e-05 1.687964e-05
4.305000e-10 1.679719e-05 1.681417e-05
4.310000e-10 1.672731e-05 1.674886e-05
4.315000e-10 1.665767e-05 1.668372e-05
4.320000e-10 1.658825e-05 1.661873e-05
4.325000e-10 1.651905e-05 1.655391e-05
4.330000e-10 1.645008e-05 1.648926e-05
4.335000e-10 1.638134e-05 1.642476e-05
4.340000e-10 1.631282e-05 1.636043e-05
4.345000e-10 1.624454e-05 1.629627e-05
4.350000e-10 1.617647e-05 1.623227e-05
4.355000e-10 1.610864e-05 1.616844e-05
4.360000e-10 1.604102e-05 1.610478e-05
4.365000e-10 1.597364e-05 1.604129e-05
4.370000e-10 1.590648e-05 1.597796e-05
4.375000e-10 1.583955e-05 1.591480e-05
4.380000e-10 1.577284e-05 1.585181e-05
4.385000e-10 1.570635e-05 1.578899e-05
4.390000e-10 1.564009e-05 1.572634e-05
4.395000e-10 1.557406e-05 1.566387e-05
4.400000e-10 1.550825e-05 1.560156e-05
4.405000e-10 1.544266e-05 1.553942e-05
4.410000e-10 1.537730e-05 1.547746e-05
4.415000e-10 1.531217e-05 1.541567e-05
4.420000e-10 1.524725e-05 1.535405e-05
4.425000e-10 1.518256e-05 1.529260e-05
4.430000e-10 1.511809e-05 1.523133e-05
4.435000e-10 1.505385e-05 1.517023e-05
4.440000e-10 1.498983e-05 1.510931e-05
4.445000e-10 1.492603e-05 1.504856e-05
4.450000e-10 1.486245e-05 1.498798e-05
4.455000e-10 1.479910e-05 1.492758e-05
4.460000e-10 1.473597e-05 1.486735e-05
4.465000e-10 1.467305e-05 1.480730e-05
4.470000e-10 1.461036e-05 1.474743e-05
4.475000e-10 1.454789e-05 1.468773e-05
4.480000e-10 1.448564e-05 1.462821e-05
4.485000e-10 1.442361e-05 1.456886e-05
4.490000e-10 1.436180e-05 1.450969e-05
4.495000e-10 1.430021e-05 1.445070e-05
4.500000e-10 1.423884e-05 1.439188e-05
4.505000e-10 1.417769e-05 1.433324e-05
4.510000e-10 1.411676e-05 1.427478e-05
4.515000e-10 1.405604e-05 1.421649e-05
4.520000e-10 1.399554e-05 1.415839e-05
4.525000e-10 1.393526e-05 1.410046e-05
4.530000e-10 1.387520e-05 1.404271e-05
4.535000e-10 1.381535e-05 1.398513e-05
4.540000e-10 1.375572e-05 1.392773e-05
4.545000e-10 1.369631e-05 1.387052e-05
4.550000e-10 1.363711e-05 1.381348e-05
4.555000e-10 1.357813e-05 1.375661e-05
4.560000e-10 1.351936e-05 1.369993e-05
4.565000e-10 1.346081e-05 1.364342e-05
4.570000e-10 1.340247e-05 1.358709e-05
4.575000e-10 1.334434e-05 1.353095e-05
4.580000e-10 1.328643e-05 1.347497e-05
4.585000e-10 1.322873e-05 1.341918e-05
4.590000e-10 1.317124e-05 1.336357e-05
4.595000e-10 1.311397e-05 1.330813e-05
4.600000e-10 1.305691e-05 1.325287e-05
4.605000e-10 1.300006e-05 1.319779e-05
4.610000e-10 1.294341e-05 1.314289e-05
4.615000e-10 1.288698e-05 1.308817e-05
4.620000e-10 1.283076e-05 1.303362e-05
4.625000e-10 1.277475e-05 1.297925e-05
4.630000e-10 1.271895e-05 1.292506e-05
4.635000e-10 1.266336e-05 1.287105e-05
4.640000e-10 1.260797e-05 1.281722e-05
4.645000e-10 1.255280e-05 1.276356e-05
4.650000e-10 1.249783e-05 1.271009e-05
4.655000e-10 1.244306e-05 1.265679e-05
4.660000e-10 1.238851e-05 1.260366e-05
4.665000e-10 1.233416e-05 1.255072e-05
4.670000e-10 1.228001e-05 1.249795e-05
4.675000e-10 1.222607e-05 1.244536e-05
4.680000e-10 1.217234e-05 1.239294e-05
4.685000e-10 1.211881e-05 1.234071e-05
4.690000e-10 1.206548e-05 1.228864e-05
4.695000e-10 1.201235e-05 1.223676e-05
4.700000e-10 1.195943e-05 1.218505e-05
4.705000e-10 1.190671e-05 1.213352e-05
4.710000e-10 1.185420e-05 1.208217e-05
4.715000e-10 1.180188e-05 1.203099e-05
4.720000e-10 1.174977e-05 1.197998e-05
4.725000e-10 1.169785e-05 1.192916e-05
4.730000e-10 1.164614e-05 1.187850e-05
4.735000e-10 1.159462e-05 1.182803e-05
4.740000e-10 1.154330e-05 1.177772e-05
4.745000e-10 1.149219e-05 1.172760e-05
4.750000e-10 1.144127e-05 1.167764e-05
4.755000e-10 1.139054e-05 1.162786e-05
4.760000e-10 1.134002e-05 1.157826e-05
4.765000e-10 1.128969e-05 1.152883e-05
4.770000e-10 1.123955e-05 1.147957e-05
4.775000e-10 1.118961e-05 1.143049e-05
4.780000e-10 1.113987e-05 1.138158e-05
4.785000e-10 1.109032e-05 1.133284e-05
4.790000e-10 1.104096e-05 1.128427e-05
4.795000e-10 1.099180e-05 1.123588e-05
4.800000e-10 1.094283e-05 1.118766e-05
4.805000e-10 1.089406e-05 1.113961e-05
4.810000e-10 1.084547e-05 1.109174e-05
4.815000e-10 1.079708e-05 1.104403e-05
4.820000e-10 1.074887e-05 1.099650e-05
4.825000e-10 1.070086e-05 1.094914e-05
4.830000e-10 1.065304e-05 1.090194e-05
4.835000e-10 1.060540e-05 1.085492e-05
4.840000e-10 1.055796e-05 1.080807e-05
4.845000e-10 1.051070e-05 1.076139e-05
4.850000e-10 1.046363e-05 1.071487e-05
4.855000e-10 1.041675e-05 1.066853e-05
4.860000e-10 1.037005e-05 1.062236e-05
4.865000e-10 1.032354e-05 1.057635e-05
4.870000e-10 1.027722e-05 1.053051e-05
4.875000e-10 1.023108e-05 1.048484e-05
4.880000e-10 1.018512e-05 1.043934e-05
4.885000e-10 1.013935e-05 1.039400e-05
4.890000e-10 1.009376e-05 1.034884e-05
4.895000e-10 1.004836e-05 1.030383e-05
4.900000e-10 1.000314e-05 1.025900e-05
4.905000e-10 9.958097e-06 1.021433e-05
4.910000e-10 9.913237e-06 1.016983e-05
4.915000e-10 9.868559e-06 1.012549e-05
4.920000e-10 9.824061e-06 1.008131e-05
4.925000e-10 9.779742e-06 1.003731e-05
4.930000e-10 9.735603e-06 9.993461e-06
4.935000e-10 9.691642e-06 9.949781e-06
4.940000e-10 9.647859e-06 9.906264e-06
4.945000e-10 9.604254e-06 9.862911e-06
4.950000e-10 9.560826e-06 9.819720e-06
4.955000e-10 9.517575e-06 9.776692e-06
4.960000e-10 9.474499e-06 9.733827e-06
4.965000e-10 9.431599e-06 9.691123e-06
4.970000e-10 9.388873e-06 9.648581e-06
4.975000e-10 9.346322e-06 9.606199e-06
4.980000e-10 9.303945e-06 9.563979e-06
4.985000e-10 9.261740e-06 9.521919e-06
4.990000e-10 9.219709e-06 9.480019e-06
4.995000e-10 9.177850e-06 9.438279e-06
5.000000e-10 9.136162e-06 9.396698e-06
5.005000e-10 9.094646e-06 9.355276e-06
5.010000e-10 9.053300e-06 9.314012e-06
5.015000e-10 9.012124e-06 9.272907e-06
5.020000e-10 8.971117e-06 9.231959e-06
5.025000e-10 8.930280e-06 9.191169e-06
5.030000e-10 8.889610e-06 9.150536e-06
5.035000e-10 8.849109e-06 9.110059e-06
5.040000e-10 8.808775e-06 9.069739e-06
5.045000e-10 8.768608e-06 9.029574e-06
5.050000e-10 8.728607e-06 8.989565e-06
5.055000e-10 8.688772e-06 8.949712e-06
5.060000e-10 8.649102e-06 8.910012e-06
5.065000e-10 8.609596e-06 8.870467e-06
5.070000e-10 8.570255e-06 8.831076e-06
5.075000e-10 8.531077e-06 8.791839e-06
5.080000e-10 8.492063e-06 8.752754e-06
5.085000e-10 8.453210e-06 8.713823e-06
5.090000e-10 8.414520e-06 8.675043e-06
5.095000e-10 8.375991e-06 8.636416e-06
5.100000e-10 8.337623e-06 8.597940e-06
5.105000e-10 8.299415e-06 8.559615e-06
5.110000e-10 8.261368e-06 8.521441e-06
5.115000e-10 8.223479e-06 8.483417e-06
5.120000e-10 8.185749e-06 8.445543e-06
5.125000e-10 8.148178e-06 8.407818e-06
5.130000e-10 8.110764e-06 8.370243e-06
5.135000e-10 8.073507e-06 8.332816e-06
5.140000e-10 8.036407e-06 8.295537e-06
5.145000e-10 7.999463e-06 8.258407e-06
5.150000e-10 7.962674e-06 8.221423e-06
5.155000e-10 7.926041e-06 8.184587e-06
5.160000e-10 7.889562e-06 8.147897e-06
5.165000e-10 7.853237e-06 8.111354e-06
5.170000e-10 7.817065e-06 8.074956e-06
5.175000e-10 7.781046e-06 8.038704e-06
5.180000e-10 7.745180e-06 8.002596e-06
5.185000e-10 7.709466e-06 7.966633e-06
5.190000e-10 7.673902e-06 7.930815e-06
5.195000e-10 7.638490e-06 7.895140e-06
5.200000e-10 7.603228e-06 7.859608e-06
5.205000e-10 7.568116e-06 7.824219e-06
5.210000e-10 7.533153e-06 7.788972e-06
5.215000e-10 7.498338e-06 7.753868e-06
5.220000e-10 7.463672e-06 7.718905e-06
5.225000e-10 7.429154e-06 7.684083e-06
5.230000e-10 7.394783e-06 7.649402e-06
5.235000e-10 7.360558e-06 7.614862e-06
5.240000e-10 7.326479e-06 7.580461e-06
5.245000e-10 7.292546e-06 7.546200e-06
5.250000e-10 7.258758e-06 7.512078e-06
5.255000e-10 7.225115e-06 7.478094e-06
5.260000e-10 7.191616e-06 7.444249e-06
5.265000e-10 7.158260e-06 7.410542e-06
5.270000e-10 7.125047e-06 7.376972e-06
5.275000e-10 7.091977e-06 7.343539e-06
5.280000e-10 7.059049e-06 7.310242e-06
5.285000e-10 7.026262e-06 7.277082e-06
5.290000e-10 6.993616e-06 7.244057e-06
5.295000e-10 6.961111e-06 7.211168e-06
5.300000e-10 6.928745e-06 7.178413e-06
5.305000e-10 6.896519e-06 7.145793e-06
5.310000e-10 6.864432e-06 7.113307e-06
5.315000e-10 6.832484e-06 7.080954e-06
5.320000e-10 6.800673e-06 7.048735e-06
5.325000e-10 6.769000e-06 7.016648e-06
5.330000e-10 6.737464e-06 6.984694e-06
5.335000e-10 6.706064e-06 6.952871e-06
5.340000e-10 6.674800e-06 6.921181e-06
5.345000e-10 6.643671e-06 6.889621e-06
5.350000e-10 6.612678e-06 6.858191e-06
5.355000e-10 6.581819e-06 6.826892e-06
5.360000e-10 6.551093e-06 6.795723e-06
5.365000e-10 6.520501e-06 6.764683e-06
5.370000e-10 6.490043e-06 6.733772e-06
5.375000e-10 6.459716e-06 6.702989e-06
5.380000e-10 6.429522e-06 6.672335e-06
5.385000e-10 6.399459e-06 6.641808e-06
5.390000e-10 6.369527e-06 6.611409e-06
5.395000e-10 6.339725e-06 6.581136e-06
5.400000e-10 6.310053e-06 6.550990e-06
5.405000e-10 6.280511e-06 6.520969e-06
5.410000e-10 6.251098e-06 6.491075e-06
5.415000e-10 6.221814e-06 6.461305e-06
5.420000e-10 6.192657e-06 6.431660e-06
5.425000e-10 6.163628e-06 6.402140e-06
5.430000e-10 6.134726e-06 6.372743e-06
5.435000e-10 6.105951e-06 6.343470e-06
5.440000e-10 6.077302e-06 6.314320e-06
5.445000e-10 6.048779e-06 6.285292e-06
5.450000e-10 6.020380e-06 6.256387e-06
5.455000e-10 5.992107e-06 6.227603e-06
5.460000e-10 5.963957e-06 6.198941e-06
5.465000e-10 5.935932e-06 6.170400e-06
5.470000e-10 5.908029e-06 6.141980e-06
5.475000e-10 5.880250e-06 6.113679e-06
5.480000e-10 5.852592e-06 6.085499e-06
5.485000e-10 5.825057e-06 6.057437e-06
5.490000e-10 5.797643e-06 6.029495e-06
5.495000e-10 5.770350e-06 6.001671e-06
5.500000e-10 5.743177e-06 5.973965e-06
5.505000e-10 5.716125e-06 5.946377e-06
5.510000e-10 5.689192e-06 5.918906e-06
5.515000e-10 5.662377e-06 5.891552e-06
5.520000e-10 5.635682e-06 5.864314e-06
5.525000e-10 5.609105e-06 5.837192e-06
5.530000e-10 5.582645e-06 5.810186e-06
5.535000e-10 5.556303e-06 5.783295e-06
5.540000e-10 5.530077e-06 5.756519e-06
5.545000e-10 5.503968e-06 5.729858e-06
5.550000e-10 5.477974e-06 5.703310e-06
5.555000e-10 5.452096e-06 5.676876e-06
5.560000e-10 5.426333e-06 5.650555e-06
5.565000e-10 5.400685e-06 5.624347e-06
5.570000e-10 5.375150e-06 5.598251e-06
5.575000e-10 5.349729e-06 5.572268e-06
5.580000e-10 5.324421e-06 5.546395e-06
5.585000e-10 5.299226e-06 5.520634e-06
5.590000e-10 5.274144e-06 5.494984e-06
5.595000e-10 5.249173e-06 5.469444e-06
5.600000e-10 5.224313e-06 5.444014e-06
5.605000e-10 5.199564e-06 5.418694e-06
5.610000e-10 5.174926e-06 5.393483e-06
5.615000e-10 5.150398e-06 5.368380e-06
5.620000e-10 5.125980e-06 5.343386e-06
5.625000e-10 5.101671e-06 5.318500e-06
5.630000e-10 5.077470e-06 5.293721e-06
5.635000e-10 5.053378e-06 5.269050e-06
5.640000e-10 5.029394e-06 5.244486e-06
5.645000e-10 5.005517e-06 5.220027e-06
5.650000e-10 4.981748e-06 5.195675e-06
5.655000e-10 4.958085e-06 5.171429e-06
5.660000e-10 4.934528e-06 5.147288e-06
5.665000e-10 4.911076e-06 5.123251e-06
5.670000e-10 4.887731e-06 5.099319e-06
5.675000e-10 4.864490e-06 5.075491e-06
5.680000e-10 4.841353e-06 5.051767e-06
5.685000e-10 4.818321e-06 5.028146e-06
5.690000e-10 4.795392e-06 5.004628e-06
5.695000e-10 4.772567e-06 4.981213e-06
5.700000e-10 4.749844e-06 4.957899e-06
5.705000e-10 4.727224e-06 4.934687e-06
5.710000e-10 4.704706e-06 4.911577e-06
5.715000e-10 4.682289e-06 4.888568e-06
5.720000e-10 4.659973e-06 4.865659e-06
5.725000e-10 4.637758e-06 4.842851e-06
5.730000e-10 4.615644e-06 4.820142e-06
5.735000e-10 4.593629e-06 4.797533e-06
5.740000e-10 4.571714e-06 4.775023e-06
5.745000e-10 4.549898e-06 4.752612e-06
5.750000e-10 4.528181e-06 4.730299e-06
5.755000e-10 4.506562e-06 4.708084e-06
5.760000e-10 4.485041e-06 4.685966e-06
5.765000e-10 4.463618e-06 4.663946e-06
5.770000e-10 4.442292e-06 4.642023e-06
5.775000e-10 4.421062e-06 4.620196e-06
5.780000e-10 4.399929e-06 4.598465e-06
5.785000e-10 4.378891e-06 4.576831e-06
5.790000e-10 4.357949e-06 4.555291e-06
5.795000e-10 4.337102e-06 4.533846e-06
5.800000e-10 4.316350e-06 4.512496e-06
5.805000e-10 4.295693e-06 4.491241e-06
5.810000e-10 4.275129e-06 4.470079e-06
5.815000e-10 4.254659e-06 4.449011e-06
5.820000e-10 4.234282e-06 4.428036e-06
5.825000e-10 4.213998e-06 4.407154e-06
5.830000e-10 4.193806e-06 4.386364e-06
5.835000e-10 4.173706e-06 4.365666e-06
5.840000e-10 4.153698e-06 4.345061e-06
5.845000e-10 4.133781e-06 4.324546e-06
5.850000e-10 4.113955e-06 4.304123e-06
5.855000e-10 4.094220e-06 4.283790e-06
5.860000e-10 4.074575e-06 4.263547e-06
5.865000e-10 4.055019e-06 4.243395e-06
5.870000e-10 4.035553e-06 4.223332e-06
5.875000e-10 4.016176e-06 4.203359e-06
5.880000e-10 3.996887e-06 4.183474e-06
5.885000e-10 3.977687e-06 4.163678e-06
5.890000e-10 3.958575e-06 4.143970e-06
5.895000e-10 3.939550e-06 4.124350e-06
5.900000e-10 3.920613e-06 4.104817e-06
5.905000e-10 3.901762e-06 4.085372e-06
5.910000e-10 3.882997e-06 4.066014e-06
5.915000e-10 3.864319e-06 4.046742e-06
5.920000e-10 3.845727e-06 4.027556e-06
5.925000e-10 3.827219e-06 4.008456e-06
5.930000e-10 3.808797e-06 3.989441e-06
5.935000e-10 3.790460e-06 3.970511e-06
5.940000e-10 3.772206e-06 3.951667e-06
5.945000e-10 3.754037e-06 3.932906e-06
5.950000e-10 3.735951e-06 3.914230e-06
5.955000e-10 3.717948e-06 3.895638e-06
5.960000e-10 3.700029e-06 3.877129e-06
5.965000e-10 3.682192e-06 3.858703e-06
5.970000e-10 3.664436e-06 3.840360e-06
5.975000e-10 3.646763e-06 3.822099e-06
5.980000e-10 3.629171e-06 3.803920e-06
5.985000e-10 3.611661e-06 3.785824e-06
5.990000e-10 3.594231e-06 3.767808e-06
5.995000e-10 3.576882e-06 3.749874e-06
6.000000e-10 3.559612e-06 3.732020e-06
6.005000e-10 3.542423e-06 3.714247e-06
6.010000e-10 3.525312e-06 3.696554e-06
6.015000e-10 3.508281e-06 3.678941e-06
6.020000e-10 3.491329e-06 3.661408e-06
6.025000e-10 3.474455e-06 3.643953e-06
6.030000e-10 3.457659e-06 3.626577e-06
6.035000e-10 3.440941e-06 3.609280e-06
6.040000e-10 3.424300e-06 3.592061e-06
6.045000e-10 3.407736e-06 3.574920e-06
6.050000e-10 3.391250e-06 3.557857e-06
6.055000e-10 3.374839e-06 3.540870e-06
6.060000e-10 3.358504e-06 3.523961e-06
6.065000e-10 3.342246e-06 3.507128e-06
6.070000e-10 3.326062e-06 3.490372e-06
6.075000e-10 3.309954e-06 3.473691e-06
6.080000e-10 3.293921e-06 3.457087e-06
6.085000e-10 3.277962e-06 3.440557e-06
6.090000e-10 3.262077e-06 3.424103e-06
6.095000e-10 3.246266e-06 3.407723e-06
6.100000e-10 3.230529e-06 3.391418e-06
6.105000e-10 3.214864e-06 3.375187e-06
6.110000e-10 3.199273e-06 3.359030e-06
6.115000e-10 3.183754e-06 3.342946e-06
6.120000e-10 3.168307e-06 3.326936e-06
6.125000e-10 3.152933e-06 3.310998e-06
6.130000e-10 3.137630e-06 3.295133e-06
6.135000e-10 3.122398e-06 3.279341e-06
6.140000e-10 3.107237e-06 3.263620e-06
6.145000e-10 3.092147e-06 3.247971e-06
6.150000e-10 3.077127e-06 3.232393e-06
6.155000e-10 3.062178e-06 3.216887e-06
6.160000e-10 3.047298e-06 3.201452e-06
6.165000e-10 3.032487e-06 3.186086e-06
6.170000e-10 3.017746e-06 3.170792e-06
6.175000e-10 3.003074e-06 3.155567e-06
6.180000e-10 2.988470e-06 3.140412e-06
6.185000e-10 2.973934e-06 3.125326e-06
6.190000e-10 2.959467e-06 3.110309e-06
6.195000e-10 2.945067e-06 3.095361e-06
6.200000e-10 2.930734e-06 3.080481e-06
6.205000e-10 2.916469e-06 3.065670e-06
6.210000e-10 2.902270e-06 3.050927e-06
6.215000e-10 2.888138e-06 3.036251e-06
6.220000e-10 2.874072e-06 3.021642e-06
6.225000e-10 2.860072e-06 3.007101e-06
6.230000e-10 2.846137e-06 2.992626e-06
6.235000e-10 2.832268e-06 2.978218e-06
6.240000e-10 2.818464e-06 2.963876e-06
6.245000e-10 2.804725e-06 2.949600e-06
6.250000e-10 2.791050e-06 2.935390e-06
6.255000e-10 2.777440e-06 2.921245e-06
6.260000e-10 2.763893e-06 2.907165e-06
6.265000e-10 2.750410e-06 2.893150e-06
6.270000e-10 2.736990e-06 2.879200e-06
6.275000e-10 2.723634e-06 2.865314e-06
6.280000e-10 2.710340e-06 2.851492e-06
6.285000e-10 2.697108e-06 2.837734e-06
6.290000e-10 2.683939e-06 2.824039e-06
6.295000e-10 2.670832e-06 2.810407e-06
6.300000e-10 2.657787e-06 2.796838e-06
6.305000e-10 2.644803e-06 2.783332e-06
6.310000e-10 2.631880e-06 2.769888e-06
6.315000e-10 2.619018e-06 2.756507e-06
6.320000e-10 2.606217e-06 2.743187e-06
6.325000e-10 2.593476e-06 2.729929e-06
6.330000e-10 2.580795e-06 2.716732e-06
6.335000e-10 2.568174e-06 2.703596e-06
6.340000e-10 2.555612e-06 2.690522e-06
6.345000e-10 2.543110e-06 2.677507e-06
6.350000e-10 2.530667e-06 2.664553e-06
6.355000e-10 2.518282e-06 2.651659e-06
6.360000e-10 2.505956e-06 2.638825e-06
6.365000e-10 2.493689e-06 2.626050e-06
6.370000e-10 2.481479e-06 2.613335e-06
6.375000e-10 2.469327e-06 2.600678e-06
6.380000e-10 2.457232e-06 2.588081e-06
6.385000e-10 2.445195e-06 2.575542e-06
6.390000e-10 2.433214e-06 2.563061e-06
6.395000e-10 2.421290e-06 2.550638e-06
6.400000e-10 2.409423e-06 2.538273e-06
6.405000e-10 2.397612e-06 2.525965e-06
6.410000e-10 2.385857e-06 2.513714e-06
6.415000e-10 2.374157e-06 2.501521e-06
6.420000e-10 2.362513e-06 2.489384e-06
6.425000e-10 2.350924e-06 2.477304e-06
6.430000e-10 2.339390e-06 2.465280e-06
6.435000e-10 2.327911e-06 2.453313e-06
6.440000e-10 2.316486e-06 2.441401e-06
6.445000e-10 2.305116e-06 2.429544e-06
6.450000e-10 2.293799e-06 2.417743e-06
6.455000e-10 2.282536e-06 2.405997e-06
6.460000e-10 2.271327e-06 2.394305e-06
6.465000e-10 2.260171e-06 2.382669e-06
6.470000e-10 2.249067e-06 2.371086e-06
6.475000e-10 2.238017e-06 2.359558e-06
6.480000e-10 2.227019e-06 2.348083e-06
6.485000e-10 2.216074e-06 2.336663e-06
6.490000e-10 2.205180e-06 2.325295e-06
6.495000e-10 2.194338e-06 2.313981e-06
6.500000e-10 2.183548e-06 2.302720e-06
6.505000e-10 2.172809e-06 2.291511e-06
6.510000e-10 2.162122e-06 2.280355e-06
6.515000e-10 2.151485e-06 2.269251e-06
6.520000e-10 2.140899e-06 2.258199e-06
6.525000e-10 2.130363e-06 2.247199e-06
6.530000e-10 2.119878e-06 2.236251e-06
6.535000e-10 2.109442e-06 2.225354e-06
6.540000e-10 2.099057e-06 2.214508e-06
6.545000e-10 2.088721e-06 2.203713e-06
6.550000e-10 2.078434e-06 2.192968e-06
6.555000e-10 2.068196e-06 2.182274e-06
6.560000e-10 2.058007e-06 2.171630e-06
6.565000e-10 2.047867e-06 2.161036e-06
6.570000e-10 2.037775e-06 2.150492e-06
6.575000e-10 2.027731e-06 2.139998e-06
6.580000e-10 2.017736e-06 2.129553e-06
6.585000e-10 2.007788e-06 2.119157e-06
6.590000e-10 1.997887e-06 2.108810e-06
6.595000e-10 1.988034e-06 2.098511e-06
6.600000e-10 1.978228e-06 2.088261e-06
6.605000e-10 1.968469e-06 2.078059e-06
6.610000e-10 1.958757e-06 2.067906e-06
6.615000e-10 1.949091e-06 2.057800e-06
6.620000e-10 1.939471e-06 2.047742e-06
6.625000e-10 1.929898e-06 2.037731e-06
6.630000e-10 1.920370e-06 2.027767e-06
6.635000e-10 1.910888e-06 2.017851e-06
6.640000e-10 1.901451e-06 2.007981e-06
6.645000e-10 1.892060e-06 1.998158e-06
6.650000e-10 1.882714e-06 1.988381e-06
6.655000e-10 1.873412e-06 1.978650e-06
6.660000e-10 1.864155e-06 1.968966e-06
6.665000e-10 1.854942e-06 1.959327e-06
6.670000e-10 1.845774e-06 1.949733e-06
6.675000e-10 1.836649e-06 1.940185e-06
6.680000e-10 1.827569e-06 1.930682e-06
6.685000e-10 1.818532e-06 1.921224e-06
6.690000e-10 1.809538e-06 1.911811e-06
6.695000e-10 1.800588e-06 1.902442e-06
6.700000e-10 1.791680e-06 1.893118e-06
6.705000e-10 1.782815e-06 1.883838e-06
6.710000e-10 1.773993e-06 1.874602e-06
6.715000e-10 1.765214e-06 1.865409e-06
6.720000e-10 1.756476e-06 1.856260e-06
6.725000e-10 1.747781e-06 1.847155e-06
6.730000e-10 1.739127e-06 1.838092e-06
6.735000e-10 1.730515e-06 1.829073e-06
6.740000e-10 1.721945e-06 1.820096e-06
6.745000e-10 1.713416e-06 1.811162e-06
6.750000e-10 1.704927e-06 1.802271e-06
6.755000e-10 1.696480e-06 1.793421e-06
6.760000e-10 1.688073e-06 1.784614e-06
6.765000e-10 1.679707e-06 1.775848e-06
6.770000e-10 1.671381e-06 1.767124e-06
6.775000e-10 1.663096e-06 1.758442e-06
6.780000e-10 1.654850e-06 1.749801e-06
6.785000e-10 1.646644e-06 1.741201e-06
6.790000e-10 1.638477e-06 1.732641e-06
6.795000e-10 1.630350e-06 1.724123e-06
6.800000e-10 1.622263e-06 1.715645e-06
6.805000e-10 1.614214e-06 1.707207e-06
6.810000e-10 1.606204e-06 1.698810e-06
6.815000e-10 1.598232e-06 1.690453e-06
6.820000e-10 1.590300e-06 1.682135e-06
6.825000e-10 1.582405e-06 1.673857e-06
6.830000e-10 1.574549e-06 1.665618e-06
6.835000e-10 1.566730e-06 1.657419e-06
6.840000e-10 1.558950e-06 1.649259e-06
6.845000e-10 1.551207e-06 1.641138e-06
6.850000e-10 1.543501e-06 1.633055e-06
6.855000e-10 1.535833e-06 1.625011e-06
6.860000e-10 1.528202e-06 1.617006e-06
6.865000e-10 1.520607e-06 1.609038e-06
6.870000e-10 1.513050e-06 1.601109e-06
6.875000e-10 1.505529e-06 1.593217e-06
6.880000e-10 1.498044e-06 1.585364e-06
6.885000e-10 1.490596e-06 1.577547e-06
6.890000e-10 1.483184e-06 1.569769e-06
6.895000e-10 1.475807e-06 1.562027e-06
6.900000e-10 1.468467e-06 1.554322e-06
6.905000e-10 1.461161e-06 1.546654e-06
6.910000e-10 1.453892e-06 1.539023e-06
6.915000e-10 1.446657e-06 1.531429e-06
6.920000e-10 1.439458e-06 1.523870e-06
6.925000e-10 1.432293e-06 1.516348e-06
6.930000e-10 1.425164e-06 1.508862e-06
6.935000e-10 1.418069e-06 1.501412e-06
6.940000e-10 1.411008e-06 1.493998e-06
6.945000e-10 1.403981e-06 1.486619e-06
6.950000e-10 1.396989e-06 1.479275e-06
6.955000e-10 1.390031e-06 1.471966e-06
6.960000e-10 1.383106e-06 1.464693e-06
6.965000e-10 1.376215e-06 1.457455e-06
6.970000e-10 1.369358e-06 1.450251e-06
6.975000e-10 1.362533e-06 1.443082e-06
6.980000e-10 1.355742e-06 1.435947e-06
6.985000e-10 1.348984e-06 1.428846e-06
6.990000e-10 1.342259e-06 1.421780e-06
6.995000e-10 1.335567e-06 1.414747e-06
7.000000e-10 1.328907e-06 1.407749e-06
7.005000e-10 1.322279e-06 1.400784e-06
7.010000e-10 1.315684e-06 1.393852e-06
7.015000e-10 1.309121e-06 1.386954e-06
7.020000e-10 1.302589e-06 1.380089e-06
7.025000e-10 1.296090e-06 1.373256e-06
7.030000e-10 1.289622e-06 1.366457e-06
7.035000e-10 1.283186e-06 1.359691e-06
7.040000e-10 1.276781e-06 1.352957e-06
7.045000e-10 1.270407e-06 1.346255e-06
7.050000e-10 1.264064e-06 1.339586e-06
7.055000e-10 1.257752e-06 1.332949e-06
7.060000e-10 1.251471e-06 1.326343e-06
7.065000e-10 1.245221e-06 1.319770e-06
7.070000e-10 1.239001e-06 1.313228e-06
7.075000e-10 1.232811e-06 1.306718e-06
7.080000e-10 1.226652e-06 1.300239e-06
7.085000e-10 1.220522e-06 1.293792e-06
7.090000e-10 1.214423e-06 1.287375e-06
7.095000e-10 1.208353e-06 1.280990e-06
7.100000e-10 1.202313e-06 1.274635e-06
7.105000e-10 1.196302e-06 1.268311e-06
7.110000e-10 1.190321e-06 1.262017e-06
7.115000e-10 1.184369e-06 1.255754e-06
7.120000e-10 1.178446e-06 1.249521e-06
7.125000e-10 1.172552e-06 1.243318e-06
7.130000e-10 1.166686e-06 1.237146e-06
7.135000e-10 1.160850e-06 1.231002e-06
7.140000e-10 1.155042e-06 1.224889e-06
7.145000e-10 1.149262e-06 1.218805e-06
7.150000e-10 1.143510e-06 1.212751e-06
7.155000e-10 1.137787e-06 1.206726e-06
7.160000e-10 1.132092e-06 1.200730e-06
7.165000e-10 1.126424e-06 1.194763e-06
7.170000e-10 1.120784e-06 1.188825e-06
7.175000e-10 1.115172e-06 1.182915e-06
7.180000e-10 1.109588e-06 1.177035e-06
7.185000e-10 1.104030e-06 1.171182e-06
7.190000e-10 1.098500e-06 1.165359e-06
7.195000e-10 1.092997e-06 1.159563e-06
7.200000e-10 1.087521e-06 1.153795e-06
7.205000e-10 1.082072e-06 1.148055e-06
7.210000e-10 1.076649e-06 1.142344e-06
7.215000e-10 1.071253e-06 1.136659e-06
7.220000e-10 1.065883e-06 1.131003e-06
7.225000e-10 1.060540e-06 1.125373e-06
7.230000e-10 1.055223e-06 1.119772e-06
7.235000e-10 1.049932e-06 1.114197e-06
7.240000e-10 1.044667e-06 1.108649e-06
7.245000e-10 1.039428e-06 1.103128e-06
7.250000e-10 1.034214e-06 1.097634e-06
7.255000e-10 1.029026e-06 1.092167e-06
7.260000e-10 1.023864e-06 1.086726e-06
7.265000e-10 1.018726e-06 1.081312e-06
7.270000e-10 1.013614e-06 1.075924e-06
7.275000e-10 1.008528e-06 1.070562e-06
7.280000e-10 1.003466e-06 1.065226e-06
7.285000e-10 9.984287e-07 1.059916e-06
7.290000e-10 9.934164e-07 1.054632e-06
7.295000e-10 9.884287e-07 1.049374e-06
7.300000e-10 9.834655e-07 1.044141e-06
7.305000e-10 9.785268e-07 1.038934e-06
7.310000e-10 9.736123e-07 1.033752e-06
7.315000e-10 9.687220e-07 1.028595e-06
7.320000e-10 9.638557e-07 1.023463e-06
7.325000e-10 9.590133e-07 1.018356e-06
7.330000e-10 9.541947e-07 1.013275e-06
7.335000e-10 9.493999e-07 1.008217e-06
7.340000e-10 9.446286e-07 1.003185e-06
7.345000e-10 9.398809e-07 9.981769e-07
7.350000e-10 9.351564e-07 9.931933e-07
7.355000e-10 9.304553e-07 9.882340e-07
7.360000e-10 9.257772e-07 9.832989e-07
7.365000e-10 9.211222e-07 9.783878e-07
7.370000e-10 9.164902e-07 9.735007e-07
7.375000e-10 9.118809e-07 9.686374e-07
7.380000e-10 9.072943e-07 9.637978e-07
7.385000e-10 9.027304e-07 9.589818e-07
7.390000e-10 8.981889e-07 9.541893e-07
7.395000e-10 8.936698e-07 9.494202e-07
7.400000e-10 8.891730e-07 9.446744e-07
7.405000e-10 8.846983e-07 9.399517e-07
7.410000e-10 8.802457e-07 9.352521e-07
7.415000e-10 8.758151e-07 9.305755e-07
7.420000e-10 8.714063e-07 9.259217e-07
7.425000e-10 8.670192e-07 9.212906e-07
7.430000e-10 8.626538e-07 9.166821e-07
7.435000e-10 8.583099e-07 9.120962e-07
7.440000e-10 8.539875e-07 9.075327e-07
7.445000e-10 8.496864e-07 9.029915e-07
7.450000e-10 8.454065e-07 8.984725e-07
7.455000e-10 8.411477e-07 8.939755e-07
7.460000e-10 8.369100e-07 8.895006e-07
7.465000e-10 8.326932e-07 8.850476e-07
7.470000e-10 8.284972e-07 8.806163e-07
7.475000e-10 8.243220e-07 8.762068e-07
7.480000e-10 8.201674e-07 8.718188e-07
7.485000e-10 8.160333e-07 8.674523e-07
7.490000e-10 8.119196e-07 8.631072e-07
7.495000e-10 8.078263e-07 8.587833e-07
7.500000e-10 8.037532e-07 8.544807e-07
7.505000e-10 7.997002e-07 8.501991e-07
7.510000e-10 7.956673e-07 8.459384e-07
7.515000e-10 7.916543e-07 8.416987e-07
7.520000e-10 7.876612e-07 8.374797e-07
7.525000e-10 7.836878e-07 8.332814e-07
7.530000e-10 7.797341e-07 8.291037e-07
7.535000e-10 7.757999e-07 8.249465e-07
7.540000e-10 7.718852e-07 8.208096e-07
7.545000e-10 7.679899e-07 8.166931e-07
7.550000e-10 7.641139e-07 8.125967e-07
7.555000e-10 7.602570e-07 8.085205e-07
7.560000e-10 7.564193e-07 8.044642e-07
7.565000e-10 7.526005e-07 8.004279e-07
7.570000e-10 7.488007e-07 7.964113e-07
7.575000e-10 7.450197e-07 7.924145e-07
7.580000e-10 7.412574e-07 7.884373e-07
7.585000e-10 7.375137e-07 7.844797e-07
7.590000e-10 7.337887e-07 7.805414e-07
7.595000e-10 7.300820e-07 7.766226e-07
7.600000e-10 7.263938e-07 7.727229e-07
7.605000e-10 7.227238e-07 7.688425e-07
7.610000e-10 7.190720e-07 7.649811e-07
7.615000e-10 7.154384e-07 7.611387e-07
7.620000e-10 7.118227e-07 7.573152e-07
7.625000e-10 7.082250e-07 7.535104e-07
7.630000e-10 7.046452e-07 7.497244e-07
7.635000e-10 7.010831e-07 7.459571e-07
7.640000e-10 6.975386e-07 7.422082e-07
7.645000e-10 6.940118e-07 7.384778e-07
7.650000e-10 6.905025e-07 7.347658e-07
7.655000e-10 6.870106e-07 7.310720e-07
7.660000e-10 6.835360e-07 7.273964e-07
7.665000e-10 6.800787e-07 7.237389e-07
7.670000e-10 6.766385e-07 7.200994e-07
7.675000e-10 6.732155e-07 7.164779e-07
7.680000e-10 6.698094e-07 7.128741e-07
7.685000e-10 6.664203e-07 7.092882e-07
7.690000e-10 6.630480e-07 7.057198e-07
7.695000e-10 6.596924e-07 7.021691e-07
7.700000e-10 6.563536e-07 6.986359e-07
7.705000e-10 6.530313e-07 6.951201e-07
7.710000e-10 6.497256e-07 6.916216e-07
7.715000e-10 6.464362e-07 6.881404e-07
7.720000e-10 6.431633e-07 6.846763e-07
7.725000e-10 6.399066e-07 6.812294e-07
7.730000e-10 6.366661e-07 6.777994e-07
7.735000e-10 6.334418e-07 6.743864e-07
7.740000e-10 6.302334e-07 6.709902e-07
7.745000e-10 6.270411e-07 6.676107e-07
7.750000e-10 6.238646e-07 6.642480e-07
7.755000e-10 6.207039e-07 6.609018e-07
7.760000e-10 6.175590e-07 6.575722e-07
7.765000e-10 6.144297e-07 6.542590e-07
7.770000e-10 6.113161e-07 6.509621e-07
7.775000e-10 6.082179e-07 6.476816e-07
7.780000e-10 6.051351e-07 6.444172e-07
7.785000e-10 6.020677e-07 6.411690e-07
7.790000e-10 5.990156e-07 6.379368e-07
7.795000e-10 5.959787e-07 6.347207e-07
7.800000e-10 5.929569e-07 6.315204e-07
7.805000e-10 5.899502e-07 6.283359e-07
7.810000e-10 5.869584e-07 6.251672e-07
7.815000e-10 5.839816e-07 6.220141e-07
7.820000e-10 5.810196e-07 6.188766e-07
7.825000e-10 5.780724e-07 6.157547e-07
7.830000e-10 5.751398e-07 6.126482e-07
7.835000e-10 5.722219e-07 6.095571e-07
7.840000e-10 5.693186e-07 6.064812e-07
7.845000e-10 5.664297e-07 6.034206e-07
7.850000e-10 5.635553e-07 6.003752e-07
7.855000e-10 5.606952e-07 5.973448e-07
7.860000e-10 5.578493e-07 5.943294e-07
7.865000e-10 5.550177e-07 5.913290e-07
7.870000e-10 5.522002e-07 5.883434e-07
7.875000e-10 5.493967e-07 5.853726e-07
7.880000e-10 5.466073e-07 5.824165e-07
7.885000e-10 5.438318e-07 5.794751e-07
7.890000e-10 5.410701e-07 5.765482e-07
7.895000e-10 5.383222e-07 5.736359e-07
7.900000e-10 5.355881e-07 5.707380e-07
7.905000e-10 5.328676e-07 5.678544e-07
7.910000e-10 5.301607e-07 5.649852e-07
7.915000e-10 5.274673e-07 5.621301e-07
7.920000e-10 5.247874e-07 5.592893e-07
7.925000e-10 5.221209e-07 5.564625e-07
7.930000e-10 5.194677e-07 5.536498e-07
7.935000e-10 5.168278e-07 5.508510e-07
7.940000e-10 5.142011e-07 5.480661e-07
7.945000e-10 5.115875e-07 5.452950e-07
7.950000e-10 5.089870e-07 5.425377e-07
7.955000e-10 5.063994e-07 5.397940e-07
7.960000e-10 5.038249e-07 5.370640e-07
7.965000e-10 5.012632e-07 5.343475e-07
7.970000e-10 4.987143e-07 5.316446e-07
7.975000e-10 4.961782e-07 5.289550e-07
7.980000e-10 4.936547e-07 5.262788e-07
7.985000e-10 4.911439e-07 5.236159e-07
7.990000e-10 4.886457e-07 5.209663e-07
7.995000e-10 4.861599e-07 5.183298e-07
8.000000e-10 4.836866e-07 5.157064e-07
8.005000e-10 4.812257e-07 5.130960e-07
8.010000e-10 4.787772e-07 5.104986e-07
8.015000e-10 4.763408e-07 5.079142e-07
8.020000e-10 4.739167e-07 5.053426e-07
8.025000e-10 4.715047e-07 5.027838e-07
8.030000e-10 4.691048e-07 5.002377e-07
8.035000e-10 4.667170e-07 4.977042e-07
8.040000e-10 4.643411e-07 4.951834e-07
8.045000e-10 4.619771e-07 4.926751e-07
8.050000e-10 4.596249e-07 4.901793e-07
8.055000e-10 4.572845e-07 4.876960e-07
8.060000e-10 4.549559e-07 4.852249e-07
8.065000e-10 4.526390e-07 4.827662e-07
8.070000e-10 4.503336e-07 4.803198e-07
8.075000e-10 4.480398e-07 4.778855e-07
8.080000e-10 4.457576e-07 4.754633e-07
8.085000e-10 4.434867e-07 4.730532e-07
8.090000e-10 4.412273e-07 4.706551e-07
8.095000e-10 4.389792e-07 4.682690e-07
8.100000e-10 4.367424e-07 4.658947e-07
8.105000e-10 4.345168e-07 4.635323e-07
8.110000e-10 4.323024e-07 4.611816e-07
8.115000e-10 4.300991e-07 4.588427e-07
8.120000e-10 4.279068e-07 4.565154e-07
8.125000e-10 4.257256e-07 4.541997e-07
8.130000e-10 4.235553e-07 4.518956e-07
8.135000e-10 4.213959e-07 4.496030e-07
8.140000e-10 4.192473e-07 4.473218e-07
8.145000e-10 4.171096e-07 4.450519e-07
8.150000e-10 4.149825e-07 4.427934e-07
8.155000e-10 4.128662e-07 4.405462e-07
8.160000e-10 4.107605e-07 4.383102e-07
8.165000e-10 4.086653e-07 4.360853e-07
8.170000e-10 4.065807e-07 4.338716e-07
8.175000e-10 4.045066e-07 4.316689e-07
8.180000e-10 4.024429e-07 4.294772e-07
8.185000e-10 4.003896e-07 4.272964e-07
8.190000e-10 3.983466e-07 4.251265e-07
8.195000e-10 3.963138e-07 4.229675e-07
8.200000e-10 3.942913e-07 4.208192e-07
8.205000e-10 3.922790e-07 4.186817e-07
8.210000e-10 3.902768e-07 4.165548e-07
8.215000e-10 3.882846e-07 4.144386e-07
8.220000e-10 3.863025e-07 4.123330e-07
8.225000e-10 3.843303e-07 4.102379e-07
8.230000e-10 3.823681e-07 4.081532e-07
8.235000e-10 3.804157e-07 4.060790e-07
8.240000e-10 3.784732e-07 4.040151e-07
8.245000e-10 3.765404e-07 4.019616e-07
8.250000e-10 3.746174e-07 3.999183e-07
8.255000e-10 3.727040e-07 3.978853e-07
8.260000e-10 3.708003e-07 3.958624e-07
8.265000e-10 3.689061e-07 3.938496e-07
8.270000e-10 3.670215e-07 3.918469e-07
8.275000e-10 3.651464e-07 3.898543e-07
8.280000e-10 3.632808e-07 3.878716e-07
8.285000e-10 3.614245e-07 3.858988e-07
8.290000e-10 3.595776e-07 3.839359e-07
8.295000e-10 3.577400e-07 3.819828e-07
8.300000e-10 3.559116e-07 3.800395e-07
8.305000e-10 3.540925e-07 3.781059e-07
8.310000e-10 3.522825e-07 3.761820e-07
8.315000e-10 3.504816e-07 3.742678e-07
8.320000e-10 3.486898e-07 3.723631e-07
8.325000e-10 3.469071e-07 3.704680e-07
8.330000e-10 3.451333e-07 3.685824e-07
8.335000e-10 3.433685e-07 3.667062e-07
8.340000e-10 3.416126e-07 3.648394e-07
8.345000e-10 3.398655e-07 3.629820e-07
8.350000e-10 3.381273e-07 3.611339e-07
8.355000e-10 3.363978e-07 3.592950e-07
8.360000e-10 3.346770e-07 3.574654e-07
8.365000e-10 3.329649e-07 3.556449e-07
8.370000e-10 3.312615e-07 3.538336e-07
8.375000e-10 3.295667e-07 3.520313e-07
8.380000e-10 3.278804e-07 3.502381e-07
8.385000e-10 3.262026e-07 3.484539e-07
8.390000e-10 3.245333e-07 3.466786e-07
8.395000e-10 3.228724e-07 3.449122e-07
8.400000e-10 3.212199e-07 3.431547e-07
8.405000e-10 3.195757e-07 3.414061e-07
8.410000e-10 3.179398e-07 3.396662e-07
8.415000e-10 3.163122e-07 3.379350e-07
8.420000e-10 3.146928e-07 3.362125e-07
8.425000e-10 3.130816e-07 3.344987e-07
8.430000e-10 3.114786e-07 3.327934e-07
8.435000e-10 3.098836e-07 3.310968e-07
8.440000e-10 3.082967e-07 3.294086e-07
8.445000e-10 3.067178e-07 3.277289e-07
8.450000e-10 3.051469e-07 3.260577e-07
8.455000e-10 3.035839e-07 3.243949e-07
8.460000e-10 3.020288e-07 3.227404e-07
8.465000e-10 3.004816e-07 3.210942e-07
8.470000e-10 2.989422e-07 3.194563e-07
8.475000e-10 2.974106e-07 3.178266e-07
8.480000e-10 2.958867e-07 3.162051e-07
8.485000e-10 2.943706e-07 3.145918e-07
8.490000e-10 2.928621e-07 3.129866e-07
8.495000e-10 2.913612e-07 3.113894e-07
8.500000e-10 2.898679e-07 3.098003e-07
8.505000e-10 2.883822e-07 3.082192e-07
8.510000e-10 2.869040e-07 3.066460e-07
8.515000e-10 2.854332e-07 3.050808e-07
8.520000e-10 2.839699e-07 3.035234e-07
8.525000e-10 2.825140e-07 3.019738e-07
8.530000e-10 2.810655e-07 3.004321e-07
8.535000e-10 2.796243e-07 2.988981e-07
8.540000e-10 2.781904e-07 2.973718e-07
8.545000e-10 2.767638e-07 2.958532e-07
8.550000e-10 2.753444e-07 2.943422e-07
8.555000e-10 2.739321e-07 2.928389e-07
8.560000e-10 2.725271e-07 2.913431e-07
8.565000e-10 2.711291e-07 2.898548e-07
8.570000e-10 2.697382e-07 2.883741e-07
8.575000e-10 2.683544e-07 2.869008e-07
8.580000e-10 2.669775e-07 2.854349e-07
8.585000e-10 2.656077e-07 2.839764e-07
8.590000e-10 2.642448e-07 2.825252e-07
8.595000e-10 2.628887e-07 2.810814e-07
8.600000e-10 2.615396e-07 2.796448e-07
8.605000e-10 2.601973e-07 2.782155e-07
8.610000e-10 2.588618e-07 2.767934e-07
8.615000e-10 2.575330e-07 2.753784e-07
8.620000e-10 2.562110e-07 2.739706e-07
8.625000e-10 2.548957e-07 2.725699e-07
8.630000e-10 2.535871e-07 2.711762e-07
8.635000e-10 2.522851e-07 2.697895e-07
8.640000e-10 2.509897e-07 2.684099e-07
8.645000e-10 2.497009e-07 2.670372e-07
8.650000e-10 2.484186e-07 2.656714e-07
8.655000e-10 2.471428e-07 2.643126e-07
8.660000e-10 2.458735e-07 2.629605e-07
8.665000e-10 2.446106e-07 2.616153e-07
8.670000e-10 2.433541e-07 2.602769e-07
8.675000e-10 2.421040e-07 2.589452e-07
8.680000e-10 2.408602e-07 2.576203e-07
8.685000e-10 2.396228e-07 2.563020e-07
8.690000e-10 2.383916e-07 2.549904e-07
8.695000e-10 2.371667e-07 2.536854e-07
8.700000e-10 2.359480e-07 2.523870e-07
8.705000e-10 2.347355e-07 2.510952e-07
8.710000e-10 2.335291e-07 2.498099e-07
8.715000e-10 2.323289e-07 2.485310e-07
8.720000e-10 2.311347e-07 2.472587e-07
8.725000e-10 2.299467e-07 2.459927e-07
8.730000e-10 2.287646e-07 2.447332e-07
8.735000e-10 2.275886e-07 2.434800e-07
8.740000e-10 2.264185e-07 2.422331e-07
8.745000e-10 2.252544e-07 2.409926e-07
8.750000e-10 2.240962e-07 2.397583e-07
8.755000e-10 2.229438e-07 2.385302e-07
8.760000e-10 2.217973e-07 2.373084e-07
8.765000e-10 2.206567e-07 2.360927e-07
8.770000e-10 2.195218e-07 2.348832e-07
8.775000e-10 2.183927e-07 2.336798e-07
8.780000e-10 2.172694e-07 2.324824e-07
8.785000e-10 2.161518e-07 2.312912e-07
8.790000e-10 2.150398e-07 2.301059e-07
8.795000e-10 2.139335e-07 2.289266e-07
8.800000e-10 2.128328e-07 2.277534e-07
8.805000e-10 2.117377e-07 2.265860e-07
8.810000e-10 2.106482e-07 2.254245e-07
8.815000e-10 2.095642e-07 2.242690e-07
8.820000e-10 2.084858e-07 2.231192e-07
8.825000e-10 2.074128e-07 2.219753e-07
8.830000e-10 2.063453e-07 2.208372e-07
8.835000e-10 2.052832e-07 2.197048e-07
8.840000e-10 2.042265e-07 2.185782e-07
8.845000e-10 2.031752e-07 2.174573e-07
8.850000e-10 2.021292e-07 2.163420e-07
8.855000e-10 2.010886e-07 2.152324e-07
8.860000e-10 2.000532e-07 2.141284e-07
8.865000e-10 1.990231e-07 2.130300e-07
8.870000e-10 1.979983e-07 2.119372e-07
8.875000e-10 1.969787e-07 2.108499e-07
8.880000e-10 1.959642e-07 2.097681e-07
8.885000e-10 1.949550e-07 2.086917e-07
8.890000e-10 1.939509e-07 2.076209e-07
8.895000e-10 1.929518e-07 2.065554e-07
8.900000e-10 1.919579e-07 2.054954e-07
8.905000e-10 1.909691e-07 2.044407e-07
8.910000e-10 1.899852e-07 2.033914e-07
8.915000e-10 1.890064e-07 2.023474e-07
8.920000e-10 1.880326e-07 2.013087e-07
8.925000e-10 1.870637e-07 2.002752e-07
8.930000e-10 1.860998e-07 1.992470e-07
8.935000e-10 1.851408e-07 1.982240e-07
8.940000e-10 1.841866e-07 1.972062e-07
8.945000e-10 1.832373e-07 1.961935e-07
8.950000e-10 1.822929e-07 1.951860e-07
8.955000e-10 1.813533e-07 1.941836e-07
8.960000e-10 1.804184e-07 1.931863e-07
8.965000e-10 1.794884e-07 1.921940e-07
8.970000e-10 1.785630e-07 1.912068e-07
8.975000e-10 1.776424e-07 1.902246e-07
8.980000e-10 1.767265e-07 1.892473e-07
8.985000e-10 1.758153e-07 1.882751e-07
8.990000e-10 1.749087e-07 1.873077e-07
8.995000e-10 1.740067e-07 1.863453e-07
9.000000e-10 1.731093e-07 1.853877e-07
9.005000e-10 1.722165e-07 1.844350e-07
9.010000e-10 1.713283e-07 1.834872e-07
9.015000e-10 1.704445e-07 1.825441e-07
9.020000e-10 1.695653e-07 1.816059e-07
9.025000e-10 1.686906e-07 1.806724e-07
9.030000e-10 1.678203e-07 1.797436e-07
9.035000e-10 1.669545e-07 1.788196e-07
9.040000e-10 1.660931e-07 1.779002e-07
9.045000e-10 1.652361e-07 1.769856e-07
9.050000e-10 1.643835e-07 1.760755e-07
9.055000e-10 1.635352e-07 1.751701e-07
9.060000e-10 1.626913e-07 1.742693e-07
9.065000e-10 1.618516e-07 1.733731e-07
9.070000e-10 1.610163e-07 1.724814e-07
9.075000e-10 1.601852e-07 1.715943e-07
9.080000e-10 1.593583e-07 1.707117e-07
9.085000e-10 1.585357e-07 1.698335e-07
9.090000e-10 1.577173e-07 1.689598e-07
9.095000e-10 1.569030e-07 1.680906e-07
9.100000e-10 1.560929e-07 1.672258e-07
9.105000e-10 1.552870e-07 1.663654e-07
9.110000e-10 1.544852e-07 1.655093e-07
9.115000e-10 1.536874e-07 1.646576e-07
9.120000e-10 1.528938e-07 1.638102e-07
9.125000e-10 1.521042e-07 1.629672e-07
9.130000e-10 1.513186e-07 1.621284e-07
9.135000e-10 1.505371e-07 1.612939e-07
9.140000e-10 1.497595e-07 1.604637e-07
9.145000e-10 1.489859e-07 1.596376e-07
9.150000e-10 1.482163e-07 1.588158e-07
9.155000e-10 1.474506e-07 1.579982e-07
9.160000e-10 1.466888e-07 1.571847e-07
9.165000e-10 1.459309e-07 1.563753e-07
9.170000e-10 1.451769e-07 1.555701e-07
9.175000e-10 1.444267e-07 1.547690e-07
9.180000e-10 1.436804e-07 1.539719e-07
9.185000e-10 1.429379e-07 1.531789e-07
9.190000e-10 1.421992e-07 1.523900e-07
9.195000e-10 1.414643e-07 1.516050e-07
9.200000e-10 1.407331e-07 1.508241e-07
9.205000e-10 1.400057e-07 1.500471e-07
9.210000e-10 1.392819e-07 1.492741e-07
9.215000e-10 1.385619e-07 1.485050e-07
9.220000e-10 1.378456e-07 1.477399e-07
9.225000e-10 1.371330e-07 1.469786e-07
9.230000e-10 1.364239e-07 1.462213e-07
9.235000e-10 1.357186e-07 1.454677e-07
9.240000e-10 1.350168e-07 1.447181e-07
9.245000e-10 1.343186e-07 1.439722e-07
9.250000e-10 1.336240e-07 1.432301e-07
9.255000e-10 1.329329e-07 1.424919e-07
9.260000e-10 1.322454e-07 1.417573e-07
9.265000e-10 1.315614e-07 1.410266e-07
9.270000e-10 1.308809e-07 1.402995e-07
9.275000e-10 1.302039e-07 1.395762e-07
9.280000e-10 1.295304e-07 1.388565e-07
9.285000e-10 1.288603e-07 1.381406e-07
9.290000e-10 1.281936e-07 1.374282e-07
9.295000e-10 1.275304e-07 1.367195e-07
9.300000e-10 1.268705e-07 1.360145e-07
9.305000e-10 1.262141e-07 1.353130e-07
9.310000e-10 1.255609e-07 1.346151e-07
9.315000e-10 1.249112e-07 1.339207e-07
9.320000e-10 1.242647e-07 1.332299e-07
9.325000e-10 1.236216e-07 1.325426e-07
9.330000e-10 1.229818e-07 1.318588e-07
9.335000e-10 1.223453e-07 1.311786e-07
9.340000e-10 1.217120e-07 1.305017e-07
9.345000e-10 1.210819e-07 1.298284e-07
9.350000e-10 1.204551e-07 1.291585e-07
9.355000e-10 1.198315e-07 1.284919e-07
9.360000e-10 1.192111e-07 1.278288e-07
9.365000e-10 1.185939e-07 1.271691e-07
9.370000e-10 1.179798e-07 1.265128e-07
9.375000e-10 1.173689e-07 1.258598e-07
9.380000e-10 1.167612e-07 1.252101e-07
9.385000e-10 1.161565e-07 1.245638e-07
9.390000e-10 1.155549e-07 1.239207e-07
9.395000e-10 1.149565e-07 1.232810e-07
9.400000e-10 1.143611e-07 1.226445e-07
9.405000e-10 1.137687e-07 1.220112e-07
9.410000e-10 1.131794e-07 1.213812e-07
9.415000e-10 1.125931e-07 1.207544e-07
9.420000e-10 1.120098e-07 1.201308e-07
9.425000e-10 1.114295e-07 1.195104e-07
9.430000e-10 1.108522e-07 1.188932e-07
9.435000e-10 1.102779e-07 1.182791e-07
9.440000e-10 1.097065e-07 1.176682e-07
9.445000e-10 1.091380e-07 1.170604e-07
9.450000e-10 1.085725e-07 1.164556e-07
9.455000e-10 1.080098e-07 1.158540e-07
9.460000e-10 1.074501e-07 1.152555e-07
9.465000e-10 1.068932e-07 1.146600e-07
9.470000e-10 1.063391e-07 1.140676e-07
9.475000e-10 1.057880e-07 1.134781e-07
9.480000e-10 1.052396e-07 1.128918e-07
9.485000e-10 1.046941e-07 1.123084e-07
9.490000e-10 1.041513e-07 1.117279e-07
9.495000e-10 1.036114e-07 1.111505e-07
9.500000e-10 1.030742e-07 1.105760e-07
9.505000e-10 1.025398e-07 1.100044e-07
9.510000e-10 1.020081e-07 1.094358e-07
9.515000e-10 1.014792e-07 1.088701e-07
9.520000e-10 1.009529e-07 1.083073e-07
9.525000e-10 1.004294e-07 1.077473e-07
9.530000e-10 9.990858e-08 1.071902e-07
9.535000e-10 9.939042e-08 1.066360e-07
9.540000e-10 9.887493e-08 1.060846e-07
9.545000e-10 9.836208e-08 1.055360e-07
9.550000e-10 9.785187e-08 1.049903e-07
9.555000e-10 9.734428e-08 1.044473e-07
9.560000e-10 9.683930e-08 1.039071e-07
9.565000e-10 9.633692e-08 1.033697e-07
9.570000e-10 9.583712e-08 1.028350e-07
9.575000e-10 9.533988e-08 1.023031e-07
9.580000e-10 9.484521e-08 1.017739e-07
9.585000e-10 9.435307e-08 1.012474e-07
9.590000e-10 9.386347e-08 1.007236e-07
9.595000e-10 9.337638e-08 1.002024e-07
9.600000e-10 9.289180e-08 9.968398e-08
9.605000e-10 9.240971e-08 9.916818e-08
9.610000e-10 9.193010e-08 9.865503e-08
9.615000e-10 9.145295e-08 9.814450e-08
9.620000e-10 9.097826e-08 9.763659e-08
9.625000e-10 9.050601e-08 9.713128e-08
9.630000e-10 9.003619e-08 9.662856e-08
9.635000e-10 8.956879e-08 9.612841e-08
9.640000e-10 8.910379e-08 9.563083e-08
9.645000e-10 8.864118e-08 9.513580e-08
9.650000e-10 8.818096e-08 9.464331e-08
9.655000e-10 8.772310e-08 9.415334e-08
9.660000e-10 8.726760e-08 9.366588e-08
9.665000e-10 8.681444e-08 9.318092e-08
9.670000e-10 8.636361e-08 9.269845e-08
9.675000e-10 8.591511e-08 9.221845e-08
9.680000e-10 8.546891e-08 9.174091e-08
9.685000e-10 8.502501e-08 9.126582e-08
9.690000e-10 8.458339e-08 9.079317e-08
9.695000e-10 8.414405e-08 9.032294e-08
9.700000e-10 8.370697e-08 8.985512e-08
9.705000e-10 8.327214e-08 8.938970e-08
9.710000e-10 8.283955e-08 8.892667e-08
9.715000e-10 8.240918e-08 8.846602e-08
9.720000e-10 8.198104e-08 8.800773e-08
9.725000e-10 8.155509e-08 8.755179e-08
9.730000e-10 8.113134e-08 8.709819e-08
9.735000e-10 8.070978e-08 8.664691e-08
9.740000e-10 8.029038e-08 8.619795e-08
9.745000e-10 7.987315e-08 8.575130e-08
9.750000e-10 7.945806e-08 8.530694e-08
9.755000e-10 7.904511e-08 8.486486e-08
9.760000e-10 7.863429e-08 8.442505e-08
9.765000e-10 7.822559e-08 8.398749e-08
9.770000e-10 7.781899e-08 8.355218e-08
9.775000e-10 7.741448e-08 8.311911e-08
9.780000e-10 7.701207e-08 8.268826e-08
9.785000e-10 7.661172e-08 8.225962e-08
9.790000e-10 7.621344e-08 8.183319e-08
9.795000e-10 7.581721e-08 8.140894e-08
9.800000e-10 7.542302e-08 8.098687e-08
9.805000e-10 7.503087e-08 8.056697e-08
9.810000e-10 7.464073e-08 8.014923e-08
9.815000e-10 7.425261e-08 7.973363e-08
9.820000e-10 7.386649e-08 7.932017e-08
9.825000e-10 7.348236e-08 7.890883e-08
9.830000e-10 7.310021e-08 7.849960e-08
9.835000e-10 7.272003e-08 7.809248e-08
9.840000e-10 7.234181e-08 7.768744e-08
9.845000e-10 7.196554e-08 7.728449e-08
9.850000e-10 7.159121e-08 7.688361e-08
9.855000e-10 7.121881e-08 7.648479e-08
9.860000e-10 7.084834e-08 7.608802e-08
9.865000e-10 7.047977e-08 7.569329e-08
9.870000e-10 7.011310e-08 7.530059e-08
9.875000e-10 6.974833e-08 7.490991e-08
9.880000e-10 6.938544e-08 7.452123e-08
9.885000e-10 6.902442e-08 7.413456e-08
9.890000e-10 6.866526e-08 7.374987e-08
9.895000e-10 6.830796e-08 7.336716e-08
9.900000e-10 6.795250e-08 7.298641e-08
9.905000e-10 6.759887e-08 7.260763e-08
9.910000e-10 6.724707e-08 7.223079e-08
9.915000e-10 6.689709e-08 7.185589e-08
9.920000e-10 6.654891e-08 7.148292e-08
9.925000e-10 6.620253e-08 7.111187e-08
9.930000e-10 6.585793e-08 7.074272e-08
9.935000e-10 6.551512e-08 7.037548e-08
9.940000e-10 6.517407e-08 7.001012e-08
9.945000e-10 6.483479e-08 6.964665e-08
9.950000e-10 6.449725e-08 6.928504e-08
9.955000e-10 6.416146e-08 6.892529e-08
9.960000e-10 6.382741e-08 6.856740e-08
9.965000e-10 6.349508e-08 6.821135e-08
9.970000e-10 6.316446e-08 6.785713e-08
9.975000e-10 6.283555e-08 6.750473e-08
9.980000e-10 6.250834e-08 6.715414e-08
9.985000e-10 6.218282e-08 6.680536e-08
9.990000e-10 6.185899e-08 6.645838e-08
9.995000e-10 6.153682e-08 6.611318e-08
1.000000e-09 6.121632e-08 6.576976e-08
1.000500e-09 6.089747e-08 6.542811e-08
1.001000e-09 6.058028e-08 6.508822e-08
1.001500e-09 6.026472e-08 6.475007e-08
1.002000e-09 5.995079e-08 6.441367e-08
1.002500e-09 5.963848e-08 6.407900e-08
1.003000e-09 5.932779e-08 6.374606e-08
1.003500e-09 5.901870e-08 6.341482e-08
1.004000e-09 5.871121e-08 6.308530e-08
1.004500e-09 5.840531e-08 6.275747e-08
1.005000e-09 5.810099e-08 6.243133e-08
1.005500e-09 5.779825e-08 6.210687e-08
1.006000e-09 5.749706e-08 6.178409e-08
1.006500e-09 5.719744e-08 6.146296e-08
1.007000e-09 5.689936e-08 6.114349e-08
1.007500e-09 5.660283e-08 6.082567e-08
1.008000e-09 5.630783e-08 6.050948e-08
1.008500e-09 5.601435e-08 6.019492e-08
1.009000e-09 5.572239e-08 5.988199e-08
1.009500e-09 5.543194e-08 5.957066e-08
1.010000e-09 5.514299e-08 5.926095e-08
1.010500e-09 5.485554e-08 5.895282e-08
1.011000e-09 5.456958e-08 5.864629e-08
1.011500e-09 5.428509e-08 5.834134e-08
1.012000e-09 5.400207e-08 5.803796e-08
1.012500e-09 5.372052e-08 5.773614e-08
1.013000e-09 5.344042e-08 5.743588e-08
1.013500e-09 5.316178e-08 5.713717e-08
1.014000e-09 5.288457e-08 5.683999e-08
1.014500e-09 5.260880e-08 5.654435e-08
1.015000e-09 5.233446e-08 5.625024e-08
1.015500e-09 5.206153e-08 5.595764e-08
1.016000e-09 5.179002e-08 5.566655e-08
1.016500e-09 5.151991e-08 5.537696e-08
1.017000e-09 5.125120e-08 5.508887e-08
1.017500e-09 5.098389e-08 5.480226e-08
1.018000e-09 5.071795e-08 5.451713e-08
1.018500e-09 5.045339e-08 5.423347e-08
1.019000e-09 5.019020e-08 5.395128e-08
1.019500e-09 4.992838e-08 5.367054e-08
1.020000e-09 4.966790e-08 5.339125e-08
1.020500e-09 4.940878e-08 5.311340e-08
1.021000e-09 4.915100e-08 5.283699e-08
1.021500e-09 4.889455e-08 5.256200e-08
1.022000e-09 4.863943e-08 5.228843e-08
1.022500e-09 4.838563e-08 5.201627e-08
1.023000e-09 4.813315e-08 5.174552e-08
1.023500e-09 4.788197e-08 5.147616e-08
1.024000e-09 4.763210e-08 5.120820e-08
1.024500e-09 4.738351e-08 5.094162e-08
1.025000e-09 4.713622e-08 5.067641e-08
1.025500e-09 4.689021e-08 5.041258e-08
1.026000e-09 4.664547e-08 5.015011e-08
1.026500e-09 4.640200e-08 4.988899e-08
1.027000e-09 4.615979e-08 4.962922e-08
1.027500e-09 4.591883e-08 4.937079e-08
1.028000e-09 4.567912e-08 4.911370e-08
1.028500e-09 4.544066e-08 4.885793e-08
1.029000e-09 4.520343e-08 4.860349e-08
1.029500e-09 4.496743e-08 4.835036e-08
1.030000e-09 4.473265e-08 4.809854e-08
1.030500e-09 4.449909e-08 4.784802e-08
1.031000e-09 4.426674e-08 4.759879e-08
1.031500e-09 4.403559e-08 4.735085e-08
1.032000e-09 4.380564e-08 4.710419e-08
1.032500e-09 4.357689e-08 4.685881e-08
1.033000e-09 4.334932e-08 4.661469e-08
1.033500e-09 4.312293e-08 4.637184e-08
1.034000e-09 4.289771e-08 4.613024e-08
1.034500e-09 4.267366e-08 4.588989e-08
1.035000e-09 4.245077e-08 4.565078e-08
1.035500e-09 4.222904e-08 4.541291e-08
1.036000e-09 4.200845e-08 4.517626e-08
1.036500e-09 4.178901e-08 4.494085e-08
1.037000e-09 4.157071e-08 4.470664e-08
1.037500e-09 4.135354e-08 4.447365e-08
1.038000e-09 4.113750e-08 4.424186e-08
1.038500e-09 4.092258e-08 4.401128e-08
1.039000e-09 4.070877e-08 4.378188e-08
1.039500e-09 4.049607e-08 4.355367e-08
1.040000e-09 4.028447e-08 4.332664e-08
1.040500e-09 4.007398e-08 4.310078e-08
1.041000e-09 3.986457e-08 4.287609e-08
1.041500e-09 3.965625e-08 4.265257e-08
1.042000e-09 3.944901e-08 4.243020e-08
1.042500e-09 3.924285e-08 4.220898e-08
1.043000e-09 3.903775e-08 4.198890e-08
1.043500e-09 3.883372e-08 4.176997e-08
1.044000e-09 3.863075e-08 4.155216e-08
1.044500e-09 3.842883e-08 4.133549e-08
1.045000e-09 3.822796e-08 4.111993e-08
1.045500e-09 3.802813e-08 4.090549e-08
1.046000e-09 3.782934e-08 4.069216e-08
1.046500e-09 3.763158e-08 4.047993e-08
1.047000e-09 3.743485e-08 4.026880e-08
1.047500e-09 3.723913e-08 4.005877e-08
1.048000e-09 3.704444e-08 3.984982e-08
1.048500e-09 3.685075e-08 3.964195e-08
1.049000e-09 3.665807e-08 3.943516e-08
1.049500e-09 3.646639e-08 3.922944e-08
1.050000e-09 3.627571e-08 3.902478e-08
1.050500e-09 3.608602e-08 3.882118e-08
1.051000e-09 3.589731e-08 3.861864e-08
1.051500e-09 3.570958e-08 3.841715e-08
1.052000e-09 3.552282e-08 3.821670e-08
1.052500e-09 3.533704e-08 3.801728e-08
1.053000e-09 3.515222e-08 3.781890e-08
1.053500e-09 3.496836e-08 3.762155e-08
1.054000e-09 3.478545e-08 3.742522e-08
1.054500e-09 3.460350e-08 3.722990e-08
1.055000e-09 3.442249e-08 3.703560e-08
1.055500e-09 3.424242e-08 3.684231e-08
1.056000e-09 3.406328e-08 3.665001e-08
1.056500e-09 3.388508e-08 3.645871e-08
1.057000e-09 3.370780e-08 3.626840e-08
1.057500e-09 3.353144e-08 3.607908e-08
1.058000e-09 3.335600e-08 3.589074e-08
1.058500e-09 3.318147e-08 3.570337e-08
1.059000e-09 3.300785e-08 3.551698e-08
1.059500e-09 3.283513e-08 3.533155e-08
1.060000e-09 3.266331e-08 3.514708e-08
1.060500e-09 3.249238e-08 3.496357e-08
1.061000e-09 3.232234e-08 3.478101e-08
1.061500e-09 3.215318e-08 3.459939e-08
1.062000e-09 3.198490e-08 3.441872e-08
1.062500e-09 3.181750e-08 3.423898e-08
1.063000e-09 3.165096e-08 3.406018e-08
1.063500e-09 3.148530e-08 3.388230e-08
1.064000e-09 3.132049e-08 3.370534e-08
1.064500e-09 3.115654e-08 3.352930e-08
1.065000e-09 3.099344e-08 3.335418e-08
1.065500e-09 3.083119e-08 3.317996e-08
1.066000e-09 3.066979e-08 3.300664e-08
1.066500e-09 3.050922e-08 3.283423e-08
1.067000e-09 3.034949e-08 3.266270e-08
1.067500e-09 3.019059e-08 3.249207e-08
1.068000e-09 3.003251e-08 3.232232e-08
1.068500e-09 2.987526e-08 3.215345e-08
1.069000e-09 2.971883e-08 3.198546e-08
1.069500e-09 2.956320e-08 3.181834e-08
1.070000e-09 2.940839e-08 3.165209e-08
1.070500e-09 2.925439e-08 3.148670e-08
1.071000e-09 2.910118e-08 3.132216e-08
1.071500e-09 2.894877e-08 3.115848e-08
1.072000e-09 2.879716e-08 3.099565e-08
1.072500e-09 2.864633e-08 3.083366e-08
1.073000e-09 2.849629e-08 3.067252e-08
1.073500e-09 2.834703e-08 3.051221e-08
1.074000e-09 2.819854e-08 3.035273e-08
1.074500e-09 2.805083e-08 3.019408e-08
1.075000e-09 2.790388e-08 3.003625e-08
1.075500e-09 2.775771e-08 2.987925e-08
1.076000e-09 2.761229e-08 2.972305e-08
1.076500e-09 2.746763e-08 2.956767e-08
1.077000e-09 2.732372e-08 2.941309e-08
1.077500e-09 2.718056e-08 2.925932e-08
1.078000e-09 2.703814e-08 2.910634e-08
1.078500e-09 2.689647e-08 2.895416e-08
1.079000e-09 2.675553e-08 2.880277e-08
1.079500e-09 2.661533e-08 2.865217e-08
1.080000e-09 2.647586e-08 2.850234e-08
1.080500e-09 2.633711e-08 2.835330e-08
1.081000e-09 2.619909e-08 2.820503e-08
1.081500e-09 2.606178e-08 2.805752e-08
1.082000e-09 2.592519e-08 2.791079e-08
1.082500e-09 2.578931e-08 2.776482e-08
1.083000e-09 2.565414e-08 2.761960e-08
1.083500e-09 2.551967e-08 2.747514e-08
1.084000e-09 2.538591e-08 2.733143e-08
1.084500e-09 2.525284e-08 2.718846e-08
1.085000e-09 2.512046e-08 2.704624e-08
1.085500e-09 2.498877e-08 2.690476e-08
1.086000e-09 2.485777e-08 2.676401e-08
1.086500e-09 2.472745e-08 2.662399e-08
1.087000e-09 2.459781e-08 2.648470e-08
1.087500e-09 2.446884e-08 2.634613e-08
1.088000e-09 2.434055e-08 2.620829e-08
1.088500e-09 2.421292e-08 2.607116e-08
1.089000e-09 2.408596e-08 2.593474e-08
1.089500e-09 2.395966e-08 2.579903e-08
1.090000e-09 2.383402e-08 2.566403e-08
1.090500e-09 2.370903e-08 2.552973e-08
1.091000e-09 2.358470e-08 2.539612e-08
1.091500e-09 2.346101e-08 2.526321e-08
1.092000e-09 2.333797e-08 2.513099e-08
1.092500e-09 2.321556e-08 2.499946e-08
1.093000e-09 2.309380e-08 2.486861e-08
1.093500e-09 2.297267e-08 2.473845e-08
1.094000e-09 2.285217e-08 2.460896e-08
1.094500e-09 2.273230e-08 2.448014e-08
1.095000e-09 2.261306e-08 2.435199e-08
1.095500e-09 2.249443e-08 2.422451e-08
1.096000e-09 2.237643e-08 2.409769e-08
1.096500e-09 2.225904e-08 2.397153e-08
1.097000e-09 2.214226e-08 2.384603e-08
1.097500e-09 2.202609e-08 2.372118e-08
1.098000e-09 2.191053e-08 2.359697e-08
1.098500e-09 2.179557e-08 2.347342e-08
1.099000e-09 2.168120e-08 2.335051e-08
1.099500e-09 2.156744e-08 2.322823e-08
1.100000e-09 2.145427e-08 2.310659e-08
1.100500e-09 2.134168e-08 2.298559e-08
1.101000e-09 2.122969e-08 2.286521e-08
1.101500e-09 2.111828e-08 2.274546e-08
1.102000e-09 2.100745e-08 2.262634e-08
1.102500e-09 2.089720e-08 2.250783e-08
1.103000e-09 2.078752e-08 2.238994e-08
1.103500e-09 2.067842e-08 2.227266e-08
1.104000e-09 2.056988e-08 2.215600e-08
1.104500e-09 2.046191e-08 2.203994e-08
1.105000e-09 2.035450e-08 2.192448e-08
1.105500e-09 2.024766e-08 2.180963e-08
1.106000e-09 2.014137e-08 2.169537e-08
1.106500e-09 2.003564e-08 2.158171e-08
1.107000e-09 1.993045e-08 2.146863e-08
1.107500e-09 1.982582e-08 2.135615e-08
1.108000e-09 1.972173e-08 2.124425e-08
1.108500e-09 1.961819e-08 2.113294e-08
1.109000e-09 1.951519e-08 2.102220e-08
1.109500e-09 1.941272e-08 2.091205e-08
1.110000e-09 1.931079e-08 2.080246e-08
1.110500e-09 1.920939e-08 2.069345e-08
1.111000e-09 1.910852e-08 2.058500e-08
1.111500e-09 1.900817e-08 2.047712e-08
1.112000e-09 1.890835e-08 2.036979e-08
1.112500e-09 1.880905e-08 2.026303e-08
1.113000e-09 1.871027e-08 2.015683e-08
1.113500e-09 1.861201e-08 2.005117e-08
1.114000e-09 1.851425e-08 1.994607e-08
1.114500e-09 1.841701e-08 1.984151e-08
1.115000e-09 1.832028e-08 1.973750e-08
1.115500e-09 1.822405e-08 1.963403e-08
1.116000e-09 1.812832e-08 1.953110e-08
1.116500e-09 1.803309e-08 1.942871e-08
1.117000e-09 1.793837e-08 1.932685e-08
1.117500e-09 1.784413e-08 1.922552e-08
1.118000e-09 1.775039e-08 1.912471e-08
1.118500e-09 1.765713e-08 1.902444e-08
1.119000e-09 1.756437e-08 1.892468e-08
1.119500e-09 1.747208e-08 1.882545e-08
1.120000e-09 1.738028e-08 1.872673e-08
1.120500e-09 1.728896e-08 1.862852e-08
1.121000e-09 1.719812e-08 1.853083e-08
1.121500e-09 1.710775e-08 1.843365e-08
1.122000e-09 1.701785e-08 1.833697e-08
1.122500e-09 1.692843e-08 1.824080e-08
1.123000e-09 1.683947e-08 1.814513e-08
1.123500e-09 1.675097e-08 1.804996e-08
1.124000e-09 1.666294e-08 1.795528e-08
1.124500e-09 1.657536e-08 1.786109e-08
1.125000e-09 1.648825e-08 1.776740e-08
1.125500e-09 1.640159e-08 1.767420e-08
1.126000e-09 1.631538e-08 1.758148e-08
1.126500e-09 1.622962e-08 1.748924e-08
1.127000e-09 1.614431e-08 1.739749e-08
1.127500e-09 1.605945e-08 1.730621e-08
1.128000e-09 1.597503e-08 1.721541e-08
1.128500e-09 1.589105e-08 1.712509e-08
1.129000e-09 1.580751e-08 1.703523e-08
1.129500e-09 1.572441e-08 1.694584e-08
1.130000e-09 1.564174e-08 1.685692e-08
1.130500e-09 1.555950e-08 1.676847e-08
1.131000e-09 1.547770e-08 1.668047e-08
1.131500e-09 1.539632e-08 1.659293e-08
1.132000e-09 1.531536e-08 1.650585e-08
1.132500e-09 1.523483e-08 1.641923e-08
1.133000e-09 1.515472e-08 1.633305e-08
1.133500e-09 1.507503e-08 1.624733e-08
1.134000e-09 1.499576e-08 1.616205e-08
1.134500e-09 1.491690e-08 1.607722e-08
1.135000e-09 1.483845e-08 1.599283e-08
1.135500e-09 1.476041e-08 1.590887e-08
1.136000e-09 1.468279e-08 1.582536e-08
1.136500e-09 1.460556e-08 1.574229e-08
1.137000e-09 1.452874e-08 1.565964e-08
1.137500e-09 1.445233e-08 1.557743e-08
1.138000e-09 1.437631e-08 1.549565e-08
1.138500e-09 1.430069e-08 1.541429e-08
1.139000e-09 1.422546e-08 1.533336e-08
1.139500e-09 1.415063e-08 1.525285e-08
1.140000e-09 1.407619e-08 1.517276e-08
1.140500e-09 1.400214e-08 1.509309e-08
1.141000e-09 1.392848e-08 1.501383e-08
1.141500e-09 1.385520e-08 1.493499e-08
1.142000e-09 1.378231e-08 1.485656e-08
1.142500e-09 1.370979e-08 1.477854e-08
1.143000e-09 1.363766e-08 1.470093e-08
1.143500e-09 1.356590e-08 1.462372e-08
1.144000e-09 1.349452e-08 1.454691e-08
1.144500e-09 1.342351e-08 1.447051e-08
1.145000e-09 1.335288e-08 1.439450e-08
1.145500e-09 1.328261e-08 1.431890e-08
1.146000e-09 1.321271e-08 1.424368e-08
1.146500e-09 1.314318e-08 1.416886e-08
1.147000e-09 1.307401e-08 1.409443e-08
1.147500e-09 1.300521e-08 1.402039e-08
1.148000e-09 1.293676e-08 1.394673e-08
1.148500e-09 1.286867e-08 1.387346e-08
1.149000e-09 1.280094e-08 1.380057e-08
1.149500e-09 1.273356e-08 1.372807e-08
1.150000e-09 1.266654e-08 1.365594e-08
1.150500e-09 1.259986e-08 1.358419e-08
1.151000e-09 1.253354e-08 1.351281e-08
1.151500e-09 1.246756e-08 1.344180e-08
1.152000e-09 1.240193e-08 1.337117e-08
1.152500e-09 1.233664e-08 1.330091e-08
1.153000e-09 1.227169e-08 1.323101e-08
1.153500e-09 1.220708e-08 1.316148e-08
1.154000e-09 1.214281e-08 1.309231e-08
1.154500e-09 1.207888e-08 1.302350e-08
1.155000e-09 1.201529e-08 1.295505e-08
1.155500e-09 1.195202e-08 1.288696e-08
1.156000e-09 1.188909e-08 1.281923e-08
1.156500e-09 1.182648e-08 1.275185e-08
1.157000e-09 1.176421e-08 1.268482e-08
1.157500e-09 1.170226e-08 1.261814e-08
1.158000e-09 1.164063e-08 1.255181e-08
1.158500e-09 1.157933e-08 1.248583e-08
1.159000e-09 1.151835e-08 1.242019e-08
1.159500e-09 1.145769e-08 1.235489e-08
1.160000e-09 1.139734e-08 1.228994e-08
1.160500e-09 1.133732e-08 1.222532e-08
1.161000e-09 1.127760e-08 1.216105e-08
1.161500e-09 1.121820e-08 1.209711e-08
1.162000e-09 1.115911e-08 1.203350e-08
1.162500e-09 1.110033e-08 1.197023e-08
1.163000e-09 1.104186e-08 1.190728e-08
1.163500e-09 1.098370e-08 1.184467e-08
1.164000e-09 1.092583e-08 1.178238e-08
1.164500e-09 1.086828e-08 1.172042e-08
1.165000e-09 1.081102e-08 1.165878e-08
1.165500e-09 1.075406e-08 1.159747e-08
1.166000e-09 1.069741e-08 1.153647e-08
1.166500e-09 1.064105e-08 1.147580e-08
1.167000e-09 1.058498e-08 1.141544e-08
1.167500e-09 1.052921e-08 1.135540e-08
1.168000e-09 1.047373e-08 1.129567e-08
1.168500e-09 1.041854e-08 1.123625e-08
1.169000e-09 1.036364e-08 1.117715e-08
1.169500e-09 1.030903e-08 1.111835e-08
1.170000e-09 1.025471e-08 1.105987e-08
1.170500e-09 1.020067e-08 1.100168e-08
1.171000e-09 1.014691e-08 1.094380e-08
1.171500e-09 1.009343e-08 1.088623e-08
1.172000e-09 1.004024e-08 1.082895e-08
1.172500e-09 9.987323e-09 1.077198e-08
1.173000e-09 9.934685e-09 1.071530e-08
1.173500e-09 9.882322e-09 1.065892e-08
1.174000e-09 9.830234e-09 1.060284e-08
1.174500e-09 9.778419e-09 1.054705e-08
1.175000e-09 9.726876e-09 1.049155e-08
1.175500e-09 9.675603e-09 1.043634e-08
1.176000e-09 9.624599e-09 1.038142e-08
1.176500e-09 9.573862e-09 1.032679e-08
1.177000e-09 9.523391e-09 1.027244e-08
1.177500e-09 9.473185e-09 1.021838e-08
1.178000e-09 9.423243e-09 1.016460e-08
1.178500e-09 9.373562e-09 1.011110e-08
1.179000e-09 9.324142e-09 1.005788e-08
1.179500e-09 9.274981e-09 1.000494e-08
1.180000e-09 9.226078e-09 9.952278e-09
1.180500e-09 9.177432e-09 9.899891e-09
1.181000e-09 9.129040e-09 9.847779e-09
1.181500e-09 9.080903e-09 9.795939e-09
1.182000e-09 9.033018e-09 9.744371e-09
1.182500e-09 8.985384e-09 9.693072e-09
1.183000e-09 8.938000e-09 9.642042e-09
1.183500e-09 8.890865e-09 9.591280e-09
1.184000e-09 8.843977e-09 9.540783e-09
1.184500e-09 8.797335e-09 9.490550e-09
1.185000e-09 8.750938e-09 9.440581e-09
1.185500e-09 8.704784e-09 9.390873e-09
1.186000e-09 8.658873e-09 9.341426e-09
1.186500e-09 8.613202e-09 9.292237e-09
1.187000e-09 8.567771e-09 9.243307e-09
1.187500e-09 8.522579e-09 9.194632e-09
1.188000e-09 8.477623e-09 9.146212e-09
1.188500e-09 8.432904e-09 9.098046e-09
1.189000e-09 8.388419e-09 9.050132e-09
1.189500e-09 8.344168e-09 9.002470e-09
1.190000e-09 8.300149e-09 8.955056e-09
1.190500e-09 8.256361e-09 8.907892e-09
1.191000e-09 8.212803e-09 8.860974e-09
1.191500e-09 8.169473e-09 8.814302e-09
1.192000e-09 8.126371e-09 8.767874e-09
1.192500e-09 8.083496e-09 8.721690e-09
1.193000e-09 8.040845e-09 8.675748e-09
1.193500e-09 7.998418e-09 8.630046e-09
1.194000e-09 7.956214e-09 8.584584e-09
1.194500e-09 7.914232e-09 8.539360e-09
1.195000e-09 7.872470e-09 8.494374e-09
1.195500e-09 7.830927e-09 8.449622e-09
1.196000e-09 7.789602e-09 8.405106e-09
1.196500e-09 7.748495e-09 8.360822e-09
1.197000e-09 7.707603e-09 8.316771e-09
1.197500e-09 7.666926e-09 8.272951e-09
1.198000e-09 7.626463e-09 8.229360e-09
1.198500e-09 7.586212e-09 8.185998e-09
1.199000e-09 7.546172e-09 8.142863e-09
1.199500e-09 7.506343e-09 8.099954e-09
1.200000e-09 7.466723e-09 8.057270e-09
