0.000000e+00 0 0
5.000000e-13 0 0
1.000000e-12 0 0
1.500000e-12 0 0
2.000000e-12 0 0
2.500000e-12 0 0
3.000000e-12 0 0
3.500000e-12 0 0
4.000000e-12 0 0
4.500000e-12 0 0
5.000000e-12 0 0
5.500000e-12 0 0
6.000000e-12 0 0
6.500000e-12 0 0
7.000000e-12 0 0
7.500000e-12 0 0
8.000000e-12 0 0
8.500000e-12 0 0
9.000000e-12 0 0
9.500000e-12 0 0
1.000000e-11 0 0
1.050000e-11 0 0
1.100000e-11 0 0
1.150000e-11 0 0
1.200000e-11 0 0
1.250000e-11 0 0
1.300000e-11 0 0
1.350000e-11 0 0
1.400000e-11 0 0
1.450000e-11 0 0
1.500000e-11 0 0
1.550000e-11 0 0
1.600000e-11 0 0
1.650000e-11 0 0
1.700000e-11 0 0
1.750000e-11 0 0
1.800000e-11 0 0
1.850000e-11 0 0
1.900000e-11 0 0
1.950000e-11 0 0
2.000000e-11 0 0
2.050000e-11 0 0
2.100000e-11 0 0
2.150000e-11 0 0
2.200000e-11 0 0
2.250000e-11 0 0
2.300000e-11 0 0
2.350000e-11 0 0
2.400000e-11 0 0
2.450000e-11 0 0
2.500000e-11 0 0
2.550000e-11 0 0
2.600000e-11 0 0
2.650000e-11 0 0
2.700000e-11 0 0
2.750000e-11 0 0
2.800000e-11 0 0
2.850000e-11 0 0
2.900000e-11 0 0
2.950000e-11 0 0
3.000000e-11 0 0
3.050000e-11 0 0
3.100000e-11 0 0
3.150000e-11 0 0
3.200000e-11 0 0
3.250000e-11 0 0
3.300000e-11 0 0
3.350000e-11 0 0
3.400000e-11 0 0
3.450000e-11 0 0
3.500000e-11 0 0
3.550000e-11 0 0
3.600000e-11 0 0
3.650000e-11 0 0
3.700000e-11 0 0
3.750000e-11 0 0
3.800000e-11 0 0
3.850000e-11 0 0
3.900000e-11 0 0
3.950000e-11 0 0
4.000000e-11 0 0
4.050000e-11 0 0
4.100000e-11 0 0
4.150000e-11 0 0
4.200000e-11 0 0
4.250000e-11 0 0
4.300000e-11 0 0
4.350000e-11 0 0
4.400000e-11 0 0
4.450000e-11 0 0
4.500000e-11 0 0
4.550000e-11 0 0
4.600000e-11 0 0
4.650000e-11 0 0
4.700000e-11 0 0
4.750000e-11 0 0
4.800000e-11 0 0
4.850000e-11 0 0
4.900000e-11 0 0
4.950000e-11 0 0
5.000000e-11 0 0
5.050000e-11 0 0
5.100000e-11 0 0
5.150000e-11 0 0
5.200000e-11 0 0
5.250000e-11 0 0
5.300000e-11 0 0
5.350000e-11 0 0
5.400000e-11 0 0
5.450000e-11 0 0
5.500000e-11 0 0
5.550000e-11 0 0
5.600000e-11 0 0
5.650000e-11 0 0
5.700000e-11 0 0
5.750000e-11 0 0
5.800000e-11 0 0
5.850000e-11 0 0
5.900000e-11 0 0
5.950000e-11 0 0
6.000000e-11 0 0
6.050000e-11 0 0
6.100000e-11 0 0
6.150000e-11 0 0
6.200000e-11 0 0
6.250000e-11 0 0
6.300000e-11 0 0
6.350000e-11 0 0
6.400000e-11 0 0
6.450000e-11 0 0
6.500000e-11 0 0
6.550000e-11 0 0
6.600000e-11 0 0
6.650000e-11 0 0
6.700000e-11 0 0
6.750000e-11 0 0
6.800000e-11 0 0
6.850000e-11 0 0
6.900000e-11 0 0
6.950000e-11 0 0
7.000000e-11 0 0
7.050000e-11 0 0
7.100000e-11 0 0
7.150000e-11 0 0
7.200000e-11 0 0
7.250000e-11 0 0
7.300000e-11 0 0
7.350000e-11 0 0
7.400000e-11 0 0
7.450000e-11 0 0
7.500000e-11 0 0
7.550000e-11 0 0
7.600000e-11 0 0
7.650000e-11 0 0
7.700000e-11 0 0
7.750000e-11 0 0
7.800000e-11 0 0
7.850000e-11 0 0
7.900000e-11 0 0
7.950000e-11 0 0
8.000000e-11 0 0
8.050000e-11 0 0
8.100000e-11 0 0
8.150000e-11 0 0
8.200000e-11 0 0
8.250000e-11 0 0
8.300000e-11 0 0
8.350000e-11 0 0
8.400000e-11 0 0
8.450000e-11 0 0
8.500000e-11 0 0
8.550000e-11 0 0
8.600000e-11 0 0
8.650000e-11 0 0
8.700000e-11 0 0
8.750000e-11 0 0
8.800000e-11 0 0
8.850000e-11 0 0
8.900000e-11 0 0
8.950000e-11 0 0
9.000000e-11 0 0
9.050000e-11 0 0
9.100000e-11 0 0
9.150000e-11 0 0
9.200000e-11 0 0
9.250000e-11 0 0
9.300000e-11 0 0
9.350000e-11 0 0
9.400000e-11 0 0
9.450000e-11 0 0
9.500000e-11 0 0
9.550000e-11 0 0
9.600000e-11 0 0
9.650000e-11 0 0
9.700000e-11 0 0
9.750000e-11 0 0
9.800000e-11 0 0
9.850000e-11 0 0
9.900000e-11 0 0
9.950000e-11 0 0
1.000000e-10 0 0
1.005000e-10 0 0
1.010000e-10 0 0
1.015000e-10 0 0
1.020000e-10 0 0
1.025000e-10 0 0
1.030000e-10 0 0
1.035000e-10 0 0
1.040000e-10 0 0
1.045000e-10 0 0
1.050000e-10 0 0
1.055000e-10 0 0
1.060000e-10 0 0
1.065000e-10 0 0
1.070000e-10 0 0
1.075000e-10 0 0
1.080000e-10 0 0
1.085000e-10 0 0
1.090000e-10 0 0
1.095000e-10 0 0
1.100000e-10 0 0
1.105000e-10 0 0
1.110000e-10 0 0
1.115000e-10 0 0
1.120000e-10 0 0
1.125000e-10 0 0
1.130000e-10 0 0
1.135000e-10 0 0
1.140000e-10 0 0
1.145000e-10 0 0
1.150000e-10 0 0
1.155000e-10 0 0
1.160000e-10 0 0
1.165000e-10 0 0
1.170000e-10 0 0
1.175000e-10 0 0
1.180000e-10 0 0
1.185000e-10 0 0
1.190000e-10 0 0
1.195000e-10 0 0
1.200000e-10 0 0
1.205000e-10 0 0
1.210000e-10 0 0
1.215000e-10 0 0
1.220000e-10 0 0
1.225000e-10 0 0
1.230000e-10 0 0
1.235000e-10 0 0
1.240000e-10 0 0
1.245000e-10 0 0
1.250000e-10 0 0
1.255000e-10 0 0
1.260000e-10 0 0
1.265000e-10 0 0
1.270000e-10 0 0
1.275000e-10 0 0
1.280000e-10 0 0
1.285000e-10 0 0
1.290000e-10 0 0
1.295000e-10 0 0
1.300000e-10 0 0
1.305000e-10 0 0
1.310000e-10 0 0
1.315000e-10 0 0
1.320000e-10 0 0
1.325000e-10 0 0
1.330000e-10 0 0
1.335000e-10 0 0
1.340000e-10 0 0
1.345000e-10 0 0
1.350000e-10 0 0
1.355000e-10 0 0
1.360000e-10 0 0
1.365000e-10 0 0
1.370000e-10 0 0
1.375000e-10 0 0
1.380000e-10 0 0
1.385000e-10 0 0
1.390000e-10 0 0
1.395000e-10 0 0
1.400000e-10 0 0
1.405000e-10 0 0
1.410000e-10 0 0
1.415000e-10 0 0
1.420000e-10 0 0
1.425000e-10 0 0
1.430000e-10 0 0
1.435000e-10 0 0
1.440000e-10 0 0
1.445000e-10 0 0
1.450000e-10 0 0
1.455000e-10 0 0
1.460000e-10 0 0
1.465000e-10 0 0
1.470000e-10 0 0
1.475000e-10 0 0
1.480000e-10 0 0
1.485000e-10 0 0
1.490000e-10 0 0
1.495000e-10 0 0
1.500000e-10 0 0
1.505000e-10 0 0
1.510000e-10 0 0
1.515000e-10 0 0
1.520000e-10 0 0
1.525000e-10 0 0
1.530000e-10 0 0
1.535000e-10 0 0
1.540000e-10 0 0
1.545000e-10 0 0
1.550000e-10 0 0
1.555000e-10 0 0
1.560000e-10 0 0
1.565000e-10 0 0
1.570000e-10 0 0
1.575000e-10 0 0
1.580000e-10 0 0
1.585000e-10 0 0
1.590000e-10 0 0
1.595000e-10 0 0
1.600000e-10 0 0
1.605000e-10 0 0
1.610000e-10 0 0
1.615000e-10 0 0
1.620000e-10 0 0
1.625000e-10 0 0
1.630000e-10 0 0
1.635000e-10 0 0
1.640000e-10 0 0
1.645000e-10 0 0
1.650000e-10 0 0
1.655000e-10 0 0
1.660000e-10 0 0
1.665000e-10 0 0
1.670000e-10 0 0
1.675000e-10 0 0
1.680000e-10 0 0
1.685000e-10 0 0
1.690000e-10 0 0
1.695000e-10 0 0
1.700000e-10 0 0
1.705000e-10 0 0
1.710000e-10 0 0
1.715000e-10 0 0
1.720000e-10 0 0
1.725000e-10 0 0
1.730000e-10 0 0
1.735000e-10 0 0
1.740000e-10 0 0
1.745000e-10 0 0
1.750000e-10 0 0
1.755000e-10 0 0
1.760000e-10 0 0
1.765000e-10 0 0
1.770000e-10 0 0
1.775000e-10 0 0
1.780000e-10 0 0
1.785000e-10 0 0
1.790000e-10 0 0
1.795000e-10 0 0
1.800000e-10 0 0
1.805000e-10 0 0
1.810000e-10 0 0
1.815000e-10 0 0
1.820000e-10 0 0
1.825000e-10 0 0
1.830000e-10 0 0
1.835000e-10 0 0
1.840000e-10 0 0
1.845000e-10 0 0
1.850000e-10 0 0
1.855000e-10 0 0
1.860000e-10 0 0
1.865000e-10 0 0
1.870000e-10 0 0
1.875000e-10 0 0
1.880000e-10 0 0
1.885000e-10 0 0
1.890000e-10 0 0
1.895000e-10 0 0
1.900000e-10 0 0
1.905000e-10 0 0
1.910000e-10 0 0
1.915000e-10 0 0
1.920000e-10 0 0
1.925000e-10 0 0
1.930000e-10 0 0
1.935000e-10 0 0
1.940000e-10 0 0
1.945000e-10 0 0
1.950000e-10 0 0
1.955000e-10 0 0
1.960000e-10 0 0
1.965000e-10 0 0
1.970000e-10 0 0
1.975000e-10 0 0
1.980000e-10 0 0
1.985000e-10 0 0
1.990000e-10 0 0
1.995000e-10 0 0
2.000000e-10 0 0
2.005000e-10 0 0
2.010000e-10 0 0
2.015000e-10 0 0
2.020000e-10 0 0
2.025000e-10 0 0
2.030000e-10 0 0
2.035000e-10 0 0
2.040000e-10 0 0
2.045000e-10 0 0
2.050000e-10 0 0
2.055000e-10 0 0
2.060000e-10 0 0
2.065000e-10 0 0
2.070000e-10 0 0
2.075000e-10 0 0
2.080000e-10 0 0
2.085000e-10 0 0
2.090000e-10 0 0
2.095000e-10 0 0
2.100000e-10 0 0
2.105000e-10 0 0
2.110000e-10 0 0
2.115000e-10 0 0
2.120000e-10 0 0
2.125000e-10 0 0
2.130000e-10 0 0
2.135000e-10 0 0
2.140000e-10 0 0
2.145000e-10 0 0
2.150000e-10 0 0
2.155000e-10 0 0
2.160000e-10 0 0
2.165000e-10 0 0
2.170000e-10 0 0
2.175000e-10 0 0
2.180000e-10 0 0
2.185000e-10 0 0
2.190000e-10 0 0
2.195000e-10 0 0
2.200000e-10 0 0
2.205000e-10 0 0
2.210000e-10 0 0
2.215000e-10 0 0
2.220000e-10 0 0
2.225000e-10 0 0
2.230000e-10 0 0
2.235000e-10 0 0
2.240000e-10 0 0
2.245000e-10 0 0
2.250000e-10 0 0
2.255000e-10 0 0
2.260000e-10 0 0
2.265000e-10 0 0
2.270000e-10 0 0
2.275000e-10 0 0
2.280000e-10 0 0
2.285000e-10 0 0
2.290000e-10 0 0
2.295000e-10 0 0
2.300000e-10 0 0
2.305000e-10 0 0
2.310000e-10 0 0
2.315000e-10 0 0
2.320000e-10 0 0
2.325000e-10 0 0
2.330000e-10 0 0
2.335000e-10 0 0
2.340000e-10 0 0
2.345000e-10 0 0
2.350000e-10 0 0
2.355000e-10 0 0
2.360000e-10 0 0
2.365000e-10 0 0
2.370000e-10 0 0
2.375000e-10 0 0
2.380000e-10 0 0
2.385000e-10 0 0
2.390000e-10 0 0
2.395000e-10 0 0
2.400000e-10 0 0
2.405000e-10 0 0
2.410000e-10 0 0
2.415000e-10 0 0
2.420000e-10 0 0
2.425000e-10 0 0
2.430000e-10 0 0
2.435000e-10 0 0
2.440000e-10 0 0
2.445000e-10 0 0
2.450000e-10 0 0
2.455000e-10 0 0
2.460000e-10 0 0
2.465000e-10 0 0
2.470000e-10 0 0
2.475000e-10 0 0
2.480000e-10 0 0
2.485000e-10 0 0
2.490000e-10 0 0
2.495000e-10 0 0
2.505000e-10 0.000000e+00 0
2.510000e-10 6.505214e-06 0
2.515000e-10 9.148794e-06 0
2.520000e-10 1.114286e-05 0
2.525000e-10 1.279538e-05 0
2.530000e-10 1.422642e-05 0
2.535000e-10 1.549792e-05 0
2.540000e-10 1.664693e-05 0
2.545000e-10 1.769772e-05 0
2.550000e-10 1.866727e-05 0
2.555000e-10 1.956802e-05 0
2.560000e-10 2.040941e-05 0
2.565000e-10 2.119884e-05 0
2.570000e-10 2.194221e-05 0
2.575000e-10 2.264435e-05 0
2.580000e-10 2.330927e-05 0
2.585000e-10 2.394034e-05 0
2.590000e-10 2.454043e-05 0
2.595000e-10 2.511199e-05 0
2.600000e-10 2.565718e-05 0
2.605000e-10 2.617788e-05 0
2.610000e-10 2.667573e-05 0
2.615000e-10 2.715221e-05 0
2.620000e-10 2.760864e-05 0
2.625000e-10 2.804620e-05 0
2.630000e-10 2.846595e-05 0
2.635000e-10 2.886886e-05 0
2.640000e-10 2.925580e-05 0
2.645000e-10 2.962760e-05 0
2.650000e-10 2.998497e-05 0
2.655000e-10 3.032861e-05 0
2.660000e-10 3.065914e-05 0
2.665000e-10 3.097715e-05 0
2.670000e-10 3.128316e-05 0
2.675000e-10 3.157769e-05 0
2.680000e-10 3.186121e-05 0
2.685000e-10 3.213414e-05 0
2.690000e-10 3.239691e-05 0
2.695000e-10 3.264989e-05 0
2.700000e-10 3.289346e-05 0
2.705000e-10 3.312794e-05 0
2.710000e-10 3.335367e-05 0
2.715000e-10 3.357095e-05 0
2.720000e-10 3.378006e-05 0
2.725000e-10 3.398129e-05 0
2.730000e-10 3.417488e-05 0
2.735000e-10 3.436109e-05 0
2.740000e-10 3.454014e-05 0
2.745000e-10 3.471228e-05 0
2.750000e-10 3.487769e-05 0
2.755000e-10 3.503660e-05 0
2.760000e-10 3.518919e-05 0
2.765000e-10 3.533566e-05 0
2.770000e-10 3.547617e-05 0
2.775000e-10 3.561089e-05 0
2.780000e-10 3.574000e-05 0
2.785000e-10 3.586365e-05 0
2.790000e-10 3.598199e-05 0
2.795000e-10 3.609516e-05 0
2.800000e-10 3.620331e-05 0
2.805000e-10 3.630656e-05 0.000000e+00
2.810000e-10 3.640505e-05 4.646581e-06
2.815000e-10 3.649891e-05 6.534853e-06
2.820000e-10 3.658824e-05 7.959187e-06
2.825000e-10 3.667317e-05 9.139560e-06
2.830000e-10 3.675382e-05 1.016173e-05
2.835000e-10 3.683028e-05 1.106994e-05
2.840000e-10 3.690266e-05 1.189066e-05
2.845000e-10 3.697107e-05 1.264123e-05
2.850000e-10 3.703560e-05 1.333377e-05
2.855000e-10 3.709634e-05 1.397716e-05
2.860000e-10 3.715339e-05 1.457815e-05
2.865000e-10 3.720684e-05 1.514203e-05
2.870000e-10 3.725677e-05 1.567300e-05
2.875000e-10 3.730327e-05 1.617454e-05
2.880000e-10 3.734642e-05 1.664948e-05
2.885000e-10 3.738629e-05 1.710025e-05
2.890000e-10 3.742296e-05 1.752888e-05
2.895000e-10 3.745651e-05 1.793714e-05
2.900000e-10 3.748702e-05 1.832656e-05
2.905000e-10 3.751453e-05 1.869848e-05
2.910000e-10 3.753914e-05 1.905409e-05
2.915000e-10 3.756090e-05 1.939444e-05
2.920000e-10 3.757988e-05 1.972046e-05
2.925000e-10 3.759614e-05 2.003300e-05
2.930000e-10 3.760974e-05 2.033282e-05
2.935000e-10 3.762074e-05 2.062061e-05
2.940000e-10 3.762920e-05 2.089700e-05
2.945000e-10 3.763517e-05 2.116257e-05
2.950000e-10 3.763872e-05 2.141784e-05
2.955000e-10 3.763989e-05 2.166330e-05
2.960000e-10 3.763874e-05 2.189939e-05
2.965000e-10 3.763531e-05 2.212653e-05
2.970000e-10 3.762966e-05 2.234512e-05
2.975000e-10 3.762184e-05 2.255549e-05
2.980000e-10 3.761189e-05 2.275800e-05
2.985000e-10 3.759986e-05 2.295296e-05
2.990000e-10 3.758579e-05 2.314065e-05
2.995000e-10 3.756974e-05 2.332135e-05
3.000000e-10 3.755173e-05 2.349533e-05
3.005000e-10 3.753182e-05 2.366282e-05
3.010000e-10 3.751004e-05 2.382405e-05
3.015000e-10 3.748644e-05 2.397925e-05
3.020000e-10 3.746105e-05 2.412862e-05
3.025000e-10 3.743392e-05 2.427235e-05
3.030000e-10 3.740508e-05 2.441063e-05
3.035000e-10 3.737456e-05 2.454363e-05
3.040000e-10 3.734240e-05 2.467153e-05
3.045000e-10 3.730865e-05 2.479448e-05
3.050000e-10 3.727333e-05 2.491264e-05
3.055000e-10 3.723647e-05 2.502614e-05
3.060000e-10 3.719811e-05 2.513514e-05
3.065000e-10 3.715829e-05 2.523975e-05
3.070000e-10 3.711702e-05 2.534012e-05
3.075000e-10 3.707435e-05 2.543635e-05
3.080000e-10 3.703031e-05 2.552857e-05
3.085000e-10 3.698492e-05 2.561689e-05
3.090000e-10 3.693821e-05 2.570142e-05
3.095000e-10 3.689021e-05 2.578226e-05
3.100000e-10 3.684096e-05 2.585951e-05
3.105000e-10 3.679047e-05 2.593326e-05
3.110000e-10 3.673877e-05 2.600361e-05
3.115000e-10 3.668589e-05 2.607065e-05
3.120000e-10 3.663186e-05 2.613446e-05
3.125000e-10 3.657670e-05 2.619512e-05
3.130000e-10 3.652044e-05 2.625273e-05
3.135000e-10 3.646309e-05 2.630734e-05
3.140000e-10 3.640469e-05 2.635904e-05
3.145000e-10 3.634525e-05 2.640791e-05
3.150000e-10 3.628481e-05 2.645400e-05
3.155000e-10 3.622337e-05 2.649739e-05
3.160000e-10 3.616097e-05 2.653814e-05
3.165000e-10 3.609763e-05 2.657631e-05
3.170000e-10 3.603336e-05 2.661198e-05
3.175000e-10 3.596819e-05 2.664519e-05
3.180000e-10 3.590214e-05 2.667601e-05
3.185000e-10 3.583523e-05 2.670449e-05
3.190000e-10 3.576747e-05 2.673069e-05
3.195000e-10 3.569890e-05 2.675465e-05
3.200000e-10 3.562951e-05 2.677644e-05
3.205000e-10 3.555935e-05 2.679610e-05
3.210000e-10 3.548841e-05 2.681367e-05
3.215000e-10 3.541673e-05 2.682921e-05
3.220000e-10 3.534431e-05 2.684277e-05
3.225000e-10 3.527118e-05 2.685438e-05
3.230000e-10 3.519735e-05 2.686410e-05
3.235000e-10 3.512284e-05 2.687196e-05
3.240000e-10 3.504767e-05 2.687800e-05
3.245000e-10 3.497185e-05 2.688227e-05
3.250000e-10 3.489540e-05 2.688480e-05
3.255000e-10 3.481833e-05 2.688564e-05
3.260000e-10 3.474065e-05 2.688481e-05
3.265000e-10 3.466240e-05 2.688237e-05
3.270000e-10 3.458356e-05 2.687833e-05
3.275000e-10 3.450417e-05 2.687274e-05
3.280000e-10 3.442424e-05 2.686564e-05
3.285000e-10 3.434378e-05 2.685704e-05
3.290000e-10 3.426280e-05 2.684700e-05
3.295000e-10 3.418132e-05 2.683553e-05
3.300000e-10 3.409935e-05 2.682267e-05
3.305000e-10 3.401690e-05 2.680844e-05
3.310000e-10 3.393399e-05 2.679289e-05
3.315000e-10 3.385063e-05 2.677603e-05
3.320000e-10 3.376684e-05 2.675790e-05
3.325000e-10 3.368261e-05 2.673851e-05
3.330000e-10 3.359797e-05 2.671791e-05
3.335000e-10 3.351293e-05 2.669611e-05
3.340000e-10 3.342749e-05 2.667315e-05
3.345000e-10 3.334168e-05 2.664904e-05
3.350000e-10 3.325550e-05 2.662380e-05
3.355000e-10 3.316895e-05 2.659748e-05
3.360000e-10 3.308207e-05 2.657008e-05
3.365000e-10 3.299484e-05 2.654163e-05
3.370000e-10 3.290729e-05 2.651216e-05
3.375000e-10 3.281942e-05 2.648168e-05
3.380000e-10 3.273125e-05 2.645022e-05
3.385000e-10 3.264278e-05 2.641780e-05
3.390000e-10 3.255403e-05 2.638444e-05
3.395000e-10 3.246500e-05 2.635015e-05
3.400000e-10 3.237570e-05 2.631497e-05
3.405000e-10 3.228614e-05 2.627891e-05
3.410000e-10 3.219633e-05 2.624198e-05
3.415000e-10 3.210628e-05 2.620421e-05
3.420000e-10 3.201601e-05 2.616562e-05
3.425000e-10 3.192551e-05 2.612622e-05
3.430000e-10 3.183479e-05 2.608603e-05
3.435000e-10 3.174387e-05 2.604506e-05
3.440000e-10 3.165275e-05 2.600335e-05
3.445000e-10 3.156144e-05 2.596089e-05
3.450000e-10 3.146995e-05 2.591772e-05
3.455000e-10 3.137828e-05 2.587384e-05
3.460000e-10 3.128645e-05 2.582927e-05
3.465000e-10 3.119446e-05 2.578402e-05
3.470000e-10 3.110232e-05 2.573812e-05
3.475000e-10 3.101004e-05 2.569157e-05
3.480000e-10 3.091761e-05 2.564439e-05
3.485000e-10 3.082506e-05 2.559659e-05
3.490000e-10 3.073239e-05 2.554820e-05
3.495000e-10 3.063959e-05 2.549921e-05
3.500000e-10 3.054669e-05 2.544965e-05
3.505000e-10 3.045369e-05 2.539953e-05
3.510000e-10 3.036059e-05 2.534886e-05
3.515000e-10 3.026740e-05 2.529766e-05
3.520000e-10 3.017413e-05 2.524594e-05
3.525000e-10 3.008077e-05 2.519370e-05
3.530000e-10 2.998735e-05 2.514097e-05
3.535000e-10 2.989386e-05 2.508775e-05
3.540000e-10 2.980032e-05 2.503405e-05
3.545000e-10 2.970671e-05 2.497989e-05
3.550000e-10 2.961306e-05 2.492528e-05
3.555000e-10 2.951937e-05 2.487023e-05
3.560000e-10 2.942564e-05 2.481475e-05
3.565000e-10 2.933188e-05 2.475885e-05
3.570000e-10 2.923809e-05 2.470255e-05
3.575000e-10 2.914428e-05 2.464584e-05
3.580000e-10 2.905045e-05 2.458874e-05
3.585000e-10 2.895662e-05 2.453127e-05
3.590000e-10 2.886277e-05 2.447343e-05
3.595000e-10 2.876893e-05 2.441523e-05
3.600000e-10 2.867509e-05 2.435668e-05
3.605000e-10 2.858126e-05 2.429779e-05
3.610000e-10 2.848744e-05 2.423857e-05
3.615000e-10 2.839363e-05 2.417902e-05
3.620000e-10 2.829985e-05 2.411917e-05
3.625000e-10 2.820610e-05 2.405901e-05
3.630000e-10 2.811237e-05 2.399855e-05
3.635000e-10 2.801868e-05 2.393780e-05
3.640000e-10 2.792503e-05 2.387678e-05
3.645000e-10 2.783142e-05 2.381548e-05
3.650000e-10 2.773786e-05 2.375393e-05
3.655000e-10 2.764435e-05 2.369211e-05
3.660000e-10 2.755090e-05 2.363005e-05
3.665000e-10 2.745750e-05 2.356774e-05
3.670000e-10 2.736417e-05 2.350521e-05
3.675000e-10 2.727090e-05 2.344245e-05
3.680000e-10 2.717770e-05 2.337947e-05
3.685000e-10 2.708457e-05 2.331627e-05
3.690000e-10 2.699153e-05 2.325288e-05
3.695000e-10 2.689856e-05 2.318928e-05
3.700000e-10 2.680567e-05 2.312550e-05
3.705000e-10 2.671288e-05 2.306153e-05
3.710000e-10 2.662017e-05 2.299738e-05
3.715000e-10 2.652755e-05 2.293306e-05
3.720000e-10 2.643504e-05 2.286858e-05
3.725000e-10 2.634262e-05 2.280393e-05
3.730000e-10 2.625030e-05 2.273914e-05
3.735000e-10 2.615809e-05 2.267419e-05
3.740000e-10 2.606599e-05 2.260911e-05
3.745000e-10 2.597400e-05 2.254389e-05
3.750000e-10 2.588213e-05 2.247853e-05
3.755000e-10 2.579037e-05 2.241306e-05
3.760000e-10 2.569873e-05 2.234747e-05
3.765000e-10 2.560721e-05 2.228176e-05
3.770000e-10 2.551582e-05 2.221594e-05
3.775000e-10 2.542456e-05 2.215003e-05
3.780000e-10 2.533343e-05 2.208401e-05
3.785000e-10 2.524242e-05 2.201790e-05
3.790000e-10 2.515156e-05 2.195170e-05
3.795000e-10 2.506083e-05 2.188542e-05
3.800000e-10 2.497024e-05 2.181907e-05
3.805000e-10 2.487979e-05 2.175264e-05
3.810000e-10 2.478949e-05 2.168614e-05
3.815000e-10 2.469933e-05 2.161957e-05
3.820000e-10 2.460933e-05 2.155295e-05
3.825000e-10 2.451947e-05 2.148627e-05
3.830000e-10 2.442976e-05 2.141954e-05
3.835000e-10 2.434022e-05 2.135276e-05
3.840000e-10 2.425082e-05 2.128594e-05
3.845000e-10 2.416159e-05 2.121908e-05
3.850000e-10 2.407252e-05 2.115219e-05
3.855000e-10 2.398361e-05 2.108526e-05
3.860000e-10 2.389486e-05 2.101831e-05
3.865000e-10 2.380628e-05 2.095134e-05
3.870000e-10 2.371787e-05 2.088435e-05
3.875000e-10 2.362963e-05 2.081734e-05
3.880000e-10 2.354156e-05 2.075032e-05
3.885000e-10 2.345366e-05 2.068330e-05
3.890000e-10 2.336594e-05 2.061627e-05
3.895000e-10 2.327840e-05 2.054924e-05
3.900000e-10 2.319103e-05 2.048221e-05
3.905000e-10 2.310384e-05 2.041518e-05
3.910000e-10 2.301683e-05 2.034817e-05
3.915000e-10 2.293001e-05 2.028117e-05
3.920000e-10 2.284337e-05 2.021418e-05
3.925000e-10 2.275691e-05 2.014721e-05
3.930000e-10 2.267064e-05 2.008027e-05
3.935000e-10 2.258456e-05 2.001334e-05
3.940000e-10 2.249867e-05 1.994645e-05
3.945000e-10 2.241297e-05 1.987959e-05
3.950000e-10 2.232746e-05 1.981276e-05
3.955000e-10 2.224215e-05 1.974597e-05
3.960000e-10 2.215702e-05 1.967921e-05
3.965000e-10 2.207210e-05 1.961250e-05
3.970000e-10 2.198737e-05 1.954583e-05
3.975000e-10 2.190284e-05 1.947921e-05
3.980000e-10 2.181850e-05 1.941264e-05
3.985000e-10 2.173437e-05 1.934612e-05
3.990000e-10 2.165044e-05 1.927966e-05
3.995000e-10 2.156671e-05 1.921326e-05
4.000000e-10 2.148318e-05 1.914691e-05
4.005000e-10 2.139985e-05 1.908063e-05
4.010000e-10 2.131674e-05 1.901441e-05
4.015000e-10 2.123382e-05 1.894825e-05
4.020000e-10 2.115112e-05 1.888217e-05
4.025000e-10 2.106862e-05 1.881616e-05
4.030000e-10 2.098632e-05 1.875022e-05
4.035000e-10 2.090424e-05 1.868435e-05
4.040000e-10 2.082237e-05 1.861857e-05
4.045000e-10 2.074071e-05 1.855286e-05
4.050000e-10 2.065926e-05 1.848723e-05
4.055000e-10 2.057802e-05 1.842169e-05
4.060000e-10 2.049699e-05 1.835624e-05
4.065000e-10 2.041618e-05 1.829087e-05
4.070000e-10 2.033558e-05 1.822559e-05
4.075000e-10 2.025520e-05 1.816040e-05
4.080000e-10 2.017503e-05 1.809530e-05
4.085000e-10 2.009508e-05 1.803030e-05
4.090000e-10 2.001535e-05 1.796540e-05
4.095000e-10 1.993583e-05 1.790059e-05
4.100000e-10 1.985653e-05 1.783589e-05
4.105000e-10 1.977745e-05 1.777128e-05
4.110000e-10 1.969858e-05 1.770678e-05
4.115000e-10 1.961994e-05 1.764238e-05
4.120000e-10 1.954152e-05 1.757809e-05
4.125000e-10 1.946331e-05 1.751391e-05
4.130000e-10 1.938533e-05 1.744983e-05
4.135000e-10 1.930757e-05 1.738587e-05
4.140000e-10 1.923003e-05 1.732202e-05
4.145000e-10 1.915271e-05 1.725828e-05
4.150000e-10 1.907561e-05 1.719465e-05
4.155000e-10 1.899874e-05 1.713115e-05
4.160000e-10 1.892209e-05 1.706776e-05
4.165000e-10 1.884566e-05 1.700449e-05
4.170000e-10 1.876946e-05 1.694134e-05
4.175000e-10 1.869347e-05 1.687831e-05
4.180000e-10 1.861772e-05 1.681540e-05
4.185000e-10 1.854219e-05 1.675262e-05
4.190000e-10 1.846688e-05 1.668996e-05
4.195000e-10 1.839180e-05 1.662743e-05
4.200000e-10 1.831694e-05 1.656502e-05
4.205000e-10 1.824231e-05 1.650274e-05
4.210000e-10 1.816790e-05 1.644059e-05
4.215000e-10 1.809372e-05 1.637858e-05
4.220000e-10 1.801977e-05 1.631669e-05
4.225000e-10 1.794604e-05 1.625494e-05
4.230000e-10 1.787253e-05 1.619332e-05
4.235000e-10 1.779926e-05 1.613183e-05
4.240000e-10 1.772621e-05 1.607048e-05
4.245000e-10 1.765338e-05 1.600926e-05
4.250000e-10 1.758079e-05 1.594819e-05
4.255000e-10 1.750842e-05 1.588725e-05
4.260000e-10 1.743627e-05 1.582645e-05
4.265000e-10 1.736436e-05 1.576578e-05
4.270000e-10 1.729267e-05 1.570526e-05
4.275000e-10 1.722120e-05 1.564488e-05
4.280000e-10 1.714997e-05 1.558464e-05
4.285000e-10 1.707896e-05 1.552455e-05
4.290000e-10 1.700818e-05 1.546460e-05
4.295000e-10 1.693762e-05 1.540479e-05
4.300000e-10 1.686729e-05 1.534513e-05
4.305000e-10 1.679719e-05 1.528561e-05
4.310000e-10 1.672731e-05 1.522624e-05
4.315000e-10 1.665767e-05 1.516702e-05
4.320000e-10 1.658825e-05 1.510794e-05
4.325000e-10 1.651905e-05 1.504901e-05
4.330000e-10 1.645008e-05 1.499023e-05
4.335000e-10 1.638134e-05 1.493160e-05
4.340000e-10 1.631282e-05 1.487312e-05
4.345000e-10 1.624454e-05 1.481479e-05
4.350000e-10 1.617647e-05 1.475661e-05
4.355000e-10 1.610864e-05 1.469859e-05
4.360000e-10 1.604102e-05 1.464071e-05
4.365000e-10 1.597364e-05 1.458299e-05
4.370000e-10 1.590648e-05 1.452542e-05
4.375000e-10 1.583955e-05 1.446800e-05
4.380000e-10 1.577284e-05 1.441074e-05
4.385000e-10 1.570635e-05 1.435363e-05
4.390000e-10 1.564009e-05 1.429668e-05
4.395000e-10 1.557406e-05 1.423988e-05
4.400000e-10 1.550825e-05 1.418324e-05
4.405000e-10 1.544266e-05 1.412675e-05
4.410000e-10 1.537730e-05 1.407042e-05
4.415000e-10 1.531217e-05 1.401424e-05
4.420000e-10 1.524725e-05 1.395823e-05
4.425000e-10 1.518256e-05 1.390237e-05
4.430000e-10 1.511809e-05 1.384666e-05
4.435000e-10 1.505385e-05 1.379112e-05
4.440000e-10 1.498983e-05 1.373573e-05
4.445000e-10 1.492603e-05 1.368051e-05
4.450000e-10 1.486245e-05 1.362544e-05
4.455000e-10 1.479910e-05 1.357053e-05
4.460000e-10 1.473597e-05 1.351578e-05
4.465000e-10 1.467305e-05 1.346119e-05
4.470000e-10 1.461036e-05 1.340675e-05
4.475000e-10 1.454789e-05 1.335248e-05
4.480000e-10 1.448564e-05 1.329837e-05
4.485000e-10 1.442361e-05 1.324442e-05
4.490000e-10 1.436180e-05 1.319063e-05
4.495000e-10 1.430021e-05 1.313700e-05
4.500000e-10 1.423884e-05 1.308353e-05
4.505000e-10 1.417769e-05 1.303022e-05
4.510000e-10 1.411676e-05 1.297707e-05
4.515000e-10 1.405604e-05 1.292409e-05
4.520000e-10 1.399554e-05 1.287126e-05
4.525000e-10 1.393526e-05 1.281860e-05
4.530000e-10 1.387520e-05 1.276610e-05
4.535000e-10 1.381535e-05 1.271376e-05
4.540000e-10 1.375572e-05 1.266158e-05
4.545000e-10 1.369631e-05 1.260956e-05
4.550000e-10 1.363711e-05 1.255770e-05
4.555000e-10 1.357813e-05 1.250601e-05
4.560000e-10 1.351936e-05 1.245448e-05
4.565000e-10 1.346081e-05 1.240311e-05
4.570000e-10 1.340247e-05 1.235190e-05
4.575000e-10 1.334434e-05 1.230086e-05
4.580000e-10 1.328643e-05 1.224998e-05
4.585000e-10 1.322873e-05 1.219926e-05
4.590000e-10 1.317124e-05 1.214870e-05
4.595000e-10 1.311397e-05 1.209830e-05
4.600000e-10 1.305691e-05 1.204807e-05
4.605000e-10 1.300006e-05 1.199799e-05
4.610000e-10 1.294341e-05 1.194808e-05
4.615000e-10 1.288698e-05 1.189833e-05
4.620000e-10 1.283076e-05 1.184875e-05
4.625000e-10 1.277475e-05 1.179932e-05
4.630000e-10 1.271895e-05 1.175006e-05
4.635000e-10 1.266336e-05 1.170096e-05
4.640000e-10 1.260797e-05 1.165202e-05
4.645000e-10 1.255280e-05 1.160324e-05
4.650000e-10 1.249783e-05 1.155462e-05
4.655000e-10 1.244306e-05 1.150617e-05
4.660000e-10 1.238851e-05 1.145787e-05
4.665000e-10 1.233416e-05 1.140974e-05
4.670000e-10 1.228001e-05 1.136177e-05
4.675000e-10 1.222607e-05 1.131396e-05
4.680000e-10 1.217234e-05 1.126631e-05
4.685000e-10 1.211881e-05 1.121882e-05
4.690000e-10 1.206548e-05 1.117150e-05
4.695000e-10 1.201235e-05 1.112433e-05
4.700000e-10 1.195943e-05 1.107732e-05
4.705000e-10 1.190671e-05 1.103047e-05
4.710000e-10 1.185420e-05 1.098379e-05
4.715000e-10 1.180188e-05 1.093726e-05
4.720000e-10 1.174977e-05 1.089089e-05
4.725000e-10 1.169785e-05 1.084469e-05
4.730000e-10 1.164614e-05 1.079864e-05
4.735000e-10 1.159462e-05 1.075275e-05
4.740000e-10 1.154330e-05 1.070702e-05
4.745000e-10 1.149219e-05 1.066145e-05
4.750000e-10 1.144127e-05 1.061604e-05
4.755000e-10 1.139054e-05 1.057078e-05
4.760000e-10 1.134002e-05 1.052569e-05
4.765000e-10 1.128969e-05 1.048075e-05
4.770000e-10 1.123955e-05 1.043597e-05
4.775000e-10 1.118961e-05 1.039135e-05
4.780000e-10 1.113987e-05 1.034689e-05
4.785000e-10 1.109032e-05 1.030258e-05
4.790000e-10 1.104096e-05 1.025843e-05
4.795000e-10 1.099180e-05 1.021444e-05
4.800000e-10 1.094283e-05 1.017060e-05
4.805000e-10 1.089406e-05 1.012692e-05
4.810000e-10 1.084547e-05 1.008340e-05
4.815000e-10 1.079708e-05 1.004003e-05
4.820000e-10 1.074887e-05 9.996817e-06
4.825000e-10 1.070086e-05 9.953760e-06
4.830000e-10 1.065304e-05 9.910857e-06
4.835000e-10 1.060540e-05 9.868110e-06
4.840000e-10 1.055796e-05 9.825517e-06
4.845000e-10 1.051070e-05 9.783079e-06
4.850000e-10 1.046363e-05 9.740795e-06
4.855000e-10 1.041675e-05 9.698664e-06
4.860000e-10 1.037005e-05 9.656687e-06
4.865000e-10 1.032354e-05 9.614863e-06
4.870000e-10 1.027722e-05 9.573192e-06
4.875000e-10 1.023108e-05 9.531674e-06
4.880000e-10 1.018512e-05 9.490308e-06
4.885000e-10 1.013935e-05 9.449094e-06
4.890000e-10 1.009376e-05 9.408032e-06
4.895000e-10 1.004836e-05 9.367121e-06
4.900000e-10 1.000314e-05 9.326362e-06
4.905000e-10 9.958097e-06 9.285754e-06
4.910000e-10 9.913237e-06 9.245296e-06
4.915000e-10 9.868559e-06 9.204988e-06
4.920000e-10 9.824061e-06 9.164831e-06
4.925000e-10 9.779742e-06 9.124823e-06
4.930000e-10 9.735603e-06 9.084965e-06
4.935000e-10 9.691642e-06 9.045255e-06
4.940000e-10 9.647859e-06 9.005695e-06
4.945000e-10 9.604254e-06 8.966283e-06
4.950000e-10 9.560826e-06 8.927018e-06
4.955000e-10 9.517575e-06 8.887902e-06
4.960000e-10 9.474499e-06 8.848933e-06
4.965000e-10 9.431599e-06 8.810112e-06
4.970000e-10 9.388873e-06 8.771437e-06
4.975000e-10 9.346322e-06 8.732909e-06
4.980000e-10 9.303945e-06 8.694526e-06
4.985000e-10 9.261740e-06 8.656290e-06
4.990000e-10 9.219709e-06 8.618199e-06
4.995000e-10 9.177850e-06 8.580253e-06
5.000000e-10 9.136162e-06 8.542453e-06
5.005000e-10 9.094646e-06 8.504796e-06
5.010000e-10 9.053300e-06 8.467284e-06
5.015000e-10 9.012124e-06 8.429915e-06
5.020000e-10 8.971117e-06 8.392690e-06
5.025000e-10 8.930280e-06 8.355608e-06
5.030000e-10 8.889610e-06 8.318669e-06
5.035000e-10 8.849109e-06 8.281872e-06
5.040000e-10 8.808775e-06 8.245217e-06
5.045000e-10 8.768608e-06 8.208704e-06
5.050000e-10 8.728607e-06 8.172332e-06
5.055000e-10 8.688772e-06 8.136101e-06
5.060000e-10 8.649102e-06 8.100011e-06
5.065000e-10 8.609596e-06 8.064061e-06
5.070000e-10 8.570255e-06 8.028251e-06
5.075000e-10 8.531077e-06 7.992581e-06
5.080000e-10 8.492063e-06 7.957049e-06
5.085000e-10 8.453210e-06 7.921657e-06
5.090000e-10 8.414520e-06 7.886403e-06
5.095000e-10 8.375991e-06 7.851287e-06
5.100000e-10 8.337623e-06 7.816309e-06
5.105000e-10 8.299415e-06 7.781468e-06
5.110000e-10 8.261368e-06 7.746764e-06
5.115000e-10 8.223479e-06 7.712197e-06
5.120000e-10 8.185749e-06 7.677766e-06
5.125000e-10 8.148178e-06 7.643471e-06
5.130000e-10 8.110764e-06 7.609312e-06
5.135000e-10 8.073507e-06 7.575287e-06
5.140000e-10 8.036407e-06 7.541398e-06
5.145000e-10 7.999463e-06 7.507642e-06
5.150000e-10 7.962674e-06 7.474021e-06
5.155000e-10 7.926041e-06 7.440534e-06
5.160000e-10 7.889562e-06 7.407179e-06
5.165000e-10 7.853237e-06 7.373958e-06
5.170000e-10 7.817065e-06 7.340869e-06
5.175000e-10 7.781046e-06 7.307912e-06
5.180000e-10 7.745180e-06 7.275088e-06
5.185000e-10 7.709466e-06 7.242394e-06
5.190000e-10 7.673902e-06 7.209831e-06
5.195000e-10 7.638490e-06 7.177400e-06
5.200000e-10 7.603228e-06 7.145098e-06
5.205000e-10 7.568116e-06 7.112926e-06
5.210000e-10 7.533153e-06 7.080884e-06
5.215000e-10 7.498338e-06 7.048971e-06
5.220000e-10 7.463672e-06 7.017186e-06
5.225000e-10 7.429154e-06 6.985530e-06
5.230000e-10 7.394783e-06 6.954002e-06
5.235000e-10 7.360558e-06 6.922602e-06
5.240000e-10 7.326479e-06 6.891328e-06
5.245000e-10 7.292546e-06 6.860182e-06
5.250000e-10 7.258758e-06 6.829162e-06
5.255000e-10 7.225115e-06 6.798268e-06
5.260000e-10 7.191616e-06 6.767499e-06
5.265000e-10 7.158260e-06 6.736856e-06
5.270000e-10 7.125047e-06 6.706338e-06
5.275000e-10 7.091977e-06 6.675944e-06
5.280000e-10 7.059049e-06 6.645675e-06
5.285000e-10 7.026262e-06 6.615529e-06
5.290000e-10 6.993616e-06 6.585506e-06
5.295000e-10 6.961111e-06 6.555607e-06
5.300000e-10 6.928745e-06 6.525830e-06
5.305000e-10 6.896519e-06 6.496175e-06
5.310000e-10 6.864432e-06 6.466643e-06
5.315000e-10 6.832484e-06 6.437231e-06
5.320000e-10 6.800673e-06 6.407941e-06
5.325000e-10 6.769000e-06 6.378771e-06
5.330000e-10 6.737464e-06 6.349722e-06
5.335000e-10 6.706064e-06 6.320792e-06
5.340000e-10 6.674800e-06 6.291982e-06
5.345000e-10 6.643671e-06 6.263291e-06
5.350000e-10 6.612678e-06 6.234719e-06
5.355000e-10 6.581819e-06 6.206266e-06
5.360000e-10 6.551093e-06 6.177930e-06
5.365000e-10 6.520501e-06 6.149712e-06
5.370000e-10 6.490043e-06 6.121611e-06
5.375000e-10 6.459716e-06 6.093627e-06
5.380000e-10 6.429522e-06 6.065759e-06
5.385000e-10 6.399459e-06 6.038007e-06
5.390000e-10 6.369527e-06 6.010371e-06
5.395000e-10 6.339725e-06 5.982851e-06
5.400000e-10 6.310053e-06 5.955445e-06
5.405000e-10 6.280511e-06 5.928154e-06
5.410000e-10 6.251098e-06 5.900977e-06
5.415000e-10 6.221814e-06 5.873914e-06
5.420000e-10 6.192657e-06 5.846964e-06
5.425000e-10 6.163628e-06 5.820127e-06
5.430000e-10 6.134726e-06 5.793403e-06
5.435000e-10 6.105951e-06 5.766791e-06
5.440000e-10 6.077302e-06 5.740291e-06
5.445000e-10 6.048779e-06 5.713902e-06
5.450000e-10 6.020380e-06 5.687624e-06
5.455000e-10 5.992107e-06 5.661458e-06
5.460000e-10 5.963957e-06 5.635401e-06
5.465000e-10 5.935932e-06 5.609455e-06
5.470000e-10 5.908029e-06 5.583618e-06
5.475000e-10 5.880250e-06 5.557890e-06
5.480000e-10 5.852592e-06 5.532271e-06
5.485000e-10 5.825057e-06 5.506761e-06
5.490000e-10 5.797643e-06 5.481359e-06
5.495000e-10 5.770350e-06 5.456064e-06
5.500000e-10 5.743177e-06 5.430877e-06
5.505000e-10 5.716125e-06 5.405797e-06
5.510000e-10 5.689192e-06 5.380823e-06
5.515000e-10 5.662377e-06 5.355956e-06
5.520000e-10 5.635682e-06 5.331195e-06
5.525000e-10 5.609105e-06 5.306538e-06
5.530000e-10 5.582645e-06 5.281988e-06
5.535000e-10 5.556303e-06 5.257541e-06
5.540000e-10 5.530077e-06 5.233199e-06
5.545000e-10 5.503968e-06 5.208962e-06
5.550000e-10 5.477974e-06 5.184827e-06
5.555000e-10 5.452096e-06 5.160796e-06
5.560000e-10 5.426333e-06 5.136868e-06
5.565000e-10 5.400685e-06 5.113043e-06
5.570000e-10 5.375150e-06 5.089319e-06
5.575000e-10 5.349729e-06 5.065698e-06
5.580000e-10 5.324421e-06 5.042178e-06
5.585000e-10 5.299226e-06 5.018758e-06
5.590000e-10 5.274144e-06 4.995440e-06
5.595000e-10 5.249173e-06 4.972222e-06
5.600000e-10 5.224313e-06 4.949104e-06
5.605000e-10 5.199564e-06 4.926085e-06
5.610000e-10 5.174926e-06 4.903166e-06
5.615000e-10 5.150398e-06 4.880346e-06
5.620000e-10 5.125980e-06 4.857624e-06
5.625000e-10 5.101671e-06 4.835000e-06
5.630000e-10 5.077470e-06 4.812474e-06
5.635000e-10 5.053378e-06 4.790046e-06
5.640000e-10 5.029394e-06 4.767714e-06
5.645000e-10 5.005517e-06 4.745480e-06
5.650000e-10 4.981748e-06 4.723341e-06
5.655000e-10 4.958085e-06 4.701299e-06
5.660000e-10 4.934528e-06 4.679352e-06
5.665000e-10 4.911076e-06 4.657501e-06
5.670000e-10 4.887731e-06 4.635745e-06
5.675000e-10 4.864490e-06 4.614083e-06
5.680000e-10 4.841353e-06 4.592515e-06
5.685000e-10 4.818321e-06 4.571042e-06
5.690000e-10 4.795392e-06 4.549662e-06
5.695000e-10 4.772567e-06 4.528375e-06
5.700000e-10 4.749844e-06 4.507181e-06
5.705000e-10 4.727224e-06 4.486080e-06
5.710000e-10 4.704706e-06 4.465070e-06
5.715000e-10 4.682289e-06 4.444153e-06
5.720000e-10 4.659973e-06 4.423327e-06
5.725000e-10 4.637758e-06 4.402592e-06
5.730000e-10 4.615644e-06 4.381947e-06
5.735000e-10 4.593629e-06 4.361394e-06
5.740000e-10 4.571714e-06 4.340930e-06
5.745000e-10 4.549898e-06 4.320556e-06
5.750000e-10 4.528181e-06 4.300272e-06
5.755000e-10 4.506562e-06 4.280076e-06
5.760000e-10 4.485041e-06 4.259970e-06
5.765000e-10 4.463618e-06 4.239951e-06
5.770000e-10 4.442292e-06 4.220021e-06
5.775000e-10 4.421062e-06 4.200178e-06
5.780000e-10 4.399929e-06 4.180423e-06
5.785000e-10 4.378891e-06 4.160755e-06
5.790000e-10 4.357949e-06 4.141174e-06
5.795000e-10 4.337102e-06 4.121679e-06
5.800000e-10 4.316350e-06 4.102269e-06
5.805000e-10 4.295693e-06 4.082946e-06
5.810000e-10 4.275129e-06 4.063708e-06
5.815000e-10 4.254659e-06 4.044555e-06
5.820000e-10 4.234282e-06 4.025487e-06
5.825000e-10 4.213998e-06 4.006503e-06
5.830000e-10 4.193806e-06 3.987604e-06
5.835000e-10 4.173706e-06 3.968788e-06
5.840000e-10 4.153698e-06 3.950055e-06
5.845000e-10 4.133781e-06 3.931406e-06
5.850000e-10 4.113955e-06 3.912839e-06
5.855000e-10 4.094220e-06 3.894354e-06
5.860000e-10 4.074575e-06 3.875952e-06
5.865000e-10 4.055019e-06 3.857632e-06
5.870000e-10 4.035553e-06 3.839393e-06
5.875000e-10 4.016176e-06 3.821235e-06
5.880000e-10 3.996887e-06 3.803158e-06
5.885000e-10 3.977687e-06 3.785162e-06
5.890000e-10 3.958575e-06 3.767245e-06
5.895000e-10 3.939550e-06 3.749409e-06
5.900000e-10 3.920613e-06 3.731652e-06
5.905000e-10 3.901762e-06 3.713975e-06
5.910000e-10 3.882997e-06 3.696376e-06
5.915000e-10 3.864319e-06 3.678856e-06
5.920000e-10 3.845727e-06 3.661414e-06
5.925000e-10 3.827219e-06 3.644051e-06
5.930000e-10 3.808797e-06 3.626765e-06
5.935000e-10 3.790460e-06 3.609556e-06
5.940000e-10 3.772206e-06 3.592424e-06
5.945000e-10 3.754037e-06 3.575370e-06
5.950000e-10 3.735951e-06 3.558391e-06
5.955000e-10 3.717948e-06 3.541489e-06
5.960000e-10 3.700029e-06 3.524663e-06
5.965000e-10 3.682192e-06 3.507912e-06
5.970000e-10 3.664436e-06 3.491236e-06
5.975000e-10 3.646763e-06 3.474636e-06
5.980000e-10 3.629171e-06 3.458110e-06
5.985000e-10 3.611661e-06 3.441658e-06
5.990000e-10 3.594231e-06 3.425280e-06
5.995000e-10 3.576882e-06 3.408976e-06
6.000000e-10 3.559612e-06 3.392746e-06
6.005000e-10 3.542423e-06 3.376588e-06
6.010000e-10 3.525312e-06 3.360504e-06
6.015000e-10 3.508281e-06 3.344492e-06
6.020000e-10 3.491329e-06 3.328552e-06
6.025000e-10 3.474455e-06 3.312685e-06
6.030000e-10 3.457659e-06 3.296889e-06
6.035000e-10 3.440941e-06 3.281164e-06
6.040000e-10 3.424300e-06 3.265510e-06
6.045000e-10 3.407736e-06 3.249927e-06
6.050000e-10 3.391250e-06 3.234415e-06
6.055000e-10 3.374839e-06 3.218973e-06
6.060000e-10 3.358504e-06 3.203601e-06
6.065000e-10 3.342246e-06 3.188299e-06
6.070000e-10 3.326062e-06 3.173065e-06
6.075000e-10 3.309954e-06 3.157901e-06
6.080000e-10 3.293921e-06 3.142806e-06
6.085000e-10 3.277962e-06 3.127779e-06
6.090000e-10 3.262077e-06 3.112821e-06
6.095000e-10 3.246266e-06 3.097930e-06
6.100000e-10 3.230529e-06 3.083107e-06
6.105000e-10 3.214864e-06 3.068352e-06
6.110000e-10 3.199273e-06 3.053664e-06
6.115000e-10 3.183754e-06 3.039042e-06
6.120000e-10 3.168307e-06 3.024487e-06
6.125000e-10 3.152933e-06 3.009998e-06
6.130000e-10 3.137630e-06 2.995576e-06
6.135000e-10 3.122398e-06 2.981219e-06
6.140000e-10 3.107237e-06 2.966927e-06
6.145000e-10 3.092147e-06 2.952701e-06
6.150000e-10 3.077127e-06 2.938540e-06
6.155000e-10 3.062178e-06 2.924443e-06
6.160000e-10 3.047298e-06 2.910410e-06
6.165000e-10 3.032487e-06 2.896442e-06
6.170000e-10 3.017746e-06 2.882538e-06
6.175000e-10 3.003074e-06 2.868697e-06
6.180000e-10 2.988470e-06 2.854920e-06
6.185000e-10 2.973934e-06 2.841205e-06
6.190000e-10 2.959467e-06 2.827554e-06
6.195000e-10 2.945067e-06 2.813964e-06
6.200000e-10 2.930734e-06 2.800438e-06
6.205000e-10 2.916469e-06 2.786973e-06
6.210000e-10 2.902270e-06 2.773570e-06
6.215000e-10 2.888138e-06 2.760228e-06
6.220000e-10 2.874072e-06 2.746948e-06
6.225000e-10 2.860072e-06 2.733728e-06
6.230000e-10 2.846137e-06 2.720569e-06
6.235000e-10 2.832268e-06 2.707471e-06
6.240000e-10 2.818464e-06 2.694433e-06
6.245000e-10 2.804725e-06 2.681455e-06
6.250000e-10 2.791050e-06 2.668536e-06
6.255000e-10 2.777440e-06 2.655677e-06
6.260000e-10 2.763893e-06 2.642878e-06
6.265000e-10 2.750410e-06 2.630137e-06
6.270000e-10 2.736990e-06 2.617455e-06
6.275000e-10 2.723634e-06 2.604831e-06
6.280000e-10 2.710340e-06 2.592265e-06
6.285000e-10 2.697108e-06 2.579758e-06
6.290000e-10 2.683939e-06 2.567308e-06
6.295000e-10 2.670832e-06 2.554915e-06
6.300000e-10 2.657787e-06 2.542580e-06
6.305000e-10 2.644803e-06 2.530302e-06
6.310000e-10 2.631880e-06 2.518080e-06
6.315000e-10 2.619018e-06 2.505915e-06
6.320000e-10 2.606217e-06 2.493806e-06
6.325000e-10 2.593476e-06 2.481754e-06
6.330000e-10 2.580795e-06 2.469757e-06
6.335000e-10 2.568174e-06 2.457815e-06
6.340000e-10 2.555612e-06 2.445929e-06
6.345000e-10 2.543110e-06 2.434097e-06
6.350000e-10 2.530667e-06 2.422321e-06
6.355000e-10 2.518282e-06 2.410599e-06
6.360000e-10 2.505956e-06 2.398932e-06
6.365000e-10 2.493689e-06 2.387318e-06
6.370000e-10 2.481479e-06 2.375759e-06
6.375000e-10 2.469327e-06 2.364253e-06
6.380000e-10 2.457232e-06 2.352801e-06
6.385000e-10 2.445195e-06 2.341401e-06
6.390000e-10 2.433214e-06 2.330055e-06
6.395000e-10 2.421290e-06 2.318762e-06
6.400000e-10 2.409423e-06 2.307520e-06
6.405000e-10 2.397612e-06 2.296332e-06
6.410000e-10 2.385857e-06 2.285195e-06
6.415000e-10 2.374157e-06 2.274110e-06
6.420000e-10 2.362513e-06 2.263077e-06
6.425000e-10 2.350924e-06 2.252095e-06
6.430000e-10 2.339390e-06 2.241164e-06
6.435000e-10 2.327911e-06 2.230284e-06
6.440000e-10 2.316486e-06 2.219455e-06
6.445000e-10 2.305116e-06 2.208676e-06
6.450000e-10 2.293799e-06 2.197948e-06
6.455000e-10 2.282536e-06 2.187270e-06
6.460000e-10 2.271327e-06 2.176641e-06
6.465000e-10 2.260171e-06 2.166062e-06
6.470000e-10 2.249067e-06 2.155533e-06
6.475000e-10 2.238017e-06 2.145053e-06
6.480000e-10 2.227019e-06 2.134621e-06
6.485000e-10 2.216074e-06 2.124239e-06
6.490000e-10 2.205180e-06 2.113905e-06
6.495000e-10 2.194338e-06 2.103619e-06
6.500000e-10 2.183548e-06 2.093382e-06
6.505000e-10 2.172809e-06 2.083192e-06
6.510000e-10 2.162122e-06 2.073050e-06
6.515000e-10 2.151485e-06 2.062956e-06
6.520000e-10 2.140899e-06 2.052909e-06
6.525000e-10 2.130363e-06 2.042908e-06
6.530000e-10 2.119878e-06 2.032955e-06
6.535000e-10 2.109442e-06 2.023049e-06
6.540000e-10 2.099057e-06 2.013189e-06
6.545000e-10 2.088721e-06 2.003375e-06
6.550000e-10 2.078434e-06 1.993607e-06
6.555000e-10 2.068196e-06 1.983885e-06
6.560000e-10 2.058007e-06 1.974209e-06
6.565000e-10 2.047867e-06 1.964578e-06
6.570000e-10 2.037775e-06 1.954993e-06
6.575000e-10 2.027731e-06 1.945453e-06
6.580000e-10 2.017736e-06 1.935957e-06
6.585000e-10 2.007788e-06 1.926506e-06
6.590000e-10 1.997887e-06 1.917100e-06
6.595000e-10 1.988034e-06 1.907737e-06
6.600000e-10 1.978228e-06 1.898419e-06
6.605000e-10 1.968469e-06 1.889145e-06
6.610000e-10 1.958757e-06 1.879914e-06
6.615000e-10 1.949091e-06 1.870727e-06
6.620000e-10 1.939471e-06 1.861583e-06
6.625000e-10 1.929898e-06 1.852483e-06
6.630000e-10 1.920370e-06 1.843425e-06
6.635000e-10 1.910888e-06 1.834410e-06
6.640000e-10 1.901451e-06 1.825437e-06
6.645000e-10 1.892060e-06 1.816507e-06
6.650000e-10 1.882714e-06 1.807619e-06
6.655000e-10 1.873412e-06 1.798773e-06
6.660000e-10 1.864155e-06 1.789969e-06
6.665000e-10 1.854942e-06 1.781206e-06
6.670000e-10 1.845774e-06 1.772485e-06
6.675000e-10 1.836649e-06 1.763805e-06
6.680000e-10 1.827569e-06 1.755166e-06
6.685000e-10 1.818532e-06 1.746568e-06
6.690000e-10 1.809538e-06 1.738010e-06
6.695000e-10 1.800588e-06 1.729493e-06
6.700000e-10 1.791680e-06 1.721016e-06
6.705000e-10 1.782815e-06 1.712580e-06
6.710000e-10 1.773993e-06 1.704183e-06
6.715000e-10 1.765214e-06 1.695827e-06
6.720000e-10 1.756476e-06 1.687509e-06
6.725000e-10 1.747781e-06 1.679232e-06
6.730000e-10 1.739127e-06 1.670993e-06
6.735000e-10 1.730515e-06 1.662794e-06
6.740000e-10 1.721945e-06 1.654633e-06
6.745000e-10 1.713416e-06 1.646511e-06
6.750000e-10 1.704927e-06 1.638428e-06
6.755000e-10 1.696480e-06 1.630383e-06
6.760000e-10 1.688073e-06 1.622376e-06
6.765000e-10 1.679707e-06 1.614408e-06
6.770000e-10 1.671381e-06 1.606477e-06
6.775000e-10 1.663096e-06 1.598584e-06
6.780000e-10 1.654850e-06 1.590728e-06
6.785000e-10 1.646644e-06 1.582910e-06
6.790000e-10 1.638477e-06 1.575129e-06
6.795000e-10 1.630350e-06 1.567384e-06
6.800000e-10 1.622263e-06 1.559677e-06
6.805000e-10 1.614214e-06 1.552007e-06
6.810000e-10 1.606204e-06 1.544373e-06
6.815000e-10 1.598232e-06 1.536775e-06
6.820000e-10 1.590300e-06 1.529214e-06
6.825000e-10 1.582405e-06 1.521688e-06
6.830000e-10 1.574549e-06 1.514198e-06
6.835000e-10 1.566730e-06 1.506745e-06
6.840000e-10 1.558950e-06 1.499326e-06
6.845000e-10 1.551207e-06 1.491943e-06
6.850000e-10 1.543501e-06 1.484596e-06
6.855000e-10 1.535833e-06 1.477283e-06
6.860000e-10 1.528202e-06 1.470005e-06
6.865000e-10 1.520607e-06 1.462762e-06
6.870000e-10 1.513050e-06 1.455553e-06
6.875000e-10 1.505529e-06 1.448379e-06
6.880000e-10 1.498044e-06 1.441240e-06
6.885000e-10 1.490596e-06 1.434134e-06
6.890000e-10 1.483184e-06 1.427062e-06
6.895000e-10 1.475807e-06 1.420024e-06
6.900000e-10 1.468467e-06 1.413020e-06
6.905000e-10 1.461161e-06 1.406049e-06
6.910000e-10 1.453892e-06 1.399112e-06
6.915000e-10 1.446657e-06 1.392208e-06
6.920000e-10 1.439458e-06 1.385337e-06
6.925000e-10 1.432293e-06 1.378498e-06
6.930000e-10 1.425164e-06 1.371693e-06
6.935000e-10 1.418069e-06 1.364920e-06
6.940000e-10 1.411008e-06 1.358180e-06
6.945000e-10 1.403981e-06 1.351471e-06
6.950000e-10 1.396989e-06 1.344795e-06
6.955000e-10 1.390031e-06 1.338151e-06
6.960000e-10 1.383106e-06 1.331539e-06
6.965000e-10 1.376215e-06 1.324959e-06
6.970000e-10 1.369358e-06 1.318410e-06
6.975000e-10 1.362533e-06 1.311892e-06
6.980000e-10 1.355742e-06 1.305406e-06
6.985000e-10 1.348984e-06 1.298951e-06
6.990000e-10 1.342259e-06 1.292527e-06
6.995000e-10 1.335567e-06 1.286134e-06
7.000000e-10 1.328907e-06 1.279772e-06
7.005000e-10 1.322279e-06 1.273440e-06
7.010000e-10 1.315684e-06 1.267138e-06
7.015000e-10 1.309121e-06 1.260867e-06
7.020000e-10 1.302589e-06 1.254626e-06
7.025000e-10 1.296090e-06 1.248415e-06
7.030000e-10 1.289622e-06 1.242234e-06
7.035000e-10 1.283186e-06 1.236082e-06
7.040000e-10 1.276781e-06 1.229961e-06
7.045000e-10 1.270407e-06 1.223868e-06
7.050000e-10 1.264064e-06 1.217805e-06
7.055000e-10 1.257752e-06 1.211771e-06
7.060000e-10 1.251471e-06 1.205767e-06
7.065000e-10 1.245221e-06 1.199791e-06
7.070000e-10 1.239001e-06 1.193844e-06
7.075000e-10 1.232811e-06 1.187925e-06
7.080000e-10 1.226652e-06 1.182036e-06
7.085000e-10 1.220522e-06 1.176174e-06
7.090000e-10 1.214423e-06 1.170341e-06
7.095000e-10 1.208353e-06 1.164536e-06
7.100000e-10 1.202313e-06 1.158759e-06
7.105000e-10 1.196302e-06 1.153010e-06
7.110000e-10 1.190321e-06 1.147288e-06
7.115000e-10 1.184369e-06 1.141595e-06
7.120000e-10 1.178446e-06 1.135928e-06
7.125000e-10 1.172552e-06 1.130289e-06
7.130000e-10 1.166686e-06 1.124678e-06
7.135000e-10 1.160850e-06 1.119093e-06
7.140000e-10 1.155042e-06 1.113536e-06
7.145000e-10 1.149262e-06 1.108005e-06
7.150000e-10 1.143510e-06 1.102501e-06
7.155000e-10 1.137787e-06 1.097024e-06
7.160000e-10 1.132092e-06 1.091573e-06
7.165000e-10 1.126424e-06 1.086148e-06
7.170000e-10 1.120784e-06 1.080750e-06
7.175000e-10 1.115172e-06 1.075378e-06
7.180000e-10 1.109588e-06 1.070032e-06
7.185000e-10 1.104030e-06 1.064711e-06
7.190000e-10 1.098500e-06 1.059417e-06
7.195000e-10 1.092997e-06 1.054148e-06
7.200000e-10 1.087521e-06 1.048905e-06
7.205000e-10 1.082072e-06 1.043687e-06
7.210000e-10 1.076649e-06 1.038494e-06
7.215000e-10 1.071253e-06 1.033327e-06
7.220000e-10 1.065883e-06 1.028184e-06
7.225000e-10 1.060540e-06 1.023067e-06
7.230000e-10 1.055223e-06 1.017974e-06
7.235000e-10 1.049932e-06 1.012906e-06
7.240000e-10 1.044667e-06 1.007863e-06
7.245000e-10 1.039428e-06 1.002844e-06
7.250000e-10 1.034214e-06 9.978494e-07
7.255000e-10 1.029026e-06 9.928791e-07
7.260000e-10 1.023864e-06 9.879329e-07
7.265000e-10 1.018726e-06 9.830108e-07
7.270000e-10 1.013614e-06 9.781126e-07
7.275000e-10 1.008528e-06 9.732382e-07
7.280000e-10 1.003466e-06 9.683874e-07
7.285000e-10 9.984287e-07 9.635603e-07
7.290000e-10 9.934164e-07 9.587566e-07
7.295000e-10 9.884287e-07 9.539762e-07
7.300000e-10 9.834655e-07 9.492191e-07
7.305000e-10 9.785268e-07 9.444852e-07
7.310000e-10 9.736123e-07 9.397742e-07
7.315000e-10 9.687220e-07 9.350862e-07
7.320000e-10 9.638557e-07 9.304210e-07
7.325000e-10 9.590133e-07 9.257786e-07
7.330000e-10 9.541947e-07 9.211587e-07
7.335000e-10 9.493999e-07 9.165613e-07
7.340000e-10 9.446286e-07 9.119863e-07
7.345000e-10 9.398809e-07 9.074336e-07
7.350000e-10 9.351564e-07 9.029030e-07
7.355000e-10 9.304553e-07 8.983946e-07
7.360000e-10 9.257772e-07 8.939081e-07
7.365000e-10 9.211222e-07 8.894435e-07
7.370000e-10 9.164902e-07 8.850006e-07
7.375000e-10 9.118809e-07 8.805794e-07
7.380000e-10 9.072943e-07 8.761798e-07
7.385000e-10 9.027304e-07 8.718016e-07
7.390000e-10 8.981889e-07 8.674448e-07
7.395000e-10 8.936698e-07 8.631093e-07
7.400000e-10 8.891730e-07 8.587949e-07
7.405000e-10 8.846983e-07 8.545016e-07
7.410000e-10 8.802457e-07 8.502292e-07
7.415000e-10 8.758151e-07 8.459777e-07
7.420000e-10 8.714063e-07 8.417470e-07
7.425000e-10 8.670192e-07 8.375369e-07
7.430000e-10 8.626538e-07 8.333474e-07
7.435000e-10 8.583099e-07 8.291784e-07
7.440000e-10 8.539875e-07 8.250297e-07
7.445000e-10 8.496864e-07 8.209013e-07
7.450000e-10 8.454065e-07 8.167931e-07
7.455000e-10 8.411477e-07 8.127050e-07
7.460000e-10 8.369100e-07 8.086369e-07
7.465000e-10 8.326932e-07 8.045887e-07
7.470000e-10 8.284972e-07 8.005603e-07
7.475000e-10 8.243220e-07 7.965516e-07
7.480000e-10 8.201674e-07 7.925626e-07
7.485000e-10 8.160333e-07 7.885930e-07
7.490000e-10 8.119196e-07 7.846429e-07
7.495000e-10 8.078263e-07 7.807121e-07
7.500000e-10 8.037532e-07 7.768006e-07
7.505000e-10 7.997002e-07 7.729082e-07
7.510000e-10 7.956673e-07 7.690349e-07
7.515000e-10 7.916543e-07 7.651806e-07
7.520000e-10 7.876612e-07 7.613452e-07
7.525000e-10 7.836878e-07 7.575286e-07
7.530000e-10 7.797341e-07 7.537306e-07
7.535000e-10 7.757999e-07 7.499514e-07
7.540000e-10 7.718852e-07 7.461906e-07
7.545000e-10 7.679899e-07 7.424483e-07
7.550000e-10 7.641139e-07 7.387243e-07
7.555000e-10 7.602570e-07 7.350186e-07
7.560000e-10 7.564193e-07 7.313311e-07
7.565000e-10 7.526005e-07 7.276617e-07
7.570000e-10 7.488007e-07 7.240103e-07
7.575000e-10 7.450197e-07 7.203768e-07
7.580000e-10 7.412574e-07 7.167612e-07
7.585000e-10 7.375137e-07 7.131633e-07
7.590000e-10 7.337887e-07 7.095831e-07
7.595000e-10 7.300820e-07 7.060205e-07
7.600000e-10 7.263938e-07 7.024754e-07
7.605000e-10 7.227238e-07 6.989477e-07
7.610000e-10 7.190720e-07 6.954373e-07
7.615000e-10 7.154384e-07 6.919443e-07
7.620000e-10 7.118227e-07 6.884683e-07
7.625000e-10 7.082250e-07 6.850095e-07
7.630000e-10 7.046452e-07 6.815677e-07
7.635000e-10 7.010831e-07 6.781428e-07
7.640000e-10 6.975386e-07 6.747347e-07
7.645000e-10 6.940118e-07 6.713435e-07
7.650000e-10 6.905025e-07 6.679689e-07
7.655000e-10 6.870106e-07 6.646109e-07
7.660000e-10 6.835360e-07 6.612695e-07
7.665000e-10 6.800787e-07 6.579445e-07
7.670000e-10 6.766385e-07 6.546358e-07
7.675000e-10 6.732155e-07 6.513435e-07
7.680000e-10 6.698094e-07 6.480674e-07
7.685000e-10 6.664203e-07 6.448074e-07
7.690000e-10 6.630480e-07 6.415635e-07
7.695000e-10 6.596924e-07 6.383356e-07
7.700000e-10 6.563536e-07 6.351235e-07
7.705000e-10 6.530313e-07 6.319274e-07
7.710000e-10 6.497256e-07 6.287469e-07
7.715000e-10 6.464362e-07 6.255822e-07
7.720000e-10 6.431633e-07 6.224330e-07
7.725000e-10 6.399066e-07 6.192994e-07
7.730000e-10 6.366661e-07 6.161813e-07
7.735000e-10 6.334418e-07 6.130785e-07
7.740000e-10 6.302334e-07 6.099911e-07
7.745000e-10 6.270411e-07 6.069188e-07
7.750000e-10 6.238646e-07 6.038618e-07
7.755000e-10 6.207039e-07 6.008198e-07
7.760000e-10 6.175590e-07 5.977929e-07
7.765000e-10 6.144297e-07 5.947809e-07
7.770000e-10 6.113161e-07 5.917837e-07
7.775000e-10 6.082179e-07 5.888014e-07
7.780000e-10 6.051351e-07 5.858338e-07
7.785000e-10 6.020677e-07 5.828809e-07
7.790000e-10 5.990156e-07 5.799426e-07
7.795000e-10 5.959787e-07 5.770188e-07
7.800000e-10 5.929569e-07 5.741094e-07
7.805000e-10 5.899502e-07 5.712144e-07
7.810000e-10 5.869584e-07 5.683338e-07
7.815000e-10 5.839816e-07 5.654674e-07
7.820000e-10 5.810196e-07 5.626151e-07
7.825000e-10 5.780724e-07 5.597770e-07
7.830000e-10 5.751398e-07 5.569529e-07
7.835000e-10 5.722219e-07 5.541428e-07
7.840000e-10 5.693186e-07 5.513466e-07
7.845000e-10 5.664297e-07 5.485642e-07
7.850000e-10 5.635553e-07 5.457956e-07
7.855000e-10 5.606952e-07 5.430407e-07
7.860000e-10 5.578493e-07 5.402995e-07
7.865000e-10 5.550177e-07 5.375718e-07
7.870000e-10 5.522002e-07 5.348576e-07
7.875000e-10 5.493967e-07 5.321569e-07
7.880000e-10 5.466073e-07 5.294696e-07
7.885000e-10 5.438318e-07 5.267955e-07
7.890000e-10 5.410701e-07 5.241348e-07
7.895000e-10 5.383222e-07 5.214872e-07
7.900000e-10 5.355881e-07 5.188527e-07
7.905000e-10 5.328676e-07 5.162313e-07
7.910000e-10 5.301607e-07 5.136229e-07
7.915000e-10 5.274673e-07 5.110274e-07
7.920000e-10 5.247874e-07 5.084448e-07
7.925000e-10 5.221209e-07 5.058750e-07
7.930000e-10 5.194677e-07 5.033180e-07
7.935000e-10 5.168278e-07 5.007736e-07
7.940000e-10 5.142011e-07 4.982419e-07
7.945000e-10 5.115875e-07 4.957227e-07
7.950000e-10 5.089870e-07 4.932161e-07
7.955000e-10 5.063994e-07 4.907218e-07
7.960000e-10 5.038249e-07 4.882400e-07
7.965000e-10 5.012632e-07 4.857705e-07
7.970000e-10 4.987143e-07 4.833132e-07
7.975000e-10 4.961782e-07 4.808682e-07
7.980000e-10 4.936547e-07 4.784353e-07
7.985000e-10 4.911439e-07 4.760145e-07
7.990000e-10 4.886457e-07 4.736057e-07
7.995000e-10 4.861599e-07 4.712089e-07
8.000000e-10 4.836866e-07 4.688240e-07
8.005000e-10 4.812257e-07 4.664509e-07
8.010000e-10 4.787772e-07 4.640897e-07
8.015000e-10 4.763408e-07 4.617402e-07
8.020000e-10 4.739167e-07 4.594023e-07
8.025000e-10 4.715047e-07 4.570761e-07
8.030000e-10 4.691048e-07 4.547615e-07
8.035000e-10 4.667170e-07 4.524584e-07
8.040000e-10 4.643411e-07 4.501667e-07
8.045000e-10 4.619771e-07 4.478865e-07
8.050000e-10 4.596249e-07 4.456176e-07
8.055000e-10 4.572845e-07 4.433600e-07
8.060000e-10 4.549559e-07 4.411136e-07
8.065000e-10 4.526390e-07 4.388784e-07
8.070000e-10 4.503336e-07 4.366543e-07
8.075000e-10 4.480398e-07 4.344413e-07
8.080000e-10 4.457576e-07 4.322394e-07
8.085000e-10 4.434867e-07 4.300484e-07
8.090000e-10 4.412273e-07 4.278683e-07
8.095000e-10 4.389792e-07 4.256990e-07
8.100000e-10 4.367424e-07 4.235406e-07
8.105000e-10 4.345168e-07 4.213930e-07
8.110000e-10 4.323024e-07 4.192560e-07
8.115000e-10 4.300991e-07 4.171297e-07
8.120000e-10 4.279068e-07 4.150140e-07
8.125000e-10 4.257256e-07 4.129088e-07
8.130000e-10 4.235553e-07 4.108142e-07
8.135000e-10 4.213959e-07 4.087300e-07
8.140000e-10 4.192473e-07 4.066561e-07
8.145000e-10 4.171096e-07 4.045927e-07
8.150000e-10 4.149825e-07 4.025395e-07
8.155000e-10 4.128662e-07 4.004965e-07
8.160000e-10 4.107605e-07 3.984638e-07
8.165000e-10 4.086653e-07 3.964412e-07
8.170000e-10 4.065807e-07 3.944287e-07
8.175000e-10 4.045066e-07 3.924262e-07
8.180000e-10 4.024429e-07 3.904338e-07
8.185000e-10 4.003896e-07 3.884513e-07
8.190000e-10 3.983466e-07 3.864786e-07
8.195000e-10 3.963138e-07 3.845159e-07
8.200000e-10 3.942913e-07 3.825629e-07
8.205000e-10 3.922790e-07 3.806197e-07
8.210000e-10 3.902768e-07 3.786862e-07
8.215000e-10 3.882846e-07 3.767624e-07
8.220000e-10 3.863025e-07 3.748482e-07
8.225000e-10 3.843303e-07 3.729435e-07
8.230000e-10 3.823681e-07 3.710484e-07
8.235000e-10 3.804157e-07 3.691627e-07
8.240000e-10 3.784732e-07 3.672865e-07
8.245000e-10 3.765404e-07 3.654196e-07
8.250000e-10 3.746174e-07 3.635621e-07
8.255000e-10 3.727040e-07 3.617139e-07
8.260000e-10 3.708003e-07 3.598749e-07
8.265000e-10 3.689061e-07 3.580451e-07
8.270000e-10 3.670215e-07 3.562245e-07
8.275000e-10 3.651464e-07 3.544130e-07
8.280000e-10 3.632808e-07 3.526105e-07
8.285000e-10 3.614245e-07 3.508171e-07
8.290000e-10 3.595776e-07 3.490326e-07
8.295000e-10 3.577400e-07 3.472571e-07
8.300000e-10 3.559116e-07 3.454905e-07
8.305000e-10 3.540925e-07 3.437327e-07
8.310000e-10 3.522825e-07 3.419837e-07
8.315000e-10 3.504816e-07 3.402434e-07
8.320000e-10 3.486898e-07 3.385119e-07
8.325000e-10 3.469071e-07 3.367891e-07
8.330000e-10 3.451333e-07 3.350749e-07
8.335000e-10 3.433685e-07 3.333693e-07
8.340000e-10 3.416126e-07 3.316722e-07
8.345000e-10 3.398655e-07 3.299836e-07
8.350000e-10 3.381273e-07 3.283035e-07
8.355000e-10 3.363978e-07 3.266318e-07
8.360000e-10 3.346770e-07 3.249685e-07
8.365000e-10 3.329649e-07 3.233135e-07
8.370000e-10 3.312615e-07 3.216669e-07
8.375000e-10 3.295667e-07 3.200285e-07
8.380000e-10 3.278804e-07 3.183983e-07
8.385000e-10 3.262026e-07 3.167762e-07
8.390000e-10 3.245333e-07 3.151624e-07
8.395000e-10 3.228724e-07 3.135566e-07
8.400000e-10 3.212199e-07 3.119589e-07
8.405000e-10 3.195757e-07 3.103691e-07
8.410000e-10 3.179398e-07 3.087874e-07
8.415000e-10 3.163122e-07 3.072136e-07
8.420000e-10 3.146928e-07 3.056477e-07
8.425000e-10 3.130816e-07 3.040897e-07
8.430000e-10 3.114786e-07 3.025395e-07
8.435000e-10 3.098836e-07 3.009970e-07
8.440000e-10 3.082967e-07 2.994624e-07
8.445000e-10 3.067178e-07 2.979354e-07
8.450000e-10 3.051469e-07 2.964161e-07
8.455000e-10 3.035839e-07 2.949044e-07
8.460000e-10 3.020288e-07 2.934003e-07
8.465000e-10 3.004816e-07 2.919038e-07
8.470000e-10 2.989422e-07 2.904148e-07
8.475000e-10 2.974106e-07 2.889333e-07
8.480000e-10 2.958867e-07 2.874592e-07
8.485000e-10 2.943706e-07 2.859926e-07
8.490000e-10 2.928621e-07 2.845333e-07
8.495000e-10 2.913612e-07 2.830813e-07
8.500000e-10 2.898679e-07 2.816367e-07
8.505000e-10 2.883822e-07 2.801993e-07
8.510000e-10 2.869040e-07 2.787691e-07
8.515000e-10 2.854332e-07 2.773461e-07
8.520000e-10 2.839699e-07 2.759303e-07
8.525000e-10 2.825140e-07 2.745217e-07
8.530000e-10 2.810655e-07 2.731201e-07
8.535000e-10 2.796243e-07 2.717255e-07
8.540000e-10 2.781904e-07 2.703380e-07
8.545000e-10 2.767638e-07 2.689574e-07
8.550000e-10 2.753444e-07 2.675838e-07
8.555000e-10 2.739321e-07 2.662172e-07
8.560000e-10 2.725271e-07 2.648573e-07
8.565000e-10 2.711291e-07 2.635044e-07
8.570000e-10 2.697382e-07 2.621582e-07
8.575000e-10 2.683544e-07 2.608189e-07
8.580000e-10 2.669775e-07 2.594863e-07
8.585000e-10 2.656077e-07 2.581604e-07
8.590000e-10 2.642448e-07 2.568411e-07
8.595000e-10 2.628887e-07 2.555285e-07
8.600000e-10 2.615396e-07 2.542226e-07
8.605000e-10 2.601973e-07 2.529232e-07
8.610000e-10 2.588618e-07 2.516303e-07
8.615000e-10 2.575330e-07 2.503440e-07
8.620000e-10 2.562110e-07 2.490642e-07
8.625000e-10 2.548957e-07 2.477908e-07
8.630000e-10 2.535871e-07 2.465238e-07
8.635000e-10 2.522851e-07 2.452632e-07
8.640000e-10 2.509897e-07 2.440090e-07
8.645000e-10 2.497009e-07 2.427611e-07
8.650000e-10 2.484186e-07 2.415195e-07
8.655000e-10 2.471428e-07 2.402841e-07
8.660000e-10 2.458735e-07 2.390550e-07
8.665000e-10 2.446106e-07 2.378321e-07
8.670000e-10 2.433541e-07 2.366154e-07
8.675000e-10 2.421040e-07 2.354048e-07
8.680000e-10 2.408602e-07 2.342003e-07
8.685000e-10 2.396228e-07 2.330018e-07
8.690000e-10 2.383916e-07 2.318095e-07
8.695000e-10 2.371667e-07 2.306231e-07
8.700000e-10 2.359480e-07 2.294428e-07
8.705000e-10 2.347355e-07 2.282684e-07
8.710000e-10 2.335291e-07 2.270999e-07
8.715000e-10 2.323289e-07 2.259373e-07
8.720000e-10 2.311347e-07 2.247806e-07
8.725000e-10 2.299467e-07 2.236297e-07
8.730000e-10 2.287646e-07 2.224847e-07
8.735000e-10 2.275886e-07 2.213454e-07
8.740000e-10 2.264185e-07 2.202119e-07
8.745000e-10 2.252544e-07 2.190841e-07
8.750000e-10 2.240962e-07 2.179621e-07
8.755000e-10 2.229438e-07 2.168456e-07
8.760000e-10 2.217973e-07 2.157349e-07
8.765000e-10 2.206567e-07 2.146297e-07
8.770000e-10 2.195218e-07 2.135302e-07
8.775000e-10 2.183927e-07 2.124361e-07
8.780000e-10 2.172694e-07 2.113477e-07
8.785000e-10 2.161518e-07 2.102647e-07
8.790000e-10 2.150398e-07 2.091872e-07
8.795000e-10 2.139335e-07 2.081151e-07
8.800000e-10 2.128328e-07 2.070485e-07
8.805000e-10 2.117377e-07 2.059873e-07
8.810000e-10 2.106482e-07 2.049314e-07
8.815000e-10 2.095642e-07 2.038809e-07
8.820000e-10 2.084858e-07 2.028357e-07
8.825000e-10 2.074128e-07 2.017957e-07
8.830000e-10 2.063453e-07 2.007611e-07
8.835000e-10 2.052832e-07 1.997317e-07
8.840000e-10 2.042265e-07 1.987075e-07
8.845000e-10 2.031752e-07 1.976884e-07
8.850000e-10 2.021292e-07 1.966746e-07
8.855000e-10 2.010886e-07 1.956658e-07
8.860000e-10 2.000532e-07 1.946622e-07
8.865000e-10 1.990231e-07 1.936636e-07
8.870000e-10 1.979983e-07 1.926702e-07
8.875000e-10 1.969787e-07 1.916817e-07
8.880000e-10 1.959642e-07 1.906982e-07
8.885000e-10 1.949550e-07 1.897198e-07
8.890000e-10 1.939509e-07 1.887463e-07
8.895000e-10 1.929518e-07 1.877777e-07
8.900000e-10 1.919579e-07 1.868140e-07
8.905000e-10 1.909691e-07 1.858552e-07
8.910000e-10 1.899852e-07 1.849013e-07
8.915000e-10 1.890064e-07 1.839522e-07
8.920000e-10 1.880326e-07 1.830079e-07
8.925000e-10 1.870637e-07 1.820684e-07
8.930000e-10 1.860998e-07 1.811336e-07
8.935000e-10 1.851408e-07 1.802036e-07
8.940000e-10 1.841866e-07 1.792784e-07
8.945000e-10 1.832373e-07 1.783578e-07
8.950000e-10 1.822929e-07 1.774418e-07
8.955000e-10 1.813533e-07 1.765306e-07
8.960000e-10 1.804184e-07 1.756239e-07
8.965000e-10 1.794884e-07 1.747218e-07
8.970000e-10 1.785630e-07 1.738244e-07
8.975000e-10 1.776424e-07 1.729314e-07
8.980000e-10 1.767265e-07 1.720430e-07
8.985000e-10 1.758153e-07 1.711591e-07
8.990000e-10 1.749087e-07 1.702797e-07
8.995000e-10 1.740067e-07 1.694048e-07
9.000000e-10 1.731093e-07 1.685343e-07
9.005000e-10 1.722165e-07 1.676682e-07
9.010000e-10 1.713283e-07 1.668065e-07
9.015000e-10 1.704445e-07 1.659492e-07
9.020000e-10 1.695653e-07 1.650962e-07
9.025000e-10 1.686906e-07 1.642476e-07
9.030000e-10 1.678203e-07 1.634033e-07
9.035000e-10 1.669545e-07 1.625633e-07
9.040000e-10 1.660931e-07 1.617275e-07
9.045000e-10 1.652361e-07 1.608960e-07
9.050000e-10 1.643835e-07 1.600687e-07
9.055000e-10 1.635352e-07 1.592456e-07
9.060000e-10 1.626913e-07 1.584267e-07
9.065000e-10 1.618516e-07 1.576119e-07
9.070000e-10 1.610163e-07 1.568013e-07
9.075000e-10 1.601852e-07 1.559948e-07
9.080000e-10 1.593583e-07 1.551924e-07
9.085000e-10 1.585357e-07 1.543941e-07
9.090000e-10 1.577173e-07 1.535999e-07
9.095000e-10 1.569030e-07 1.528096e-07
9.100000e-10 1.560929e-07 1.520234e-07
9.105000e-10 1.552870e-07 1.512412e-07
9.110000e-10 1.544852e-07 1.504630e-07
9.115000e-10 1.536874e-07 1.496887e-07
9.120000e-10 1.528938e-07 1.489184e-07
9.125000e-10 1.521042e-07 1.481520e-07
9.130000e-10 1.513186e-07 1.473895e-07
9.135000e-10 1.505371e-07 1.466308e-07
9.140000e-10 1.497595e-07 1.458761e-07
9.145000e-10 1.489859e-07 1.451251e-07
9.150000e-10 1.482163e-07 1.443780e-07
9.155000e-10 1.474506e-07 1.436347e-07
9.160000e-10 1.466888e-07 1.428951e-07
9.165000e-10 1.459309e-07 1.421594e-07
9.170000e-10 1.451769e-07 1.414274e-07
9.175000e-10 1.444267e-07 1.406991e-07
9.180000e-10 1.436804e-07 1.399745e-07
9.185000e-10 1.429379e-07 1.392536e-07
9.190000e-10 1.421992e-07 1.385363e-07
9.195000e-10 1.414643e-07 1.378227e-07
9.200000e-10 1.407331e-07 1.371128e-07
9.205000e-10 1.400057e-07 1.364065e-07
9.210000e-10 1.392819e-07 1.357037e-07
9.215000e-10 1.385619e-07 1.350046e-07
9.220000e-10 1.378456e-07 1.343090e-07
9.225000e-10 1.371330e-07 1.336169e-07
9.230000e-10 1.364239e-07 1.329284e-07
9.235000e-10 1.357186e-07 1.322434e-07
9.240000e-10 1.350168e-07 1.315619e-07
9.245000e-10 1.343186e-07 1.308838e-07
9.250000e-10 1.336240e-07 1.302092e-07
9.255000e-10 1.329329e-07 1.295381e-07
9.260000e-10 1.322454e-07 1.288703e-07
9.265000e-10 1.315614e-07 1.282060e-07
9.270000e-10 1.308809e-07 1.275450e-07
9.275000e-10 1.302039e-07 1.268874e-07
9.280000e-10 1.295304e-07 1.262332e-07
9.285000e-10 1.288603e-07 1.255823e-07
9.290000e-10 1.281936e-07 1.249348e-07
9.295000e-10 1.275304e-07 1.242905e-07
9.300000e-10 1.268705e-07 1.236495e-07
9.305000e-10 1.262141e-07 1.230118e-07
9.310000e-10 1.255609e-07 1.223773e-07
9.315000e-10 1.249112e-07 1.217461e-07
9.320000e-10 1.242647e-07 1.211181e-07
9.325000e-10 1.236216e-07 1.204933e-07
9.330000e-10 1.229818e-07 1.198717e-07
9.335000e-10 1.223453e-07 1.192532e-07
9.340000e-10 1.217120e-07 1.186379e-07
9.345000e-10 1.210819e-07 1.180258e-07
9.350000e-10 1.204551e-07 1.174168e-07
9.355000e-10 1.198315e-07 1.168109e-07
9.360000e-10 1.192111e-07 1.162080e-07
9.365000e-10 1.185939e-07 1.156083e-07
9.370000e-10 1.179798e-07 1.150116e-07
9.375000e-10 1.173689e-07 1.144180e-07
9.380000e-10 1.167612e-07 1.138274e-07
9.385000e-10 1.161565e-07 1.132398e-07
9.390000e-10 1.155549e-07 1.126552e-07
9.395000e-10 1.149565e-07 1.120736e-07
9.400000e-10 1.143611e-07 1.114950e-07
9.405000e-10 1.137687e-07 1.109193e-07
9.410000e-10 1.131794e-07 1.103466e-07
9.415000e-10 1.125931e-07 1.097767e-07
9.420000e-10 1.120098e-07 1.092098e-07
9.425000e-10 1.114295e-07 1.086458e-07
9.430000e-10 1.108522e-07 1.080847e-07
9.435000e-10 1.102779e-07 1.075265e-07
9.440000e-10 1.097065e-07 1.069711e-07
9.445000e-10 1.091380e-07 1.064185e-07
9.450000e-10 1.085725e-07 1.058688e-07
9.455000e-10 1.080098e-07 1.053218e-07
9.460000e-10 1.074501e-07 1.047777e-07
9.465000e-10 1.068932e-07 1.042364e-07
9.470000e-10 1.063391e-07 1.036978e-07
9.475000e-10 1.057880e-07 1.031620e-07
9.480000e-10 1.052396e-07 1.026289e-07
9.485000e-10 1.046941e-07 1.020985e-07
9.490000e-10 1.041513e-07 1.015709e-07
9.495000e-10 1.036114e-07 1.010459e-07
9.500000e-10 1.030742e-07 1.005236e-07
9.505000e-10 1.025398e-07 1.000040e-07
9.510000e-10 1.020081e-07 9.948711e-08
9.515000e-10 1.014792e-07 9.897281e-08
9.520000e-10 1.009529e-07 9.846115e-08
9.525000e-10 1.004294e-07 9.795211e-08
9.530000e-10 9.990858e-08 9.744567e-08
9.535000e-10 9.939042e-08 9.694183e-08
9.540000e-10 9.887493e-08 9.644056e-08
9.545000e-10 9.836208e-08 9.594186e-08
9.550000e-10 9.785187e-08 9.544571e-08
9.555000e-10 9.734428e-08 9.495210e-08
9.560000e-10 9.683930e-08 9.446102e-08
9.565000e-10 9.633692e-08 9.397245e-08
9.570000e-10 9.583712e-08 9.348638e-08
9.575000e-10 9.533988e-08 9.300280e-08
9.580000e-10 9.484521e-08 9.252170e-08
9.585000e-10 9.435307e-08 9.204306e-08
9.590000e-10 9.386347e-08 9.156687e-08
9.595000e-10 9.337638e-08 9.109312e-08
9.600000e-10 9.289180e-08 9.062180e-08
9.605000e-10 9.240971e-08 9.015289e-08
9.610000e-10 9.193010e-08 8.968639e-08
9.615000e-10 9.145295e-08 8.922227e-08
9.620000e-10 9.097826e-08 8.876053e-08
9.625000e-10 9.050601e-08 8.830116e-08
9.630000e-10 9.003619e-08 8.784414e-08
9.635000e-10 8.956879e-08 8.738947e-08
9.640000e-10 8.910379e-08 8.693712e-08
9.645000e-10 8.864118e-08 8.648709e-08
9.650000e-10 8.818096e-08 8.603937e-08
9.655000e-10 8.772310e-08 8.559394e-08
9.660000e-10 8.726760e-08 8.515080e-08
9.665000e-10 8.681444e-08 8.470993e-08
9.670000e-10 8.636361e-08 8.427132e-08
9.675000e-10 8.591511e-08 8.383495e-08
9.680000e-10 8.546891e-08 8.340083e-08
9.685000e-10 8.502501e-08 8.296893e-08
9.690000e-10 8.458339e-08 8.253924e-08
9.695000e-10 8.414405e-08 8.211176e-08
9.700000e-10 8.370697e-08 8.168647e-08
9.705000e-10 8.327214e-08 8.126337e-08
9.710000e-10 8.283955e-08 8.084243e-08
9.715000e-10 8.240918e-08 8.042365e-08
9.720000e-10 8.198104e-08 8.000703e-08
9.725000e-10 8.155509e-08 7.959253e-08
9.730000e-10 8.113134e-08 7.918017e-08
9.735000e-10 8.070978e-08 7.876992e-08
9.740000e-10 8.029038e-08 7.836178e-08
9.745000e-10 7.987315e-08 7.795573e-08
9.750000e-10 7.945806e-08 7.755176e-08
9.755000e-10 7.904511e-08 7.714987e-08
9.760000e-10 7.863429e-08 7.675004e-08
9.765000e-10 7.822559e-08 7.635227e-08
9.770000e-10 7.781899e-08 7.595653e-08
9.775000e-10 7.741448e-08 7.556283e-08
9.780000e-10 7.701207e-08 7.517115e-08
9.785000e-10 7.661172e-08 7.478148e-08
9.790000e-10 7.621344e-08 7.439381e-08
9.795000e-10 7.581721e-08 7.400813e-08
9.800000e-10 7.542302e-08 7.362443e-08
9.805000e-10 7.503087e-08 7.324270e-08
9.810000e-10 7.464073e-08 7.286293e-08
9.815000e-10 7.425261e-08 7.248512e-08
9.820000e-10 7.386649e-08 7.210924e-08
9.825000e-10 7.348236e-08 7.173530e-08
9.830000e-10 7.310021e-08 7.136327e-08
9.835000e-10 7.272003e-08 7.099316e-08
9.840000e-10 7.234181e-08 7.062495e-08
9.845000e-10 7.196554e-08 7.025863e-08
9.850000e-10 7.159121e-08 6.989419e-08
9.855000e-10 7.121881e-08 6.953163e-08
9.860000e-10 7.084834e-08 6.917093e-08
9.865000e-10 7.047977e-08 6.881208e-08
9.870000e-10 7.011310e-08 6.845508e-08
9.875000e-10 6.974833e-08 6.809992e-08
9.880000e-10 6.938544e-08 6.774658e-08
9.885000e-10 6.902442e-08 6.739505e-08
9.890000e-10 6.866526e-08 6.704533e-08
9.895000e-10 6.830796e-08 6.669741e-08
9.900000e-10 6.795250e-08 6.635128e-08
9.905000e-10 6.759887e-08 6.600693e-08
9.910000e-10 6.724707e-08 6.566435e-08
9.915000e-10 6.689709e-08 6.532354e-08
9.920000e-10 6.654891e-08 6.498447e-08
9.925000e-10 6.620253e-08 6.464715e-08
9.930000e-10 6.585793e-08 6.431157e-08
9.935000e-10 6.551512e-08 6.397771e-08
9.940000e-10 6.517407e-08 6.364556e-08
9.945000e-10 6.483479e-08 6.331513e-08
9.950000e-10 6.449725e-08 6.298640e-08
9.955000e-10 6.416146e-08 6.265936e-08
9.960000e-10 6.382741e-08 6.233400e-08
9.965000e-10 6.349508e-08 6.201031e-08
9.970000e-10 6.316446e-08 6.168830e-08
9.975000e-10 6.283555e-08 6.136793e-08
9.980000e-10 6.250834e-08 6.104922e-08
9.985000e-10 6.218282e-08 6.073215e-08
9.990000e-10 6.185899e-08 6.041671e-08
9.995000e-10 6.153682e-08 6.010289e-08
1.000000e-09 6.121632e-08 5.979069e-08
1.000500e-09 6.089747e-08 5.948010e-08
1.001000e-09 6.058028e-08 5.917111e-08
1.001500e-09 6.026472e-08 5.886370e-08
1.002000e-09 5.995079e-08 5.855788e-08
1.002500e-09 5.963848e-08 5.825364e-08
1.003000e-09 5.932779e-08 5.795096e-08
1.003500e-09 5.901870e-08 5.764984e-08
1.004000e-09 5.871121e-08 5.735027e-08
1.004500e-09 5.840531e-08 5.705225e-08
1.005000e-09 5.810099e-08 5.675576e-08
1.005500e-09 5.779825e-08 5.646079e-08
1.006000e-09 5.749706e-08 5.616735e-08
1.006500e-09 5.719744e-08 5.587542e-08
1.007000e-09 5.689936e-08 5.558499e-08
1.007500e-09 5.660283e-08 5.529606e-08
1.008000e-09 5.630783e-08 5.500862e-08
1.008500e-09 5.601435e-08 5.472266e-08
1.009000e-09 5.572239e-08 5.443817e-08
1.009500e-09 5.543194e-08 5.415515e-08
1.010000e-09 5.514299e-08 5.387359e-08
1.010500e-09 5.485554e-08 5.359348e-08
1.011000e-09 5.456958e-08 5.331481e-08
1.011500e-09 5.428509e-08 5.303758e-08
1.012000e-09 5.400207e-08 5.276178e-08
1.012500e-09 5.372052e-08 5.248740e-08
1.013000e-09 5.344042e-08 5.221443e-08
1.013500e-09 5.316178e-08 5.194288e-08
1.014000e-09 5.288457e-08 5.167272e-08
1.014500e-09 5.260880e-08 5.140396e-08
1.015000e-09 5.233446e-08 5.113658e-08
1.015500e-09 5.206153e-08 5.087058e-08
1.016000e-09 5.179002e-08 5.060595e-08
1.016500e-09 5.151991e-08 5.034269e-08
1.017000e-09 5.125120e-08 5.008079e-08
1.017500e-09 5.098389e-08 4.982024e-08
1.018000e-09 5.071795e-08 4.956103e-08
1.018500e-09 5.045339e-08 4.930316e-08
1.019000e-09 5.019020e-08 4.904662e-08
1.019500e-09 4.992838e-08 4.879140e-08
1.020000e-09 4.966790e-08 4.853750e-08
1.020500e-09 4.940878e-08 4.828491e-08
1.021000e-09 4.915100e-08 4.803362e-08
1.021500e-09 4.889455e-08 4.778363e-08
1.022000e-09 4.863943e-08 4.753493e-08
1.022500e-09 4.838563e-08 4.728752e-08
1.023000e-09 4.813315e-08 4.704138e-08
1.023500e-09 4.788197e-08 4.679651e-08
1.024000e-09 4.763210e-08 4.655291e-08
1.024500e-09 4.738351e-08 4.631056e-08
1.025000e-09 4.713622e-08 4.606947e-08
1.025500e-09 4.689021e-08 4.582962e-08
1.026000e-09 4.664547e-08 4.559100e-08
1.026500e-09 4.640200e-08 4.535363e-08
1.027000e-09 4.615979e-08 4.511747e-08
1.027500e-09 4.591883e-08 4.488254e-08
1.028000e-09 4.567912e-08 4.464882e-08
1.028500e-09 4.544066e-08 4.441630e-08
1.029000e-09 4.520343e-08 4.418499e-08
1.029500e-09 4.496743e-08 4.395487e-08
1.030000e-09 4.473265e-08 4.372594e-08
1.030500e-09 4.449909e-08 4.349820e-08
1.031000e-09 4.426674e-08 4.327163e-08
1.031500e-09 4.403559e-08 4.304623e-08
1.032000e-09 4.380564e-08 4.282199e-08
1.032500e-09 4.357689e-08 4.259892e-08
1.033000e-09 4.334932e-08 4.237699e-08
1.033500e-09 4.312293e-08 4.215622e-08
1.034000e-09 4.289771e-08 4.193658e-08
1.034500e-09 4.267366e-08 4.171808e-08
1.035000e-09 4.245077e-08 4.150071e-08
1.035500e-09 4.222904e-08 4.128446e-08
1.036000e-09 4.200845e-08 4.106933e-08
1.036500e-09 4.178901e-08 4.085531e-08
1.037000e-09 4.157071e-08 4.064240e-08
1.037500e-09 4.135354e-08 4.043059e-08
1.038000e-09 4.113750e-08 4.021988e-08
1.038500e-09 4.092258e-08 4.001025e-08
1.039000e-09 4.070877e-08 3.980171e-08
1.039500e-09 4.049607e-08 3.959424e-08
1.040000e-09 4.028447e-08 3.938785e-08
1.040500e-09 4.007398e-08 3.918253e-08
1.041000e-09 3.986457e-08 3.897827e-08
1.041500e-09 3.965625e-08 3.877506e-08
1.042000e-09 3.944901e-08 3.857291e-08
1.042500e-09 3.924285e-08 3.837180e-08
1.043000e-09 3.903775e-08 3.817173e-08
1.043500e-09 3.883372e-08 3.797270e-08
1.044000e-09 3.863075e-08 3.777469e-08
1.044500e-09 3.842883e-08 3.757772e-08
1.045000e-09 3.822796e-08 3.738176e-08
1.045500e-09 3.802813e-08 3.718681e-08
1.046000e-09 3.782934e-08 3.699287e-08
1.046500e-09 3.763158e-08 3.679994e-08
1.047000e-09 3.743485e-08 3.660800e-08
1.047500e-09 3.723913e-08 3.641706e-08
1.048000e-09 3.704444e-08 3.622711e-08
1.048500e-09 3.685075e-08 3.603814e-08
1.049000e-09 3.665807e-08 3.585014e-08
1.049500e-09 3.646639e-08 3.566313e-08
1.050000e-09 3.627571e-08 3.547707e-08
1.050500e-09 3.608602e-08 3.529199e-08
1.051000e-09 3.589731e-08 3.510786e-08
1.051500e-09 3.570958e-08 3.492468e-08
1.052000e-09 3.552282e-08 3.474245e-08
1.052500e-09 3.533704e-08 3.456117e-08
1.053000e-09 3.515222e-08 3.438082e-08
1.053500e-09 3.496836e-08 3.420141e-08
1.054000e-09 3.478545e-08 3.402293e-08
1.054500e-09 3.460350e-08 3.384537e-08
1.055000e-09 3.442249e-08 3.366873e-08
1.055500e-09 3.424242e-08 3.349300e-08
1.056000e-09 3.406328e-08 3.331819e-08
1.056500e-09 3.388508e-08 3.314428e-08
1.057000e-09 3.370780e-08 3.297128e-08
1.057500e-09 3.353144e-08 3.279916e-08
1.058000e-09 3.335600e-08 3.262795e-08
1.058500e-09 3.318147e-08 3.245761e-08
1.059000e-09 3.300785e-08 3.228816e-08
1.059500e-09 3.283513e-08 3.211959e-08
1.060000e-09 3.266331e-08 3.195189e-08
1.060500e-09 3.249238e-08 3.178506e-08
1.061000e-09 3.232234e-08 3.161910e-08
1.061500e-09 3.215318e-08 3.145399e-08
1.062000e-09 3.198490e-08 3.128975e-08
1.062500e-09 3.181750e-08 3.112635e-08
1.063000e-09 3.165096e-08 3.096380e-08
1.063500e-09 3.148530e-08 3.080209e-08
1.064000e-09 3.132049e-08 3.064122e-08
1.064500e-09 3.115654e-08 3.048118e-08
1.065000e-09 3.099344e-08 3.032198e-08
1.065500e-09 3.083119e-08 3.016360e-08
1.066000e-09 3.066979e-08 3.000604e-08
1.066500e-09 3.050922e-08 2.984930e-08
1.067000e-09 3.034949e-08 2.969337e-08
1.067500e-09 3.019059e-08 2.953825e-08
1.068000e-09 3.003251e-08 2.938393e-08
1.068500e-09 2.987526e-08 2.923041e-08
1.069000e-09 2.971883e-08 2.907769e-08
1.069500e-09 2.956320e-08 2.892576e-08
1.070000e-09 2.940839e-08 2.877462e-08
1.070500e-09 2.925439e-08 2.862427e-08
1.071000e-09 2.910118e-08 2.847469e-08
1.071500e-09 2.894877e-08 2.832589e-08
1.072000e-09 2.879716e-08 2.817786e-08
1.072500e-09 2.864633e-08 2.803060e-08
1.073000e-09 2.849629e-08 2.788411e-08
1.073500e-09 2.834703e-08 2.773837e-08
1.074000e-09 2.819854e-08 2.759339e-08
1.074500e-09 2.805083e-08 2.744916e-08
1.075000e-09 2.790388e-08 2.730568e-08
1.075500e-09 2.775771e-08 2.716295e-08
1.076000e-09 2.761229e-08 2.702096e-08
1.076500e-09 2.746763e-08 2.687970e-08
1.077000e-09 2.732372e-08 2.673918e-08
1.077500e-09 2.718056e-08 2.659938e-08
1.078000e-09 2.703814e-08 2.646031e-08
1.078500e-09 2.689647e-08 2.632197e-08
1.079000e-09 2.675553e-08 2.618434e-08
1.079500e-09 2.661533e-08 2.604742e-08
1.080000e-09 2.647586e-08 2.591122e-08
1.080500e-09 2.633711e-08 2.577573e-08
1.081000e-09 2.619909e-08 2.564093e-08
1.081500e-09 2.606178e-08 2.550684e-08
1.082000e-09 2.592519e-08 2.537344e-08
1.082500e-09 2.578931e-08 2.524074e-08
1.083000e-09 2.565414e-08 2.510873e-08
1.083500e-09 2.551967e-08 2.497740e-08
1.084000e-09 2.538591e-08 2.484675e-08
1.084500e-09 2.525284e-08 2.471678e-08
1.085000e-09 2.512046e-08 2.458749e-08
1.085500e-09 2.498877e-08 2.445887e-08
1.086000e-09 2.485777e-08 2.433092e-08
1.086500e-09 2.472745e-08 2.420363e-08
1.087000e-09 2.459781e-08 2.407700e-08
1.087500e-09 2.446884e-08 2.395103e-08
1.088000e-09 2.434055e-08 2.382572e-08
1.088500e-09 2.421292e-08 2.370105e-08
1.089000e-09 2.408596e-08 2.357704e-08
1.089500e-09 2.395966e-08 2.345366e-08
1.090000e-09 2.383402e-08 2.333093e-08
1.090500e-09 2.370903e-08 2.320884e-08
1.091000e-09 2.358470e-08 2.308738e-08
1.091500e-09 2.346101e-08 2.296656e-08
1.092000e-09 2.333797e-08 2.284636e-08
1.092500e-09 2.321556e-08 2.272678e-08
1.093000e-09 2.309380e-08 2.260783e-08
1.093500e-09 2.297267e-08 2.248950e-08
1.094000e-09 2.285217e-08 2.237178e-08
1.094500e-09 2.273230e-08 2.225467e-08
1.095000e-09 2.261306e-08 2.213817e-08
1.095500e-09 2.249443e-08 2.202228e-08
1.096000e-09 2.237643e-08 2.190699e-08
1.096500e-09 2.225904e-08 2.179230e-08
1.097000e-09 2.214226e-08 2.167821e-08
1.097500e-09 2.202609e-08 2.156471e-08
1.098000e-09 2.191053e-08 2.145179e-08
1.098500e-09 2.179557e-08 2.133947e-08
1.099000e-09 2.168120e-08 2.122773e-08
1.099500e-09 2.156744e-08 2.111657e-08
1.100000e-09 2.145427e-08 2.100599e-08
1.100500e-09 2.134168e-08 2.089599e-08
1.101000e-09 2.122969e-08 2.078656e-08
1.101500e-09 2.111828e-08 2.067769e-08
1.102000e-09 2.100745e-08 2.056940e-08
1.102500e-09 2.089720e-08 2.046166e-08
1.103000e-09 2.078752e-08 2.035449e-08
1.103500e-09 2.067842e-08 2.024788e-08
1.104000e-09 2.056988e-08 2.014181e-08
1.104500e-09 2.046191e-08 2.003631e-08
1.105000e-09 2.035450e-08 1.993135e-08
1.105500e-09 2.024766e-08 1.982693e-08
1.106000e-09 2.014137e-08 1.972306e-08
1.106500e-09 2.003564e-08 1.961973e-08
1.107000e-09 1.993045e-08 1.951694e-08
1.107500e-09 1.982582e-08 1.941468e-08
1.108000e-09 1.972173e-08 1.931296e-08
1.108500e-09 1.961819e-08 1.921176e-08
1.109000e-09 1.951519e-08 1.911110e-08
1.109500e-09 1.941272e-08 1.901095e-08
1.110000e-09 1.931079e-08 1.891133e-08
1.110500e-09 1.920939e-08 1.881222e-08
1.111000e-09 1.910852e-08 1.871363e-08
1.111500e-09 1.900817e-08 1.861556e-08
1.112000e-09 1.890835e-08 1.851800e-08
1.112500e-09 1.880905e-08 1.842094e-08
1.113000e-09 1.871027e-08 1.832439e-08
1.113500e-09 1.861201e-08 1.822834e-08
1.114000e-09 1.851425e-08 1.813279e-08
1.114500e-09 1.841701e-08 1.803774e-08
1.115000e-09 1.832028e-08 1.794318e-08
1.115500e-09 1.822405e-08 1.784912e-08
1.116000e-09 1.812832e-08 1.775555e-08
1.116500e-09 1.803309e-08 1.766246e-08
1.117000e-09 1.793837e-08 1.756986e-08
1.117500e-09 1.784413e-08 1.747774e-08
1.118000e-09 1.775039e-08 1.738610e-08
1.118500e-09 1.765713e-08 1.729494e-08
1.119000e-09 1.756437e-08 1.720426e-08
1.119500e-09 1.747208e-08 1.711404e-08
1.120000e-09 1.738028e-08 1.702430e-08
1.120500e-09 1.728896e-08 1.693502e-08
1.121000e-09 1.719812e-08 1.684621e-08
1.121500e-09 1.710775e-08 1.675786e-08
1.122000e-09 1.701785e-08 1.666998e-08
1.122500e-09 1.692843e-08 1.658255e-08
1.123000e-09 1.683947e-08 1.649557e-08
1.123500e-09 1.675097e-08 1.640905e-08
1.124000e-09 1.666294e-08 1.632298e-08
1.124500e-09 1.657536e-08 1.623736e-08
1.125000e-09 1.648825e-08 1.615218e-08
1.125500e-09 1.640159e-08 1.606745e-08
1.126000e-09 1.631538e-08 1.598316e-08
1.126500e-09 1.622962e-08 1.589931e-08
1.127000e-09 1.614431e-08 1.581590e-08
1.127500e-09 1.605945e-08 1.573292e-08
1.128000e-09 1.597503e-08 1.565038e-08
1.128500e-09 1.589105e-08 1.556826e-08
1.129000e-09 1.580751e-08 1.548657e-08
1.129500e-09 1.572441e-08 1.540531e-08
1.130000e-09 1.564174e-08 1.532448e-08
1.130500e-09 1.555950e-08 1.524406e-08
1.131000e-09 1.547770e-08 1.516406e-08
1.131500e-09 1.539632e-08 1.508448e-08
1.132000e-09 1.531536e-08 1.500532e-08
1.132500e-09 1.523483e-08 1.492657e-08
1.133000e-09 1.515472e-08 1.484823e-08
1.133500e-09 1.507503e-08 1.477030e-08
1.134000e-09 1.499576e-08 1.469277e-08
1.134500e-09 1.491690e-08 1.461565e-08
1.135000e-09 1.483845e-08 1.453893e-08
1.135500e-09 1.476041e-08 1.446261e-08
1.136000e-09 1.468279e-08 1.438669e-08
1.136500e-09 1.460556e-08 1.431117e-08
1.137000e-09 1.452874e-08 1.423604e-08
1.137500e-09 1.445233e-08 1.416130e-08
1.138000e-09 1.437631e-08 1.408695e-08
1.138500e-09 1.430069e-08 1.401299e-08
1.139000e-09 1.422546e-08 1.393942e-08
1.139500e-09 1.415063e-08 1.386623e-08
1.140000e-09 1.407619e-08 1.379342e-08
1.140500e-09 1.400214e-08 1.372099e-08
1.141000e-09 1.392848e-08 1.364894e-08
1.141500e-09 1.385520e-08 1.357727e-08
1.142000e-09 1.378231e-08 1.350597e-08
1.142500e-09 1.370979e-08 1.343504e-08
1.143000e-09 1.363766e-08 1.336448e-08
1.143500e-09 1.356590e-08 1.329429e-08
1.144000e-09 1.349452e-08 1.322447e-08
1.144500e-09 1.342351e-08 1.315501e-08
1.145000e-09 1.335288e-08 1.308591e-08
1.145500e-09 1.328261e-08 1.301718e-08
1.146000e-09 1.321271e-08 1.294880e-08
1.146500e-09 1.314318e-08 1.288078e-08
1.147000e-09 1.307401e-08 1.281312e-08
1.147500e-09 1.300521e-08 1.274581e-08
1.148000e-09 1.293676e-08 1.267885e-08
1.148500e-09 1.286867e-08 1.261224e-08
1.149000e-09 1.280094e-08 1.254598e-08
1.149500e-09 1.273356e-08 1.248006e-08
1.150000e-09 1.266654e-08 1.241449e-08
1.150500e-09 1.259986e-08 1.234926e-08
1.151000e-09 1.253354e-08 1.228437e-08
1.151500e-09 1.246756e-08 1.221982e-08
1.152000e-09 1.240193e-08 1.215561e-08
1.152500e-09 1.233664e-08 1.209173e-08
1.153000e-09 1.227169e-08 1.202819e-08
1.153500e-09 1.220708e-08 1.196498e-08
1.154000e-09 1.214281e-08 1.190210e-08
1.154500e-09 1.207888e-08 1.183955e-08
1.155000e-09 1.201529e-08 1.177732e-08
1.155500e-09 1.195202e-08 1.171542e-08
1.156000e-09 1.188909e-08 1.165384e-08
1.156500e-09 1.182648e-08 1.159259e-08
1.157000e-09 1.176421e-08 1.153165e-08
1.157500e-09 1.170226e-08 1.147104e-08
1.158000e-09 1.164063e-08 1.141074e-08
1.158500e-09 1.157933e-08 1.135075e-08
1.159000e-09 1.151835e-08 1.129108e-08
1.159500e-09 1.145769e-08 1.123172e-08
1.160000e-09 1.139734e-08 1.117267e-08
1.160500e-09 1.133732e-08 1.111393e-08
1.161000e-09 1.127760e-08 1.105550e-08
1.161500e-09 1.121820e-08 1.099737e-08
1.162000e-09 1.115911e-08 1.093955e-08
1.162500e-09 1.110033e-08 1.088202e-08
1.163000e-09 1.104186e-08 1.082480e-08
1.163500e-09 1.098370e-08 1.076788e-08
1.164000e-09 1.092583e-08 1.071126e-08
1.164500e-09 1.086828e-08 1.065493e-08
1.165000e-09 1.081102e-08 1.059889e-08
1.165500e-09 1.075406e-08 1.054315e-08
1.166000e-09 1.069741e-08 1.048770e-08
1.166500e-09 1.064105e-08 1.043254e-08
1.167000e-09 1.058498e-08 1.037767e-08
1.167500e-09 1.052921e-08 1.032309e-08
1.168000e-09 1.047373e-08 1.026879e-08
1.168500e-09 1.041854e-08 1.021478e-08
1.169000e-09 1.036364e-08 1.016105e-08
1.169500e-09 1.030903e-08 1.010759e-08
1.170000e-09 1.025471e-08 1.005442e-08
1.170500e-09 1.020067e-08 1.000153e-08
1.171000e-09 1.014691e-08 9.948913e-09
1.171500e-09 1.009343e-08 9.896572e-09
1.172000e-09 1.004024e-08 9.844504e-09
1.172500e-09 9.987323e-09 9.792709e-09
1.173000e-09 9.934685e-09 9.741185e-09
1.173500e-09 9.882322e-09 9.689931e-09
1.174000e-09 9.830234e-09 9.638944e-09
1.174500e-09 9.778419e-09 9.588225e-09
1.175000e-09 9.726876e-09 9.537771e-09
1.175500e-09 9.675603e-09 9.487580e-09
1.176000e-09 9.624599e-09 9.437653e-09
1.176500e-09 9.573862e-09 9.387987e-09
1.177000e-09 9.523391e-09 9.338580e-09
1.177500e-09 9.473185e-09 9.289433e-09
1.178000e-09 9.423243e-09 9.240542e-09
1.178500e-09 9.373562e-09 9.191907e-09
1.179000e-09 9.324142e-09 9.143527e-09
1.179500e-09 9.274981e-09 9.095400e-09
1.180000e-09 9.226078e-09 9.047525e-09
1.180500e-09 9.177432e-09 8.999901e-09
1.181000e-09 9.129040e-09 8.952526e-09
1.181500e-09 9.080903e-09 8.905399e-09
1.182000e-09 9.033018e-09 8.858519e-09
1.182500e-09 8.985384e-09 8.811884e-09
1.183000e-09 8.938000e-09 8.765493e-09
1.183500e-09 8.890865e-09 8.719345e-09
1.184000e-09 8.843977e-09 8.673439e-09
1.184500e-09 8.797335e-09 8.627773e-09
1.185000e-09 8.750938e-09 8.582346e-09
1.185500e-09 8.704784e-09 8.537158e-09
1.186000e-09 8.658873e-09 8.492205e-09
1.186500e-09 8.613202e-09 8.447489e-09
1.187000e-09 8.567771e-09 8.403006e-09
1.187500e-09 8.522579e-09 8.358756e-09
1.188000e-09 8.477623e-09 8.314738e-09
1.188500e-09 8.432904e-09 8.270951e-09
1.189000e-09 8.388419e-09 8.227393e-09
1.189500e-09 8.344168e-09 8.184063e-09
1.190000e-09 8.300149e-09 8.140960e-09
1.190500e-09 8.256361e-09 8.098083e-09
1.191000e-09 8.212803e-09 8.055431e-09
1.191500e-09 8.169473e-09 8.013002e-09
1.192000e-09 8.126371e-09 7.970795e-09
1.192500e-09 8.083496e-09 7.928809e-09
1.193000e-09 8.040845e-09 7.887044e-09
1.193500e-09 7.998418e-09 7.845497e-09
1.194000e-09 7.956214e-09 7.804168e-09
1.194500e-09 7.914232e-09 7.763055e-09
1.195000e-09 7.872470e-09 7.722158e-09
1.195500e-09 7.830927e-09 7.681475e-09
1.196000e-09 7.789602e-09 7.641005e-09
1.196500e-09 7.748495e-09 7.600748e-09
1.197000e-09 7.707603e-09 7.560701e-09
1.197500e-09 7.666926e-09 7.520864e-09
1.198000e-09 7.626463e-09 7.481236e-09
1.198500e-09 7.586212e-09 7.441816e-09
1.199000e-09 7.546172e-09 7.402602e-09
1.199500e-09 7.506343e-09 7.363594e-09
1.200000e-09 7.466723e-09 7.324791e-09
