0.000000e+00 0 0
5.000000e-13 0 0
1.000000e-12 0 0
1.500000e-12 0 0
2.000000e-12 0 0
2.500000e-12 0 0
3.000000e-12 0 0
3.500000e-12 0 0
4.000000e-12 0 0
4.500000e-12 0 0
5.000000e-12 0 0
5.500000e-12 0 0
6.000000e-12 0 0
6.500000e-12 0 0
7.000000e-12 0 0
7.500000e-12 0 0
8.000000e-12 0 0
8.500000e-12 0 0
9.000000e-12 0 0
9.500000e-12 0 0
1.000000e-11 0 0
1.050000e-11 0 0
1.100000e-11 0 0
1.150000e-11 0 0
1.200000e-11 0 0
1.250000e-11 0 0
1.300000e-11 0 0
1.350000e-11 0 0
1.400000e-11 0 0
1.450000e-11 0 0
1.500000e-11 0 0
1.550000e-11 0 0
1.600000e-11 0 0
1.650000e-11 0 0
1.700000e-11 0 0
1.750000e-11 0 0
1.800000e-11 0 0
1.850000e-11 0 0
1.900000e-11 0 0
1.950000e-11 0 0
2.000000e-11 0 0
2.050000e-11 0 0
2.100000e-11 0 0
2.150000e-11 0 0
2.200000e-11 0 0
2.250000e-11 0 0
2.300000e-11 0 0
2.350000e-11 0 0
2.400000e-11 0 0
2.450000e-11 0 0
2.500000e-11 0 0
2.550000e-11 0 0
2.600000e-11 0 0
2.650000e-11 0 0
2.700000e-11 0 0
2.750000e-11 0 0
2.800000e-11 0 0
2.850000e-11 0 0
2.900000e-11 0 0
2.950000e-11 0 0
3.000000e-11 0 0
3.050000e-11 0 0
3.100000e-11 0 0
3.150000e-11 0 0
3.200000e-11 0 0
3.250000e-11 0 0
3.300000e-11 0 0
3.350000e-11 0 0
3.400000e-11 0 0
3.450000e-11 0 0
3.500000e-11 0 0
3.550000e-11 0 0
3.600000e-11 0 0
3.650000e-11 0 0
3.700000e-11 0 0
3.750000e-11 0 0
3.800000e-11 0 0
3.850000e-11 0 0
3.900000e-11 0 0
3.950000e-11 0 0
4.000000e-11 0 0
4.050000e-11 0 0
4.100000e-11 0 0
4.150000e-11 0 0
4.200000e-11 0 0
4.250000e-11 0 0
4.300000e-11 0 0
4.350000e-11 0 0
4.400000e-11 0 0
4.450000e-11 0 0
4.500000e-11 0 0
4.550000e-11 0 0
4.600000e-11 0 0
4.650000e-11 0 0
4.700000e-11 0 0
4.750000e-11 0 0
4.800000e-11 0 0
4.850000e-11 0 0
4.900000e-11 0 0
4.950000e-11 0 0
5.000000e-11 0 0
5.050000e-11 0 0
5.100000e-11 0 0
5.150000e-11 0 0
5.200000e-11 0 0
5.250000e-11 0 0
5.300000e-11 0 0
5.350000e-11 0 0
5.400000e-11 0 0
5.450000e-11 0 0
5.500000e-11 0 0
5.550000e-11 0 0
5.600000e-11 0 0
5.650000e-11 0 0
5.700000e-11 0 0
5.750000e-11 0 0
5.800000e-11 0 0
5.850000e-11 0 0
5.900000e-11 0 0
5.950000e-11 0 0
6.000000e-11 0 0
6.050000e-11 0 0
6.100000e-11 0 0
6.150000e-11 0 0
6.200000e-11 0 0
6.250000e-11 0 0
6.300000e-11 0 0
6.350000e-11 0 0
6.400000e-11 0 0
6.450000e-11 0 0
6.500000e-11 0 0
6.550000e-11 0 0
6.600000e-11 0 0
6.650000e-11 0 0
6.700000e-11 0 0
6.750000e-11 0 0
6.800000e-11 0 0
6.850000e-11 0 0
6.900000e-11 0 0
6.950000e-11 0 0
7.000000e-11 0 0
7.050000e-11 0 0
7.100000e-11 0 0
7.150000e-11 0 0
7.200000e-11 0 0
7.250000e-11 0 0
7.300000e-11 0 0
7.350000e-11 0 0
7.400000e-11 0 0
7.450000e-11 0 0
7.500000e-11 0 0
7.550000e-11 0 0
7.600000e-11 0 0
7.650000e-11 0 0
7.700000e-11 0 0
7.750000e-11 0 0
7.800000e-11 0 0
7.850000e-11 0 0
7.900000e-11 0 0
7.950000e-11 0 0
8.000000e-11 0 0
8.050000e-11 0 0
8.100000e-11 0 0
8.150000e-11 0 0
8.200000e-11 0 0
8.250000e-11 0 0
8.300000e-11 0 0
8.350000e-11 0 0
8.400000e-11 0 0
8.450000e-11 0 0
8.500000e-11 0 0
8.550000e-11 0 0
8.600000e-11 0 0
8.650000e-11 0 0
8.700000e-11 0 0
8.750000e-11 0 0
8.800000e-11 0 0
8.850000e-11 0 0
8.900000e-11 0 0
8.950000e-11 0 0
9.000000e-11 0 0
9.050000e-11 0 0
9.100000e-11 0 0
9.150000e-11 0 0
9.200000e-11 0 0
9.250000e-11 0 0
9.300000e-11 0 0
9.350000e-11 0 0
9.400000e-11 0 0
9.450000e-11 0 0
9.500000e-11 0 0
9.550000e-11 0 0
9.600000e-11 0 0
9.650000e-11 0 0
9.700000e-11 0 0
9.750000e-11 0 0
9.800000e-11 0 0
9.850000e-11 0 0
9.900000e-11 0 0
9.950000e-11 0 0
1.000000e-10 0 0
1.005000e-10 0 0
1.010000e-10 0 0
1.015000e-10 0 0
1.020000e-10 0 0
1.025000e-10 0 0
1.030000e-10 0 0
1.035000e-10 0 0
1.040000e-10 0 0
1.045000e-10 0 0
1.050000e-10 0 0
1.055000e-10 0 0
1.060000e-10 0 0
1.065000e-10 0 0
1.070000e-10 0 0
1.075000e-10 0 0
1.080000e-10 0 0
1.085000e-10 0 0
1.090000e-10 0 0
1.095000e-10 0 0
1.100000e-10 0 0
1.105000e-10 0 0
1.110000e-10 0 0
1.115000e-10 0 0
1.120000e-10 0 0
1.125000e-10 0 0
1.130000e-10 0 0
1.135000e-10 0 0
1.140000e-10 0 0
1.145000e-10 0 0
1.150000e-10 0 0
1.155000e-10 0 0
1.160000e-10 0 0
1.165000e-10 0 0
1.170000e-10 0 0
1.175000e-10 0 0
1.180000e-10 0 0
1.185000e-10 0 0
1.190000e-10 0 0
1.195000e-10 0 0
1.200000e-10 0 0
1.205000e-10 0 0
1.210000e-10 0 0
1.215000e-10 0 0
1.220000e-10 0 0
1.225000e-10 0 0
1.230000e-10 0 0
1.235000e-10 0 0
1.240000e-10 0 0
1.245000e-10 0 0
1.250000e-10 0 0
1.255000e-10 0 0
1.260000e-10 0 0
1.265000e-10 0 0
1.270000e-10 0 0
1.275000e-10 0 0
1.280000e-10 0 0
1.285000e-10 0 0
1.290000e-10 0 0
1.295000e-10 0 0
1.300000e-10 0 0
1.305000e-10 0 0
1.310000e-10 0 0
1.315000e-10 0 0
1.320000e-10 0 0
1.325000e-10 0 0
1.330000e-10 0 0
1.335000e-10 0 0
1.340000e-10 0 0
1.345000e-10 0 0
1.350000e-10 0 0
1.355000e-10 0 0
1.360000e-10 0 0
1.365000e-10 0 0
1.370000e-10 0 0
1.375000e-10 0 0
1.380000e-10 0 0
1.385000e-10 0 0
1.390000e-10 0 0
1.395000e-10 0 0
1.400000e-10 0 0
1.405000e-10 0 0
1.410000e-10 0 0
1.415000e-10 0 0
1.420000e-10 0 0
1.425000e-10 0 0
1.430000e-10 0 0
1.435000e-10 0 0
1.440000e-10 0 0
1.445000e-10 0 0
1.450000e-10 0 0
1.455000e-10 0 0
1.460000e-10 0 0
1.465000e-10 0 0
1.470000e-10 0 0
1.475000e-10 0 0
1.480000e-10 0 0
1.485000e-10 0 0
1.490000e-10 0 0
1.495000e-10 0 0
1.500000e-10 0 0
1.505000e-10 0 0
1.510000e-10 0 0
1.515000e-10 0 0
1.520000e-10 0 0
1.525000e-10 0 0
1.530000e-10 0 0
1.535000e-10 0 0
1.540000e-10 0 0
1.545000e-10 0 0
1.550000e-10 0 0
1.555000e-10 0 0
1.560000e-10 0 0
1.565000e-10 0 0
1.570000e-10 0 0
1.575000e-10 0 0
1.580000e-10 0 0
1.585000e-10 0 0
1.590000e-10 0 0
1.595000e-10 0 0
1.600000e-10 0 0
1.605000e-10 0 0
1.610000e-10 0 0
1.615000e-10 0 0
1.620000e-10 0 0
1.625000e-10 0 0
1.630000e-10 0 0
1.635000e-10 0 0
1.640000e-10 0 0
1.645000e-10 0 0
1.650000e-10 0 0
1.655000e-10 0 0
1.660000e-10 0 0
1.665000e-10 0 0
1.670000e-10 0 0
1.675000e-10 0 0
1.680000e-10 0 0
1.685000e-10 0 0
1.690000e-10 0 0
1.695000e-10 0 0
1.700000e-10 0 0
1.705000e-10 0 0
1.710000e-10 0 0
1.715000e-10 0 0
1.720000e-10 0 0
1.725000e-10 0 0
1.730000e-10 0 0
1.735000e-10 0 0
1.740000e-10 0 0
1.745000e-10 0 0
1.750000e-10 0 0
1.755000e-10 0 0
1.760000e-10 0 0
1.765000e-10 0 0
1.770000e-10 0 0
1.775000e-10 0 0
1.780000e-10 0 0
1.785000e-10 0 0
1.790000e-10 0 0
1.795000e-10 0 0
1.800000e-10 0 0
1.805000e-10 0 0
1.810000e-10 0 0
1.815000e-10 0 0
1.820000e-10 0 0
1.825000e-10 0 0
1.830000e-10 0 0
1.835000e-10 0 0
1.840000e-10 0 0
1.845000e-10 0 0
1.850000e-10 0 0
1.855000e-10 0 0
1.860000e-10 0 0
1.865000e-10 0 0
1.870000e-10 0 0
1.875000e-10 0 0
1.880000e-10 0 0
1.885000e-10 0 0
1.890000e-10 0 0
1.895000e-10 0 0
1.900000e-10 0 0
1.905000e-10 0 0
1.910000e-10 0 0
1.915000e-10 0 0
1.920000e-10 0 0
1.925000e-10 0 0
1.930000e-10 0 0
1.935000e-10 0 0
1.940000e-10 0 0
1.945000e-10 0 0
1.950000e-10 0 0
1.955000e-10 0 0
1.960000e-10 0 0
1.965000e-10 0 0
1.970000e-10 0 0
1.975000e-10 0 0
1.980000e-10 0 0
1.985000e-10 0 0
1.990000e-10 0 0
1.995000e-10 0 0
2.000000e-10 0 0
2.005000e-10 0 0
2.010000e-10 0 0
2.015000e-10 0 0
2.020000e-10 0 0
2.025000e-10 0 0
2.030000e-10 0 0
2.035000e-10 0 0
2.040000e-10 0 0
2.045000e-10 0 0
2.050000e-10 0 0
2.055000e-10 0 0
2.060000e-10 0 0
2.065000e-10 0 0
2.070000e-10 0 0
2.075000e-10 0 0
2.080000e-10 0 0
2.085000e-10 0 0
2.090000e-10 0 0
2.095000e-10 0 0
2.100000e-10 0 0
2.105000e-10 0 0
2.110000e-10 0 0
2.115000e-10 0 0
2.120000e-10 0 0
2.125000e-10 0 0
2.130000e-10 0 0
2.135000e-10 0 0
2.140000e-10 0 0
2.145000e-10 0 0
2.150000e-10 0 0
2.155000e-10 0 0
2.160000e-10 0 0
2.165000e-10 0 0
2.170000e-10 0 0
2.175000e-10 0 0
2.180000e-10 0 0
2.185000e-10 0 0
2.190000e-10 0 0
2.195000e-10 0 0
2.200000e-10 0 0
2.205000e-10 0 0
2.210000e-10 0 0
2.215000e-10 0 0
2.220000e-10 0 0
2.225000e-10 0 0
2.230000e-10 0 0
2.235000e-10 0 0
2.240000e-10 0 0
2.245000e-10 0 0
2.250000e-10 0 0
2.255000e-10 0 0
2.260000e-10 0 0
2.265000e-10 0 0
2.270000e-10 0 0
2.275000e-10 0 0
2.280000e-10 0 0
2.285000e-10 0 0
2.290000e-10 0 0
2.295000e-10 0 0
2.300000e-10 0 0
2.305000e-10 0 0
2.310000e-10 0 0
2.315000e-10 0 0
2.320000e-10 0 0
2.325000e-10 0 0
2.330000e-10 0 0
2.335000e-10 0 0
2.340000e-10 0 0
2.345000e-10 0 0
2.350000e-10 0 0
2.355000e-10 0 0
2.360000e-10 0 0
2.365000e-10 0 0
2.370000e-10 0 0
2.375000e-10 0 0
2.380000e-10 0 0
2.385000e-10 0 0
2.390000e-10 0 0
2.395000e-10 0 0
2.400000e-10 0 0
2.405000e-10 0 0
2.410000e-10 0 0
2.415000e-10 0 0
2.420000e-10 0 0
2.425000e-10 0 0
2.430000e-10 0 0
2.435000e-10 0 0
2.440000e-10 0 0
2.445000e-10 0 0
2.450000e-10 0 0
2.455000e-10 0 0
2.460000e-10 0 0
2.465000e-10 0 0
2.470000e-10 0 0
2.475000e-10 0 0
2.480000e-10 0 0
2.485000e-10 0 0
2.490000e-10 0 0
2.495000e-10 0 0
2.505000e-10 0.000000e+00 0
2.510000e-10 8.363847e-06 0
2.515000e-10 1.176273e-05 0
2.520000e-10 1.432654e-05 0
2.525000e-10 1.645121e-05 0
2.530000e-10 1.829111e-05 0
2.535000e-10 1.992590e-05 0
2.540000e-10 2.140319e-05 0
2.545000e-10 2.275421e-05 0
2.550000e-10 2.400078e-05 0
2.555000e-10 2.515888e-05 0
2.560000e-10 2.624067e-05 0
2.565000e-10 2.725565e-05 0
2.570000e-10 2.821141e-05 0
2.575000e-10 2.911417e-05 0
2.580000e-10 2.996907e-05 0
2.585000e-10 3.078044e-05 0
2.590000e-10 3.155198e-05 0
2.595000e-10 3.228685e-05 0
2.600000e-10 3.298780e-05 0
2.605000e-10 3.365727e-05 0
2.610000e-10 3.429737e-05 0
2.615000e-10 3.490999e-05 0
2.620000e-10 3.549683e-05 0
2.625000e-10 3.605940e-05 0
2.630000e-10 3.659908e-05 0
2.635000e-10 3.711710e-05 0
2.640000e-10 3.761461e-05 0
2.645000e-10 3.809263e-05 0
2.650000e-10 3.855211e-05 0
2.655000e-10 3.899393e-05 0
2.660000e-10 3.941890e-05 0
2.665000e-10 3.982776e-05 0
2.670000e-10 4.022121e-05 0
2.675000e-10 4.059989e-05 0
2.680000e-10 4.096441e-05 0
2.685000e-10 4.131532e-05 0
2.690000e-10 4.165317e-05 0
2.695000e-10 4.197843e-05 0
2.700000e-10 4.229159e-05 0
2.705000e-10 4.259307e-05 0
2.710000e-10 4.288329e-05 0
2.715000e-10 4.316265e-05 0
2.720000e-10 4.343151e-05 0
2.725000e-10 4.369022e-05 0
2.730000e-10 4.393913e-05 0
2.735000e-10 4.417854e-05 0
2.740000e-10 4.440876e-05 0
2.745000e-10 4.463007e-05 0
2.750000e-10 4.484275e-05 0
2.755000e-10 4.504706e-05 0
2.760000e-10 4.524325e-05 0
2.765000e-10 4.543156e-05 0
2.770000e-10 4.561221e-05 0
2.775000e-10 4.578543e-05 0
2.780000e-10 4.595143e-05 0
2.785000e-10 4.611041e-05 0
2.790000e-10 4.626256e-05 0
2.795000e-10 4.640807e-05 0
2.800000e-10 4.654711e-05 0
2.805000e-10 4.667987e-05 0.000000e+00
2.810000e-10 4.680650e-05 9.293163e-06
2.815000e-10 4.692717e-05 1.306971e-05
2.820000e-10 4.704203e-05 1.591837e-05
2.825000e-10 4.715122e-05 1.827912e-05
2.830000e-10 4.725491e-05 2.032346e-05
2.835000e-10 4.735321e-05 2.213989e-05
2.840000e-10 4.744628e-05 2.378133e-05
2.845000e-10 4.753423e-05 2.528246e-05
2.850000e-10 4.761719e-05 2.666753e-05
2.855000e-10 4.769529e-05 2.795431e-05
2.860000e-10 4.776865e-05 2.915630e-05
2.865000e-10 4.783737e-05 3.028405e-05
2.870000e-10 4.790156e-05 3.134601e-05
2.875000e-10 4.796135e-05 3.234907e-05
2.880000e-10 4.801682e-05 3.329896e-05
2.885000e-10 4.806809e-05 3.420049e-05
2.890000e-10 4.811524e-05 3.505775e-05
2.895000e-10 4.815838e-05 3.587427e-05
2.900000e-10 4.819759e-05 3.665312e-05
2.905000e-10 4.823297e-05 3.739696e-05
2.910000e-10 4.826461e-05 3.810818e-05
2.915000e-10 4.829259e-05 3.878888e-05
2.920000e-10 4.831699e-05 3.944092e-05
2.925000e-10 4.833789e-05 4.006600e-05
2.930000e-10 4.835538e-05 4.066564e-05
2.935000e-10 4.836952e-05 4.124122e-05
2.940000e-10 4.838040e-05 4.179401e-05
2.945000e-10 4.838808e-05 4.232514e-05
2.950000e-10 4.839264e-05 4.283568e-05
2.955000e-10 4.839414e-05 4.332659e-05
2.960000e-10 4.839266e-05 4.379878e-05
2.965000e-10 4.838826e-05 4.425307e-05
2.970000e-10 4.838100e-05 4.469023e-05
2.975000e-10 4.837094e-05 4.511099e-05
2.980000e-10 4.835814e-05 4.551601e-05
2.985000e-10 4.834268e-05 4.590592e-05
2.990000e-10 4.832459e-05 4.628130e-05
2.995000e-10 4.830395e-05 4.664270e-05
3.000000e-10 4.828080e-05 4.699065e-05
3.005000e-10 4.825520e-05 4.732563e-05
3.010000e-10 4.822720e-05 4.764810e-05
3.015000e-10 4.819685e-05 4.795850e-05
3.020000e-10 4.816421e-05 4.825723e-05
3.025000e-10 4.812933e-05 4.854469e-05
3.030000e-10 4.809224e-05 4.882125e-05
3.035000e-10 4.805300e-05 4.908727e-05
3.040000e-10 4.801166e-05 4.934306e-05
3.045000e-10 4.796826e-05 4.958897e-05
3.050000e-10 4.792285e-05 4.982528e-05
3.055000e-10 4.787546e-05 5.005229e-05
3.060000e-10 4.782614e-05 5.027028e-05
3.065000e-10 4.777494e-05 5.047951e-05
3.070000e-10 4.772189e-05 5.068024e-05
3.075000e-10 4.766703e-05 5.087271e-05
3.080000e-10 4.761040e-05 5.105715e-05
3.085000e-10 4.755204e-05 5.123379e-05
3.090000e-10 4.749199e-05 5.140284e-05
3.095000e-10 4.743028e-05 5.156452e-05
3.100000e-10 4.736695e-05 5.171901e-05
3.105000e-10 4.730203e-05 5.186652e-05
3.110000e-10 4.723556e-05 5.200722e-05
3.115000e-10 4.716758e-05 5.214130e-05
3.120000e-10 4.709811e-05 5.226892e-05
3.125000e-10 4.702719e-05 5.239025e-05
3.130000e-10 4.695485e-05 5.250545e-05
3.135000e-10 4.688112e-05 5.261468e-05
3.140000e-10 4.680603e-05 5.271809e-05
3.145000e-10 4.672961e-05 5.281581e-05
3.150000e-10 4.665189e-05 5.290799e-05
3.155000e-10 4.657291e-05 5.299477e-05
3.160000e-10 4.649268e-05 5.307627e-05
3.165000e-10 4.641124e-05 5.315263e-05
3.170000e-10 4.632861e-05 5.322396e-05
3.175000e-10 4.624482e-05 5.329039e-05
3.180000e-10 4.615990e-05 5.335202e-05
3.185000e-10 4.607387e-05 5.340898e-05
3.190000e-10 4.598675e-05 5.346138e-05
3.195000e-10 4.589858e-05 5.350931e-05
3.200000e-10 4.580937e-05 5.355288e-05
3.205000e-10 4.571916e-05 5.359219e-05
3.210000e-10 4.562796e-05 5.362734e-05
3.215000e-10 4.553579e-05 5.365843e-05
3.220000e-10 4.544269e-05 5.368554e-05
3.225000e-10 4.534866e-05 5.370877e-05
3.230000e-10 4.525374e-05 5.372820e-05
3.235000e-10 4.515794e-05 5.374391e-05
3.240000e-10 4.506129e-05 5.375600e-05
3.245000e-10 4.496381e-05 5.376453e-05
3.250000e-10 4.486551e-05 5.376960e-05
3.255000e-10 4.476642e-05 5.377127e-05
3.260000e-10 4.466656e-05 5.376962e-05
3.265000e-10 4.456594e-05 5.376473e-05
3.270000e-10 4.446458e-05 5.375666e-05
3.275000e-10 4.436251e-05 5.374549e-05
3.280000e-10 4.425974e-05 5.373127e-05
3.285000e-10 4.415629e-05 5.371409e-05
3.290000e-10 4.405217e-05 5.369399e-05
3.295000e-10 4.394741e-05 5.367105e-05
3.300000e-10 4.384202e-05 5.364533e-05
3.305000e-10 4.373602e-05 5.361689e-05
3.310000e-10 4.362942e-05 5.358578e-05
3.315000e-10 4.352224e-05 5.355206e-05
3.320000e-10 4.341450e-05 5.351579e-05
3.325000e-10 4.330621e-05 5.347703e-05
3.330000e-10 4.319739e-05 5.343582e-05
3.335000e-10 4.308805e-05 5.339223e-05
3.340000e-10 4.297820e-05 5.334629e-05
3.345000e-10 4.286787e-05 5.329807e-05
3.350000e-10 4.275707e-05 5.324761e-05
3.355000e-10 4.264580e-05 5.319496e-05
3.360000e-10 4.253409e-05 5.314016e-05
3.365000e-10 4.242194e-05 5.308327e-05
3.370000e-10 4.230937e-05 5.302432e-05
3.375000e-10 4.219640e-05 5.296336e-05
3.380000e-10 4.208304e-05 5.290044e-05
3.385000e-10 4.196929e-05 5.283560e-05
3.390000e-10 4.185518e-05 5.276887e-05
3.395000e-10 4.174071e-05 5.270031e-05
3.400000e-10 4.162590e-05 5.262994e-05
3.405000e-10 4.151075e-05 5.255781e-05
3.410000e-10 4.139528e-05 5.248396e-05
3.415000e-10 4.127951e-05 5.240842e-05
3.420000e-10 4.116344e-05 5.233123e-05
3.425000e-10 4.104708e-05 5.225243e-05
3.430000e-10 4.093044e-05 5.217205e-05
3.435000e-10 4.081354e-05 5.209013e-05
3.440000e-10 4.069639e-05 5.200670e-05
3.445000e-10 4.057899e-05 5.192179e-05
3.450000e-10 4.046136e-05 5.183544e-05
3.455000e-10 4.034351e-05 5.174768e-05
3.460000e-10 4.022544e-05 5.165853e-05
3.465000e-10 4.010717e-05 5.156804e-05
3.470000e-10 3.998870e-05 5.147623e-05
3.475000e-10 3.987005e-05 5.138313e-05
3.480000e-10 3.975122e-05 5.128877e-05
3.485000e-10 3.963222e-05 5.119318e-05
3.490000e-10 3.951307e-05 5.109639e-05
3.495000e-10 3.939376e-05 5.099842e-05
3.500000e-10 3.927432e-05 5.089930e-05
3.505000e-10 3.915474e-05 5.079906e-05
3.510000e-10 3.903504e-05 5.069773e-05
3.515000e-10 3.891523e-05 5.059532e-05
3.520000e-10 3.879530e-05 5.049187e-05
3.525000e-10 3.867528e-05 5.038740e-05
3.530000e-10 3.855517e-05 5.028193e-05
3.535000e-10 3.843497e-05 5.017549e-05
3.540000e-10 3.831469e-05 5.006810e-05
3.545000e-10 3.819435e-05 4.995979e-05
3.550000e-10 3.807394e-05 4.985057e-05
3.555000e-10 3.795348e-05 4.974047e-05
3.560000e-10 3.783297e-05 4.962951e-05
3.565000e-10 3.771242e-05 4.951771e-05
3.570000e-10 3.759183e-05 4.940509e-05
3.575000e-10 3.747122e-05 4.929168e-05
3.580000e-10 3.735058e-05 4.917749e-05
3.585000e-10 3.722994e-05 4.906254e-05
3.590000e-10 3.710928e-05 4.894686e-05
3.595000e-10 3.698862e-05 4.883046e-05
3.600000e-10 3.686797e-05 4.871336e-05
3.605000e-10 3.674733e-05 4.859558e-05
3.610000e-10 3.662670e-05 4.847714e-05
3.615000e-10 3.650610e-05 4.835805e-05
3.620000e-10 3.638552e-05 4.823834e-05
3.625000e-10 3.626498e-05 4.811801e-05
3.630000e-10 3.614448e-05 4.799710e-05
3.635000e-10 3.602402e-05 4.787561e-05
3.640000e-10 3.590361e-05 4.775356e-05
3.645000e-10 3.578326e-05 4.763097e-05
3.650000e-10 3.566297e-05 4.750785e-05
3.655000e-10 3.554274e-05 4.738422e-05
3.660000e-10 3.542258e-05 4.726010e-05
3.665000e-10 3.530250e-05 4.713549e-05
3.670000e-10 3.518250e-05 4.701042e-05
3.675000e-10 3.506258e-05 4.688489e-05
3.680000e-10 3.494276e-05 4.675893e-05
3.685000e-10 3.482302e-05 4.663255e-05
3.690000e-10 3.470339e-05 4.650575e-05
3.695000e-10 3.458386e-05 4.637857e-05
3.700000e-10 3.446444e-05 4.625099e-05
3.705000e-10 3.434513e-05 4.612306e-05
3.710000e-10 3.422593e-05 4.599476e-05
3.715000e-10 3.410686e-05 4.586612e-05
3.720000e-10 3.398790e-05 4.573715e-05
3.725000e-10 3.386908e-05 4.560786e-05
3.730000e-10 3.375039e-05 4.547827e-05
3.735000e-10 3.363184e-05 4.534838e-05
3.740000e-10 3.351342e-05 4.521821e-05
3.745000e-10 3.339515e-05 4.508777e-05
3.750000e-10 3.327702e-05 4.495707e-05
3.755000e-10 3.315905e-05 4.482612e-05
3.760000e-10 3.304122e-05 4.469493e-05
3.765000e-10 3.292356e-05 4.456352e-05
3.770000e-10 3.280606e-05 4.443189e-05
3.775000e-10 3.268872e-05 4.430005e-05
3.780000e-10 3.257155e-05 4.416802e-05
3.785000e-10 3.245455e-05 4.403580e-05
3.790000e-10 3.233772e-05 4.390341e-05
3.795000e-10 3.222107e-05 4.377085e-05
3.800000e-10 3.210459e-05 4.363813e-05
3.805000e-10 3.198831e-05 4.350527e-05
3.810000e-10 3.187220e-05 4.337227e-05
3.815000e-10 3.175629e-05 4.323914e-05
3.820000e-10 3.164056e-05 4.310589e-05
3.825000e-10 3.152503e-05 4.297253e-05
3.830000e-10 3.140970e-05 4.283907e-05
3.835000e-10 3.129456e-05 4.270552e-05
3.840000e-10 3.117963e-05 4.257188e-05
3.845000e-10 3.106490e-05 4.243816e-05
3.850000e-10 3.095038e-05 4.230438e-05
3.855000e-10 3.083607e-05 4.217053e-05
3.860000e-10 3.072196e-05 4.203663e-05
3.865000e-10 3.060808e-05 4.190268e-05
3.870000e-10 3.049441e-05 4.176870e-05
3.875000e-10 3.038095e-05 4.163469e-05
3.880000e-10 3.026772e-05 4.150065e-05
3.885000e-10 3.015471e-05 4.136660e-05
3.890000e-10 3.004192e-05 4.123254e-05
3.895000e-10 2.992937e-05 4.109847e-05
3.900000e-10 2.981704e-05 4.096441e-05
3.905000e-10 2.970494e-05 4.083037e-05
3.910000e-10 2.959307e-05 4.069634e-05
3.915000e-10 2.948144e-05 4.056233e-05
3.920000e-10 2.937004e-05 4.042836e-05
3.925000e-10 2.925889e-05 4.029442e-05
3.930000e-10 2.914797e-05 4.016053e-05
3.935000e-10 2.903729e-05 4.002669e-05
3.940000e-10 2.892686e-05 3.989290e-05
3.945000e-10 2.881668e-05 3.975918e-05
3.950000e-10 2.870674e-05 3.962552e-05
3.955000e-10 2.859704e-05 3.949193e-05
3.960000e-10 2.848760e-05 3.935842e-05
3.965000e-10 2.837841e-05 3.922500e-05
3.970000e-10 2.826947e-05 3.909167e-05
3.975000e-10 2.816079e-05 3.895843e-05
3.980000e-10 2.805236e-05 3.882529e-05
3.985000e-10 2.794419e-05 3.869225e-05
3.990000e-10 2.783628e-05 3.855932e-05
3.995000e-10 2.772862e-05 3.842651e-05
4.000000e-10 2.762123e-05 3.829382e-05
4.005000e-10 2.751410e-05 3.816125e-05
4.010000e-10 2.740723e-05 3.802881e-05
4.015000e-10 2.730063e-05 3.789651e-05
4.020000e-10 2.719429e-05 3.776434e-05
4.025000e-10 2.708822e-05 3.763231e-05
4.030000e-10 2.698242e-05 3.750043e-05
4.035000e-10 2.687688e-05 3.736871e-05
4.040000e-10 2.677162e-05 3.723713e-05
4.045000e-10 2.666662e-05 3.710572e-05
4.050000e-10 2.656190e-05 3.697447e-05
4.055000e-10 2.645745e-05 3.684338e-05
4.060000e-10 2.635328e-05 3.671247e-05
4.065000e-10 2.624938e-05 3.658173e-05
4.070000e-10 2.614575e-05 3.645118e-05
4.075000e-10 2.604240e-05 3.632080e-05
4.080000e-10 2.593933e-05 3.619061e-05
4.085000e-10 2.583653e-05 3.606061e-05
4.090000e-10 2.573402e-05 3.593080e-05
4.095000e-10 2.563178e-05 3.580118e-05
4.100000e-10 2.552982e-05 3.567177e-05
4.105000e-10 2.542815e-05 3.554256e-05
4.110000e-10 2.532675e-05 3.541356e-05
4.115000e-10 2.522564e-05 3.528476e-05
4.120000e-10 2.512481e-05 3.515618e-05
4.125000e-10 2.502426e-05 3.502781e-05
4.130000e-10 2.492400e-05 3.489966e-05
4.135000e-10 2.482402e-05 3.477174e-05
4.140000e-10 2.472432e-05 3.464403e-05
4.145000e-10 2.462491e-05 3.451656e-05
4.150000e-10 2.452579e-05 3.438931e-05
4.155000e-10 2.442695e-05 3.426230e-05
4.160000e-10 2.432840e-05 3.413552e-05
4.165000e-10 2.423013e-05 3.400897e-05
4.170000e-10 2.413216e-05 3.388267e-05
4.175000e-10 2.403447e-05 3.375661e-05
4.180000e-10 2.393707e-05 3.363080e-05
4.185000e-10 2.383995e-05 3.350523e-05
4.190000e-10 2.374313e-05 3.337992e-05
4.195000e-10 2.364660e-05 3.325485e-05
4.200000e-10 2.355035e-05 3.313004e-05
4.205000e-10 2.345440e-05 3.300549e-05
4.210000e-10 2.335873e-05 3.288119e-05
4.215000e-10 2.326335e-05 3.275715e-05
4.220000e-10 2.316827e-05 3.263338e-05
4.225000e-10 2.307348e-05 3.250987e-05
4.230000e-10 2.297897e-05 3.238663e-05
4.235000e-10 2.288476e-05 3.226366e-05
4.240000e-10 2.279084e-05 3.214096e-05
4.245000e-10 2.269721e-05 3.201853e-05
4.250000e-10 2.260387e-05 3.189637e-05
4.255000e-10 2.251082e-05 3.177449e-05
4.260000e-10 2.241807e-05 3.165289e-05
4.265000e-10 2.232560e-05 3.153157e-05
4.270000e-10 2.223343e-05 3.141053e-05
4.275000e-10 2.214155e-05 3.128977e-05
4.280000e-10 2.204996e-05 3.116929e-05
4.285000e-10 2.195866e-05 3.104910e-05
4.290000e-10 2.186765e-05 3.092920e-05
4.295000e-10 2.177694e-05 3.080958e-05
4.300000e-10 2.168652e-05 3.069026e-05
4.305000e-10 2.159639e-05 3.057122e-05
4.310000e-10 2.150655e-05 3.045248e-05
4.315000e-10 2.141700e-05 3.033403e-05
4.320000e-10 2.132774e-05 3.021588e-05
4.325000e-10 2.123878e-05 3.009802e-05
4.330000e-10 2.115011e-05 2.998046e-05
4.335000e-10 2.106172e-05 2.986320e-05
4.340000e-10 2.097363e-05 2.974624e-05
4.345000e-10 2.088583e-05 2.962958e-05
4.350000e-10 2.079832e-05 2.951323e-05
4.355000e-10 2.071110e-05 2.939717e-05
4.360000e-10 2.062417e-05 2.928142e-05
4.365000e-10 2.053754e-05 2.916597e-05
4.370000e-10 2.045119e-05 2.905083e-05
4.375000e-10 2.036513e-05 2.893600e-05
4.380000e-10 2.027936e-05 2.882148e-05
4.385000e-10 2.019388e-05 2.870726e-05
4.390000e-10 2.010869e-05 2.859335e-05
4.395000e-10 2.002379e-05 2.847976e-05
4.400000e-10 1.993918e-05 2.836647e-05
4.405000e-10 1.985485e-05 2.825350e-05
4.410000e-10 1.977082e-05 2.814084e-05
4.415000e-10 1.968707e-05 2.802849e-05
4.420000e-10 1.960361e-05 2.791645e-05
4.425000e-10 1.952044e-05 2.780473e-05
4.430000e-10 1.943755e-05 2.769333e-05
4.435000e-10 1.935495e-05 2.758224e-05
4.440000e-10 1.927264e-05 2.747147e-05
4.445000e-10 1.919061e-05 2.736101e-05
4.450000e-10 1.910887e-05 2.725087e-05
4.455000e-10 1.902741e-05 2.714105e-05
4.460000e-10 1.894624e-05 2.703155e-05
4.465000e-10 1.886535e-05 2.692237e-05
4.470000e-10 1.878475e-05 2.681351e-05
4.475000e-10 1.870443e-05 2.670496e-05
4.480000e-10 1.862440e-05 2.659674e-05
4.485000e-10 1.854465e-05 2.648884e-05
4.490000e-10 1.846518e-05 2.638126e-05
4.495000e-10 1.838599e-05 2.627400e-05
4.500000e-10 1.830708e-05 2.616706e-05
4.505000e-10 1.822846e-05 2.606044e-05
4.510000e-10 1.815012e-05 2.595414e-05
4.515000e-10 1.807205e-05 2.584817e-05
4.520000e-10 1.799427e-05 2.574252e-05
4.525000e-10 1.791677e-05 2.563720e-05
4.530000e-10 1.783954e-05 2.553219e-05
4.535000e-10 1.776260e-05 2.542751e-05
4.540000e-10 1.768593e-05 2.532315e-05
4.545000e-10 1.760954e-05 2.521912e-05
4.550000e-10 1.753343e-05 2.511541e-05
4.555000e-10 1.745760e-05 2.501202e-05
4.560000e-10 1.738204e-05 2.490896e-05
4.565000e-10 1.730675e-05 2.480622e-05
4.570000e-10 1.723175e-05 2.470381e-05
4.575000e-10 1.715701e-05 2.460172e-05
4.580000e-10 1.708255e-05 2.449995e-05
4.585000e-10 1.700837e-05 2.439851e-05
4.590000e-10 1.693446e-05 2.429739e-05
4.595000e-10 1.686082e-05 2.419660e-05
4.600000e-10 1.678745e-05 2.409613e-05
4.605000e-10 1.671436e-05 2.399599e-05
4.610000e-10 1.664153e-05 2.389616e-05
4.615000e-10 1.656898e-05 2.379667e-05
4.620000e-10 1.649670e-05 2.369749e-05
4.625000e-10 1.642468e-05 2.359864e-05
4.630000e-10 1.635294e-05 2.350012e-05
4.635000e-10 1.628146e-05 2.340191e-05
4.640000e-10 1.621025e-05 2.330404e-05
4.645000e-10 1.613931e-05 2.320648e-05
4.650000e-10 1.606863e-05 2.310925e-05
4.655000e-10 1.599822e-05 2.301234e-05
4.660000e-10 1.592808e-05 2.291575e-05
4.665000e-10 1.585820e-05 2.281948e-05
4.670000e-10 1.578859e-05 2.272354e-05
4.675000e-10 1.571924e-05 2.262792e-05
4.680000e-10 1.565015e-05 2.253262e-05
4.685000e-10 1.558132e-05 2.243765e-05
4.690000e-10 1.551276e-05 2.234299e-05
4.695000e-10 1.544446e-05 2.224866e-05
4.700000e-10 1.537641e-05 2.215464e-05
4.705000e-10 1.530863e-05 2.206095e-05
4.710000e-10 1.524111e-05 2.196758e-05
4.715000e-10 1.517385e-05 2.187452e-05
4.720000e-10 1.510684e-05 2.178179e-05
4.725000e-10 1.504009e-05 2.168937e-05
4.730000e-10 1.497360e-05 2.159728e-05
4.735000e-10 1.490737e-05 2.150550e-05
4.740000e-10 1.484139e-05 2.141404e-05
4.745000e-10 1.477567e-05 2.132290e-05
4.750000e-10 1.471020e-05 2.123208e-05
4.755000e-10 1.464498e-05 2.114157e-05
4.760000e-10 1.458002e-05 2.105138e-05
4.765000e-10 1.451531e-05 2.096150e-05
4.770000e-10 1.445085e-05 2.087195e-05
4.775000e-10 1.438665e-05 2.078270e-05
4.780000e-10 1.432269e-05 2.069378e-05
4.785000e-10 1.425898e-05 2.060516e-05
4.790000e-10 1.419553e-05 2.051686e-05
4.795000e-10 1.413232e-05 2.042888e-05
4.800000e-10 1.406936e-05 2.034120e-05
4.805000e-10 1.400664e-05 2.025384e-05
4.810000e-10 1.394418e-05 2.016680e-05
4.815000e-10 1.388195e-05 2.008006e-05
4.820000e-10 1.381998e-05 1.999363e-05
4.825000e-10 1.375825e-05 1.990752e-05
4.830000e-10 1.369676e-05 1.982171e-05
4.835000e-10 1.363552e-05 1.973622e-05
4.840000e-10 1.357452e-05 1.965103e-05
4.845000e-10 1.351376e-05 1.956616e-05
4.850000e-10 1.345324e-05 1.948159e-05
4.855000e-10 1.339296e-05 1.939733e-05
4.860000e-10 1.333292e-05 1.931337e-05
4.865000e-10 1.327312e-05 1.922973e-05
4.870000e-10 1.321356e-05 1.914638e-05
4.875000e-10 1.315424e-05 1.906335e-05
4.880000e-10 1.309516e-05 1.898062e-05
4.885000e-10 1.303631e-05 1.889819e-05
4.890000e-10 1.297770e-05 1.881606e-05
4.895000e-10 1.291932e-05 1.873424e-05
4.900000e-10 1.286118e-05 1.865272e-05
4.905000e-10 1.280327e-05 1.857151e-05
4.910000e-10 1.274559e-05 1.849059e-05
4.915000e-10 1.268815e-05 1.840998e-05
4.920000e-10 1.263094e-05 1.832966e-05
4.925000e-10 1.257395e-05 1.824965e-05
4.930000e-10 1.251720e-05 1.816993e-05
4.935000e-10 1.246068e-05 1.809051e-05
4.940000e-10 1.240439e-05 1.801139e-05
4.945000e-10 1.234833e-05 1.793257e-05
4.950000e-10 1.229249e-05 1.785404e-05
4.955000e-10 1.223688e-05 1.777580e-05
4.960000e-10 1.218150e-05 1.769787e-05
4.965000e-10 1.212634e-05 1.762022e-05
4.970000e-10 1.207141e-05 1.754287e-05
4.975000e-10 1.201670e-05 1.746582e-05
4.980000e-10 1.196221e-05 1.738905e-05
4.985000e-10 1.190795e-05 1.731258e-05
4.990000e-10 1.185391e-05 1.723640e-05
4.995000e-10 1.180009e-05 1.716051e-05
5.000000e-10 1.174649e-05 1.708491e-05
5.005000e-10 1.169312e-05 1.700959e-05
5.010000e-10 1.163996e-05 1.693457e-05
5.015000e-10 1.158702e-05 1.685983e-05
5.020000e-10 1.153429e-05 1.678538e-05
5.025000e-10 1.148179e-05 1.671122e-05
5.030000e-10 1.142950e-05 1.663734e-05
5.035000e-10 1.137743e-05 1.656374e-05
5.040000e-10 1.132557e-05 1.649043e-05
5.045000e-10 1.127392e-05 1.641741e-05
5.050000e-10 1.122249e-05 1.634466e-05
5.055000e-10 1.117128e-05 1.627220e-05
5.060000e-10 1.112027e-05 1.620002e-05
5.065000e-10 1.106948e-05 1.612812e-05
5.070000e-10 1.101890e-05 1.605650e-05
5.075000e-10 1.096853e-05 1.598516e-05
5.080000e-10 1.091837e-05 1.591410e-05
5.085000e-10 1.086841e-05 1.584331e-05
5.090000e-10 1.081867e-05 1.577281e-05
5.095000e-10 1.076913e-05 1.570257e-05
5.100000e-10 1.071980e-05 1.563262e-05
5.105000e-10 1.067068e-05 1.556294e-05
5.110000e-10 1.062176e-05 1.549353e-05
5.115000e-10 1.057304e-05 1.542439e-05
5.120000e-10 1.052453e-05 1.535553e-05
5.125000e-10 1.047623e-05 1.528694e-05
5.130000e-10 1.042812e-05 1.521862e-05
5.135000e-10 1.038022e-05 1.515057e-05
5.140000e-10 1.033252e-05 1.508280e-05
5.145000e-10 1.028502e-05 1.501528e-05
5.150000e-10 1.023772e-05 1.494804e-05
5.155000e-10 1.019062e-05 1.488107e-05
5.160000e-10 1.014372e-05 1.481436e-05
5.165000e-10 1.009702e-05 1.474792e-05
5.170000e-10 1.005051e-05 1.468174e-05
5.175000e-10 1.000420e-05 1.461582e-05
5.180000e-10 9.958089e-06 1.455018e-05
5.185000e-10 9.912170e-06 1.448479e-05
5.190000e-10 9.866446e-06 1.441966e-05
5.195000e-10 9.820916e-06 1.435480e-05
5.200000e-10 9.775579e-06 1.429020e-05
5.205000e-10 9.730435e-06 1.422585e-05
5.210000e-10 9.685482e-06 1.416177e-05
5.215000e-10 9.640721e-06 1.409794e-05
5.220000e-10 9.596150e-06 1.403437e-05
5.225000e-10 9.551769e-06 1.397106e-05
5.230000e-10 9.507578e-06 1.390800e-05
5.235000e-10 9.463574e-06 1.384520e-05
5.240000e-10 9.419759e-06 1.378266e-05
5.245000e-10 9.376131e-06 1.372036e-05
5.250000e-10 9.332689e-06 1.365832e-05
5.255000e-10 9.289434e-06 1.359654e-05
5.260000e-10 9.246363e-06 1.353500e-05
5.265000e-10 9.203477e-06 1.347371e-05
5.270000e-10 9.160775e-06 1.341268e-05
5.275000e-10 9.118256e-06 1.335189e-05
5.280000e-10 9.075920e-06 1.329135e-05
5.285000e-10 9.033765e-06 1.323106e-05
5.290000e-10 8.991792e-06 1.317101e-05
5.295000e-10 8.950000e-06 1.311121e-05
5.300000e-10 8.908387e-06 1.305166e-05
5.305000e-10 8.866954e-06 1.299235e-05
5.310000e-10 8.825699e-06 1.293329e-05
5.315000e-10 8.784622e-06 1.287446e-05
5.320000e-10 8.743723e-06 1.281588e-05
5.325000e-10 8.703000e-06 1.275754e-05
5.330000e-10 8.662453e-06 1.269944e-05
5.335000e-10 8.622082e-06 1.264158e-05
5.340000e-10 8.581886e-06 1.258396e-05
5.345000e-10 8.541863e-06 1.252658e-05
5.350000e-10 8.502014e-06 1.246944e-05
5.355000e-10 8.462338e-06 1.241253e-05
5.360000e-10 8.422834e-06 1.235586e-05
5.365000e-10 8.383502e-06 1.229942e-05
5.370000e-10 8.344340e-06 1.224322e-05
5.375000e-10 8.305349e-06 1.218725e-05
5.380000e-10 8.266528e-06 1.213152e-05
5.385000e-10 8.227875e-06 1.207601e-05
5.390000e-10 8.189391e-06 1.202074e-05
5.395000e-10 8.151075e-06 1.196570e-05
5.400000e-10 8.112926e-06 1.191089e-05
5.405000e-10 8.074943e-06 1.185631e-05
5.410000e-10 8.037126e-06 1.180195e-05
5.415000e-10 7.999475e-06 1.174783e-05
5.420000e-10 7.961988e-06 1.169393e-05
5.425000e-10 7.924665e-06 1.164025e-05
5.430000e-10 7.887505e-06 1.158681e-05
5.435000e-10 7.850509e-06 1.153358e-05
5.440000e-10 7.813674e-06 1.148058e-05
5.445000e-10 7.777001e-06 1.142780e-05
5.450000e-10 7.740489e-06 1.137525e-05
5.455000e-10 7.704137e-06 1.132292e-05
5.460000e-10 7.667945e-06 1.127080e-05
5.465000e-10 7.631912e-06 1.121891e-05
5.470000e-10 7.596038e-06 1.116724e-05
5.475000e-10 7.560321e-06 1.111578e-05
5.480000e-10 7.524762e-06 1.106454e-05
5.485000e-10 7.489359e-06 1.101352e-05
5.490000e-10 7.454112e-06 1.096272e-05
5.495000e-10 7.419021e-06 1.091213e-05
5.500000e-10 7.384085e-06 1.086175e-05
5.505000e-10 7.349303e-06 1.081159e-05
5.510000e-10 7.314675e-06 1.076165e-05
5.515000e-10 7.280200e-06 1.071191e-05
5.520000e-10 7.245877e-06 1.066239e-05
5.525000e-10 7.211706e-06 1.061308e-05
5.530000e-10 7.177686e-06 1.056398e-05
5.535000e-10 7.143818e-06 1.051508e-05
5.540000e-10 7.110099e-06 1.046640e-05
5.545000e-10 7.076530e-06 1.041792e-05
5.550000e-10 7.043110e-06 1.036965e-05
5.555000e-10 7.009838e-06 1.032159e-05
5.560000e-10 6.976714e-06 1.027374e-05
5.565000e-10 6.943737e-06 1.022609e-05
5.570000e-10 6.910907e-06 1.017864e-05
5.575000e-10 6.878223e-06 1.013140e-05
5.580000e-10 6.845685e-06 1.008436e-05
5.585000e-10 6.813291e-06 1.003752e-05
5.590000e-10 6.781042e-06 9.990880e-06
5.595000e-10 6.748936e-06 9.944444e-06
5.600000e-10 6.716974e-06 9.898208e-06
5.605000e-10 6.685154e-06 9.852171e-06
5.610000e-10 6.653477e-06 9.806332e-06
5.615000e-10 6.621941e-06 9.760691e-06
5.620000e-10 6.590546e-06 9.715247e-06
5.625000e-10 6.559291e-06 9.670000e-06
5.630000e-10 6.528176e-06 9.624948e-06
5.635000e-10 6.497201e-06 9.580091e-06
5.640000e-10 6.466364e-06 9.535428e-06
5.645000e-10 6.435665e-06 9.490959e-06
5.650000e-10 6.405104e-06 9.446682e-06
5.655000e-10 6.374680e-06 9.402598e-06
5.660000e-10 6.344393e-06 9.358705e-06
5.665000e-10 6.314241e-06 9.315002e-06
5.670000e-10 6.284225e-06 9.271489e-06
5.675000e-10 6.254344e-06 9.228166e-06
5.680000e-10 6.224597e-06 9.185031e-06
5.685000e-10 6.194984e-06 9.142084e-06
5.690000e-10 6.165504e-06 9.099324e-06
5.695000e-10 6.136157e-06 9.056750e-06
5.700000e-10 6.106942e-06 9.014362e-06
5.705000e-10 6.077859e-06 8.972159e-06
5.710000e-10 6.048907e-06 8.930140e-06
5.715000e-10 6.020086e-06 8.888305e-06
5.720000e-10 5.991394e-06 8.846653e-06
5.725000e-10 5.962832e-06 8.805183e-06
5.730000e-10 5.934399e-06 8.763895e-06
5.735000e-10 5.906095e-06 8.722787e-06
5.740000e-10 5.877918e-06 8.681860e-06
5.745000e-10 5.849869e-06 8.641112e-06
5.750000e-10 5.821947e-06 8.600543e-06
5.755000e-10 5.794152e-06 8.560152e-06
5.760000e-10 5.766482e-06 8.519939e-06
5.765000e-10 5.738937e-06 8.479902e-06
5.770000e-10 5.711518e-06 8.440042e-06
5.775000e-10 5.684222e-06 8.400357e-06
5.780000e-10 5.657051e-06 8.360846e-06
5.785000e-10 5.630003e-06 8.321510e-06
5.790000e-10 5.603078e-06 8.282347e-06
5.795000e-10 5.576275e-06 8.243357e-06
5.800000e-10 5.549593e-06 8.204539e-06
5.805000e-10 5.523033e-06 8.165892e-06
5.810000e-10 5.496594e-06 8.127416e-06
5.815000e-10 5.470276e-06 8.089111e-06
5.820000e-10 5.444077e-06 8.050974e-06
5.825000e-10 5.417997e-06 8.013007e-06
5.830000e-10 5.392036e-06 7.975207e-06
5.835000e-10 5.366194e-06 7.937575e-06
5.840000e-10 5.340469e-06 7.900110e-06
5.845000e-10 5.314862e-06 7.862811e-06
5.850000e-10 5.289371e-06 7.825678e-06
5.855000e-10 5.263997e-06 7.788709e-06
5.860000e-10 5.238739e-06 7.751904e-06
5.865000e-10 5.213596e-06 7.715264e-06
5.870000e-10 5.188568e-06 7.678786e-06
5.875000e-10 5.163655e-06 7.642470e-06
5.880000e-10 5.138855e-06 7.606316e-06
5.885000e-10 5.114169e-06 7.570323e-06
5.890000e-10 5.089596e-06 7.534491e-06
5.895000e-10 5.065136e-06 7.498818e-06
5.900000e-10 5.040788e-06 7.463304e-06
5.905000e-10 5.016551e-06 7.427949e-06
5.910000e-10 4.992425e-06 7.392752e-06
5.915000e-10 4.968410e-06 7.357712e-06
5.920000e-10 4.944506e-06 7.322829e-06
5.925000e-10 4.920711e-06 7.288101e-06
5.930000e-10 4.897025e-06 7.253529e-06
5.935000e-10 4.873448e-06 7.219112e-06
5.940000e-10 4.849979e-06 7.184849e-06
5.945000e-10 4.826619e-06 7.150739e-06
5.950000e-10 4.803366e-06 7.116782e-06
5.955000e-10 4.780219e-06 7.082978e-06
5.960000e-10 4.757180e-06 7.049325e-06
5.965000e-10 4.734246e-06 7.015824e-06
5.970000e-10 4.711418e-06 6.982472e-06
5.975000e-10 4.688696e-06 6.949271e-06
5.980000e-10 4.666078e-06 6.916219e-06
5.985000e-10 4.643564e-06 6.883316e-06
5.990000e-10 4.621154e-06 6.850560e-06
5.995000e-10 4.598848e-06 6.817953e-06
6.000000e-10 4.576644e-06 6.785492e-06
6.005000e-10 4.554543e-06 6.753177e-06
6.010000e-10 4.532545e-06 6.721008e-06
6.015000e-10 4.510647e-06 6.688984e-06
6.020000e-10 4.488852e-06 6.657105e-06
6.025000e-10 4.467156e-06 6.625369e-06
6.030000e-10 4.445562e-06 6.593777e-06
6.035000e-10 4.424067e-06 6.562328e-06
6.040000e-10 4.402672e-06 6.531021e-06
6.045000e-10 4.381375e-06 6.499855e-06
6.050000e-10 4.360178e-06 6.468830e-06
6.055000e-10 4.339079e-06 6.437946e-06
6.060000e-10 4.318077e-06 6.407202e-06
6.065000e-10 4.297173e-06 6.376597e-06
6.070000e-10 4.276366e-06 6.346131e-06
6.075000e-10 4.255656e-06 6.315803e-06
6.080000e-10 4.235041e-06 6.285612e-06
6.085000e-10 4.214523e-06 6.255559e-06
6.090000e-10 4.194099e-06 6.225642e-06
6.095000e-10 4.173771e-06 6.195861e-06
6.100000e-10 4.153537e-06 6.166215e-06
6.105000e-10 4.133397e-06 6.136704e-06
6.110000e-10 4.113351e-06 6.107327e-06
6.115000e-10 4.093398e-06 6.078084e-06
6.120000e-10 4.073538e-06 6.048974e-06
6.125000e-10 4.053771e-06 6.019997e-06
6.130000e-10 4.034095e-06 5.991151e-06
6.135000e-10 4.014512e-06 5.962437e-06
6.140000e-10 3.995019e-06 5.933854e-06
6.145000e-10 3.975617e-06 5.905402e-06
6.150000e-10 3.956306e-06 5.877079e-06
6.155000e-10 3.937085e-06 5.848886e-06
6.160000e-10 3.917954e-06 5.820821e-06
6.165000e-10 3.898912e-06 5.792884e-06
6.170000e-10 3.879959e-06 5.765076e-06
6.175000e-10 3.861095e-06 5.737394e-06
6.180000e-10 3.842318e-06 5.709839e-06
6.185000e-10 3.823630e-06 5.682410e-06
6.190000e-10 3.805029e-06 5.655107e-06
6.195000e-10 3.786514e-06 5.627929e-06
6.200000e-10 3.768087e-06 5.600875e-06
6.205000e-10 3.749746e-06 5.573945e-06
6.210000e-10 3.731490e-06 5.547139e-06
6.215000e-10 3.713320e-06 5.520456e-06
6.220000e-10 3.695235e-06 5.493895e-06
6.225000e-10 3.677235e-06 5.467456e-06
6.230000e-10 3.659320e-06 5.441139e-06
6.235000e-10 3.641488e-06 5.414942e-06
6.240000e-10 3.623740e-06 5.388866e-06
6.245000e-10 3.606075e-06 5.362910e-06
6.250000e-10 3.588493e-06 5.337073e-06
6.255000e-10 3.570994e-06 5.311355e-06
6.260000e-10 3.553577e-06 5.285755e-06
6.265000e-10 3.536241e-06 5.260274e-06
6.270000e-10 3.518987e-06 5.234909e-06
6.275000e-10 3.501815e-06 5.209662e-06
6.280000e-10 3.484723e-06 5.184531e-06
6.285000e-10 3.467711e-06 5.159515e-06
6.290000e-10 3.450779e-06 5.134616e-06
6.295000e-10 3.433927e-06 5.109831e-06
6.300000e-10 3.417155e-06 5.085160e-06
6.305000e-10 3.400461e-06 5.060604e-06
6.310000e-10 3.383846e-06 5.036161e-06
6.315000e-10 3.367309e-06 5.011830e-06
6.320000e-10 3.350850e-06 4.987613e-06
6.325000e-10 3.334469e-06 4.963507e-06
6.330000e-10 3.318165e-06 4.939513e-06
6.335000e-10 3.301938e-06 4.915630e-06
6.340000e-10 3.285787e-06 4.891857e-06
6.345000e-10 3.269713e-06 4.868195e-06
6.350000e-10 3.253714e-06 4.844642e-06
6.355000e-10 3.237792e-06 4.821199e-06
6.360000e-10 3.221944e-06 4.797864e-06
6.365000e-10 3.206171e-06 4.774637e-06
6.370000e-10 3.190473e-06 4.751518e-06
6.375000e-10 3.174849e-06 4.728506e-06
6.380000e-10 3.159298e-06 4.705601e-06
6.385000e-10 3.143822e-06 4.682803e-06
6.390000e-10 3.128418e-06 4.660110e-06
6.395000e-10 3.113088e-06 4.637523e-06
6.400000e-10 3.097830e-06 4.615041e-06
6.405000e-10 3.082644e-06 4.592663e-06
6.410000e-10 3.067530e-06 4.570390e-06
6.415000e-10 3.052488e-06 4.548220e-06
6.420000e-10 3.037517e-06 4.526153e-06
6.425000e-10 3.022617e-06 4.504190e-06
6.430000e-10 3.007787e-06 4.482328e-06
6.435000e-10 2.993028e-06 4.460568e-06
6.440000e-10 2.978339e-06 4.438910e-06
6.445000e-10 2.963720e-06 4.417353e-06
6.450000e-10 2.949170e-06 4.395896e-06
6.455000e-10 2.934689e-06 4.374539e-06
6.460000e-10 2.920277e-06 4.353282e-06
6.465000e-10 2.905934e-06 4.332125e-06
6.470000e-10 2.891658e-06 4.311066e-06
6.475000e-10 2.877450e-06 4.290105e-06
6.480000e-10 2.863310e-06 4.269243e-06
6.485000e-10 2.849237e-06 4.248478e-06
6.490000e-10 2.835231e-06 4.227810e-06
6.495000e-10 2.821292e-06 4.207238e-06
6.500000e-10 2.807419e-06 4.186763e-06
6.505000e-10 2.793612e-06 4.166384e-06
6.510000e-10 2.779871e-06 4.146100e-06
6.515000e-10 2.766195e-06 4.125911e-06
6.520000e-10 2.752584e-06 4.105817e-06
6.525000e-10 2.739039e-06 4.085817e-06
6.530000e-10 2.725557e-06 4.065911e-06
6.535000e-10 2.712140e-06 4.046098e-06
6.540000e-10 2.698787e-06 4.026378e-06
6.545000e-10 2.685498e-06 4.006750e-06
6.550000e-10 2.672272e-06 3.987215e-06
6.555000e-10 2.659109e-06 3.967771e-06
6.560000e-10 2.646009e-06 3.948418e-06
6.565000e-10 2.632972e-06 3.929157e-06
6.570000e-10 2.619996e-06 3.909986e-06
6.575000e-10 2.607083e-06 3.890905e-06
6.580000e-10 2.594231e-06 3.871914e-06
6.585000e-10 2.581441e-06 3.853012e-06
6.590000e-10 2.568712e-06 3.834199e-06
6.595000e-10 2.556044e-06 3.815475e-06
6.600000e-10 2.543436e-06 3.796838e-06
6.605000e-10 2.530889e-06 3.778290e-06
6.610000e-10 2.518402e-06 3.759829e-06
6.615000e-10 2.505974e-06 3.741455e-06
6.620000e-10 2.493606e-06 3.723167e-06
6.625000e-10 2.481297e-06 3.704966e-06
6.630000e-10 2.469047e-06 3.686850e-06
6.635000e-10 2.456856e-06 3.668820e-06
6.640000e-10 2.444723e-06 3.650875e-06
6.645000e-10 2.432648e-06 3.633014e-06
6.650000e-10 2.420632e-06 3.615238e-06
6.655000e-10 2.408672e-06 3.597546e-06
6.660000e-10 2.396771e-06 3.579938e-06
6.665000e-10 2.384926e-06 3.562412e-06
6.670000e-10 2.373138e-06 3.544970e-06
6.675000e-10 2.361406e-06 3.527610e-06
6.680000e-10 2.349731e-06 3.510331e-06
6.685000e-10 2.338112e-06 3.493135e-06
6.690000e-10 2.326549e-06 3.476020e-06
6.695000e-10 2.315041e-06 3.458986e-06
6.700000e-10 2.303589e-06 3.442033e-06
6.705000e-10 2.292191e-06 3.425160e-06
6.710000e-10 2.280849e-06 3.408367e-06
6.715000e-10 2.269561e-06 3.391653e-06
6.720000e-10 2.258327e-06 3.375019e-06
6.725000e-10 2.247147e-06 3.358463e-06
6.730000e-10 2.236021e-06 3.341986e-06
6.735000e-10 2.224948e-06 3.325587e-06
6.740000e-10 2.213929e-06 3.309266e-06
6.745000e-10 2.202963e-06 3.293022e-06
6.750000e-10 2.192049e-06 3.276856e-06
6.755000e-10 2.181189e-06 3.260766e-06
6.760000e-10 2.170380e-06 3.244752e-06
6.765000e-10 2.159624e-06 3.228815e-06
6.770000e-10 2.148919e-06 3.212953e-06
6.775000e-10 2.138266e-06 3.197167e-06
6.780000e-10 2.127664e-06 3.181456e-06
6.785000e-10 2.117114e-06 3.165819e-06
6.790000e-10 2.106614e-06 3.150257e-06
6.795000e-10 2.096165e-06 3.134769e-06
6.800000e-10 2.085766e-06 3.119355e-06
6.805000e-10 2.075418e-06 3.104013e-06
6.810000e-10 2.065119e-06 3.088745e-06
6.815000e-10 2.054870e-06 3.073550e-06
6.820000e-10 2.044671e-06 3.058427e-06
6.825000e-10 2.034521e-06 3.043376e-06
6.830000e-10 2.024420e-06 3.028397e-06
6.835000e-10 2.014368e-06 3.013489e-06
6.840000e-10 2.004364e-06 2.998652e-06
6.845000e-10 1.994409e-06 2.983887e-06
6.850000e-10 1.984502e-06 2.969191e-06
6.855000e-10 1.974642e-06 2.954566e-06
6.860000e-10 1.964831e-06 2.940010e-06
6.865000e-10 1.955067e-06 2.925524e-06
6.870000e-10 1.945350e-06 2.911107e-06
6.875000e-10 1.935680e-06 2.896759e-06
6.880000e-10 1.926057e-06 2.882479e-06
6.885000e-10 1.916480e-06 2.868268e-06
6.890000e-10 1.906950e-06 2.854125e-06
6.895000e-10 1.897466e-06 2.840049e-06
6.900000e-10 1.888028e-06 2.826040e-06
6.905000e-10 1.878636e-06 2.812099e-06
6.910000e-10 1.869289e-06 2.798224e-06
6.915000e-10 1.859988e-06 2.784416e-06
6.920000e-10 1.850732e-06 2.770673e-06
6.925000e-10 1.841520e-06 2.756997e-06
6.930000e-10 1.832353e-06 2.743386e-06
6.935000e-10 1.823231e-06 2.729840e-06
6.940000e-10 1.814153e-06 2.716359e-06
6.945000e-10 1.805119e-06 2.702943e-06
6.950000e-10 1.796129e-06 2.689591e-06
6.955000e-10 1.787182e-06 2.676303e-06
6.960000e-10 1.778279e-06 2.663078e-06
6.965000e-10 1.769419e-06 2.649918e-06
6.970000e-10 1.760603e-06 2.636820e-06
6.975000e-10 1.751829e-06 2.623785e-06
6.980000e-10 1.743097e-06 2.610813e-06
6.985000e-10 1.734408e-06 2.597902e-06
6.990000e-10 1.725762e-06 2.585054e-06
6.995000e-10 1.717157e-06 2.572268e-06
7.000000e-10 1.708594e-06 2.559543e-06
7.005000e-10 1.700073e-06 2.546879e-06
7.010000e-10 1.691594e-06 2.534276e-06
7.015000e-10 1.683155e-06 2.521734e-06
7.020000e-10 1.674758e-06 2.509252e-06
7.025000e-10 1.666401e-06 2.496830e-06
7.030000e-10 1.658086e-06 2.484468e-06
7.035000e-10 1.649810e-06 2.472165e-06
7.040000e-10 1.641575e-06 2.459921e-06
7.045000e-10 1.633380e-06 2.447737e-06
7.050000e-10 1.625225e-06 2.435610e-06
7.055000e-10 1.617110e-06 2.423543e-06
7.060000e-10 1.609035e-06 2.411533e-06
7.065000e-10 1.600998e-06 2.399582e-06
7.070000e-10 1.593001e-06 2.387688e-06
7.075000e-10 1.585043e-06 2.375851e-06
7.080000e-10 1.577124e-06 2.364071e-06
7.085000e-10 1.569243e-06 2.352348e-06
7.090000e-10 1.561401e-06 2.340682e-06
7.095000e-10 1.553597e-06 2.329072e-06
7.100000e-10 1.545831e-06 2.317518e-06
7.105000e-10 1.538103e-06 2.306020e-06
7.110000e-10 1.530413e-06 2.294577e-06
7.115000e-10 1.522760e-06 2.283189e-06
7.120000e-10 1.515145e-06 2.271857e-06
7.125000e-10 1.507566e-06 2.260579e-06
7.130000e-10 1.500025e-06 2.249355e-06
7.135000e-10 1.492521e-06 2.238186e-06
7.140000e-10 1.485053e-06 2.227071e-06
7.145000e-10 1.477622e-06 2.216010e-06
7.150000e-10 1.470228e-06 2.205002e-06
7.155000e-10 1.462869e-06 2.194047e-06
7.160000e-10 1.455546e-06 2.183145e-06
7.165000e-10 1.448260e-06 2.172296e-06
7.170000e-10 1.441009e-06 2.161500e-06
7.175000e-10 1.433793e-06 2.150755e-06
7.180000e-10 1.426613e-06 2.140063e-06
7.185000e-10 1.419467e-06 2.129423e-06
7.190000e-10 1.412357e-06 2.118834e-06
7.195000e-10 1.405282e-06 2.108296e-06
7.200000e-10 1.398241e-06 2.097809e-06
7.205000e-10 1.391235e-06 2.087374e-06
7.210000e-10 1.384263e-06 2.076988e-06
7.215000e-10 1.377325e-06 2.066653e-06
7.220000e-10 1.370421e-06 2.056368e-06
7.225000e-10 1.363551e-06 2.046134e-06
7.230000e-10 1.356715e-06 2.035948e-06
7.235000e-10 1.349912e-06 2.025812e-06
7.240000e-10 1.343143e-06 2.015726e-06
7.245000e-10 1.336407e-06 2.005688e-06
7.250000e-10 1.329704e-06 1.995699e-06
7.255000e-10 1.323034e-06 1.985758e-06
7.260000e-10 1.316396e-06 1.975866e-06
7.265000e-10 1.309791e-06 1.966022e-06
7.270000e-10 1.303219e-06 1.956225e-06
7.275000e-10 1.296678e-06 1.946476e-06
7.280000e-10 1.290170e-06 1.936775e-06
7.285000e-10 1.283694e-06 1.927121e-06
7.290000e-10 1.277250e-06 1.917513e-06
7.295000e-10 1.270837e-06 1.907952e-06
7.300000e-10 1.264456e-06 1.898438e-06
7.305000e-10 1.258106e-06 1.888970e-06
7.310000e-10 1.251787e-06 1.879548e-06
7.315000e-10 1.245500e-06 1.870172e-06
7.320000e-10 1.239243e-06 1.860842e-06
7.325000e-10 1.233017e-06 1.851557e-06
7.330000e-10 1.226822e-06 1.842317e-06
7.335000e-10 1.220657e-06 1.833123e-06
7.340000e-10 1.214523e-06 1.823973e-06
7.345000e-10 1.208418e-06 1.814867e-06
7.350000e-10 1.202344e-06 1.805806e-06
7.355000e-10 1.196300e-06 1.796789e-06
7.360000e-10 1.190285e-06 1.787816e-06
7.365000e-10 1.184300e-06 1.778887e-06
7.370000e-10 1.178344e-06 1.770001e-06
7.375000e-10 1.172418e-06 1.761159e-06
7.380000e-10 1.166521e-06 1.752360e-06
7.385000e-10 1.160653e-06 1.743603e-06
7.390000e-10 1.154814e-06 1.734890e-06
7.395000e-10 1.149004e-06 1.726219e-06
7.400000e-10 1.143222e-06 1.717590e-06
7.405000e-10 1.137469e-06 1.709003e-06
7.410000e-10 1.131744e-06 1.700458e-06
7.415000e-10 1.126048e-06 1.691955e-06
7.420000e-10 1.120379e-06 1.683494e-06
7.425000e-10 1.114739e-06 1.675074e-06
7.430000e-10 1.109126e-06 1.666695e-06
7.435000e-10 1.103541e-06 1.658357e-06
7.440000e-10 1.097984e-06 1.650059e-06
7.445000e-10 1.092454e-06 1.641803e-06
7.450000e-10 1.086951e-06 1.633586e-06
7.455000e-10 1.081476e-06 1.625410e-06
7.460000e-10 1.076027e-06 1.617274e-06
7.465000e-10 1.070606e-06 1.609177e-06
7.470000e-10 1.065211e-06 1.601121e-06
7.475000e-10 1.059843e-06 1.593103e-06
7.480000e-10 1.054501e-06 1.585125e-06
7.485000e-10 1.049186e-06 1.577186e-06
7.490000e-10 1.043897e-06 1.569286e-06
7.495000e-10 1.038634e-06 1.561424e-06
7.500000e-10 1.033397e-06 1.553601e-06
7.505000e-10 1.028186e-06 1.545816e-06
7.510000e-10 1.023001e-06 1.538070e-06
7.515000e-10 1.017841e-06 1.530361e-06
7.520000e-10 1.012707e-06 1.522690e-06
7.525000e-10 1.007599e-06 1.515057e-06
7.530000e-10 1.002515e-06 1.507461e-06
7.535000e-10 9.974570e-07 1.499903e-06
7.540000e-10 9.924238e-07 1.492381e-06
7.545000e-10 9.874156e-07 1.484897e-06
7.550000e-10 9.824321e-07 1.477449e-06
7.555000e-10 9.774733e-07 1.470037e-06
7.560000e-10 9.725390e-07 1.462662e-06
7.565000e-10 9.676292e-07 1.455323e-06
7.570000e-10 9.627437e-07 1.448021e-06
7.575000e-10 9.578824e-07 1.440754e-06
7.580000e-10 9.530452e-07 1.433522e-06
7.585000e-10 9.482320e-07 1.426327e-06
7.590000e-10 9.434426e-07 1.419166e-06
7.595000e-10 9.386769e-07 1.412041e-06
7.600000e-10 9.339349e-07 1.404951e-06
7.605000e-10 9.292163e-07 1.397895e-06
7.610000e-10 9.245212e-07 1.390875e-06
7.615000e-10 9.198493e-07 1.383889e-06
7.620000e-10 9.152006e-07 1.376937e-06
7.625000e-10 9.105750e-07 1.370019e-06
7.630000e-10 9.059723e-07 1.363135e-06
7.635000e-10 9.013925e-07 1.356286e-06
7.640000e-10 8.968354e-07 1.349469e-06
7.645000e-10 8.923009e-07 1.342687e-06
7.650000e-10 8.877889e-07 1.335938e-06
7.655000e-10 8.832993e-07 1.329222e-06
7.660000e-10 8.788320e-07 1.322539e-06
7.665000e-10 8.743869e-07 1.315889e-06
7.670000e-10 8.699638e-07 1.309272e-06
7.675000e-10 8.655627e-07 1.302687e-06
7.680000e-10 8.611835e-07 1.296135e-06
7.685000e-10 8.568261e-07 1.289615e-06
7.690000e-10 8.524902e-07 1.283127e-06
7.695000e-10 8.481760e-07 1.276671e-06
7.700000e-10 8.438832e-07 1.270247e-06
7.705000e-10 8.396117e-07 1.263855e-06
7.710000e-10 8.353614e-07 1.257494e-06
7.715000e-10 8.311323e-07 1.251164e-06
7.720000e-10 8.269242e-07 1.244866e-06
7.725000e-10 8.227371e-07 1.238599e-06
7.730000e-10 8.185707e-07 1.232363e-06
7.735000e-10 8.144251e-07 1.226157e-06
7.740000e-10 8.103001e-07 1.219982e-06
7.745000e-10 8.061957e-07 1.213838e-06
7.750000e-10 8.021116e-07 1.207724e-06
7.755000e-10 7.980479e-07 1.201640e-06
7.760000e-10 7.940045e-07 1.195586e-06
7.765000e-10 7.899811e-07 1.189562e-06
7.770000e-10 7.859778e-07 1.183567e-06
7.775000e-10 7.819944e-07 1.177603e-06
7.780000e-10 7.780309e-07 1.171668e-06
7.785000e-10 7.740871e-07 1.165762e-06
7.790000e-10 7.701629e-07 1.159885e-06
7.795000e-10 7.662583e-07 1.154038e-06
7.800000e-10 7.623731e-07 1.148219e-06
7.805000e-10 7.585073e-07 1.142429e-06
7.810000e-10 7.546608e-07 1.136668e-06
7.815000e-10 7.508335e-07 1.130935e-06
7.820000e-10 7.470252e-07 1.125230e-06
7.825000e-10 7.432359e-07 1.119554e-06
7.830000e-10 7.394655e-07 1.113906e-06
7.835000e-10 7.357139e-07 1.108286e-06
7.840000e-10 7.319810e-07 1.102693e-06
7.845000e-10 7.282668e-07 1.097128e-06
7.850000e-10 7.245711e-07 1.091591e-06
7.855000e-10 7.208938e-07 1.086081e-06
7.860000e-10 7.172348e-07 1.080599e-06
7.865000e-10 7.135942e-07 1.075144e-06
7.870000e-10 7.099716e-07 1.069715e-06
7.875000e-10 7.063672e-07 1.064314e-06
7.880000e-10 7.027808e-07 1.058939e-06
7.885000e-10 6.992123e-07 1.053591e-06
7.890000e-10 6.956616e-07 1.048270e-06
7.895000e-10 6.921286e-07 1.042974e-06
7.900000e-10 6.886133e-07 1.037705e-06
7.905000e-10 6.851155e-07 1.032463e-06
7.910000e-10 6.816352e-07 1.027246e-06
7.915000e-10 6.781723e-07 1.022055e-06
7.920000e-10 6.747267e-07 1.016890e-06
7.925000e-10 6.712983e-07 1.011750e-06
7.930000e-10 6.678871e-07 1.006636e-06
7.935000e-10 6.644929e-07 1.001547e-06
7.940000e-10 6.611157e-07 9.964838e-07
7.945000e-10 6.577553e-07 9.914454e-07
7.950000e-10 6.544118e-07 9.864321e-07
7.955000e-10 6.510850e-07 9.814437e-07
7.960000e-10 6.477748e-07 9.764800e-07
7.965000e-10 6.444812e-07 9.715410e-07
7.970000e-10 6.412041e-07 9.666265e-07
7.975000e-10 6.379434e-07 9.617364e-07
7.980000e-10 6.346989e-07 9.568706e-07
7.985000e-10 6.314707e-07 9.520290e-07
7.990000e-10 6.282587e-07 9.472114e-07
7.995000e-10 6.250628e-07 9.424178e-07
8.000000e-10 6.218828e-07 9.376480e-07
8.005000e-10 6.187188e-07 9.329019e-07
8.010000e-10 6.155706e-07 9.281794e-07
8.015000e-10 6.124382e-07 9.234803e-07
8.020000e-10 6.093215e-07 9.188047e-07
8.025000e-10 6.062204e-07 9.141523e-07
8.030000e-10 6.031348e-07 9.095230e-07
8.035000e-10 6.000647e-07 9.049168e-07
8.040000e-10 5.970099e-07 9.003335e-07
8.045000e-10 5.939705e-07 8.957730e-07
8.050000e-10 5.909463e-07 8.912352e-07
8.055000e-10 5.879373e-07 8.867199e-07
8.060000e-10 5.849433e-07 8.822272e-07
8.065000e-10 5.819644e-07 8.777568e-07
8.070000e-10 5.790004e-07 8.733087e-07
8.075000e-10 5.760512e-07 8.688827e-07
8.080000e-10 5.731169e-07 8.644787e-07
8.085000e-10 5.701972e-07 8.600967e-07
8.090000e-10 5.672923e-07 8.557366e-07
8.095000e-10 5.644018e-07 8.513981e-07
8.100000e-10 5.615259e-07 8.470813e-07
8.105000e-10 5.586645e-07 8.427859e-07
8.110000e-10 5.558173e-07 8.385120e-07
8.115000e-10 5.529845e-07 8.342594e-07
8.120000e-10 5.501659e-07 8.300280e-07
8.125000e-10 5.473614e-07 8.258177e-07
8.130000e-10 5.445711e-07 8.216284e-07
8.135000e-10 5.417947e-07 8.174599e-07
8.140000e-10 5.390323e-07 8.133123e-07
8.145000e-10 5.362837e-07 8.091853e-07
8.150000e-10 5.335490e-07 8.050790e-07
8.155000e-10 5.308279e-07 8.009931e-07
8.160000e-10 5.281206e-07 7.969276e-07
8.165000e-10 5.254269e-07 7.928824e-07
8.170000e-10 5.227467e-07 7.888574e-07
8.175000e-10 5.200799e-07 7.848525e-07
8.180000e-10 5.174266e-07 7.808675e-07
8.185000e-10 5.147866e-07 7.769025e-07
8.190000e-10 5.121599e-07 7.729573e-07
8.195000e-10 5.095464e-07 7.690318e-07
8.200000e-10 5.069460e-07 7.651259e-07
8.205000e-10 5.043587e-07 7.612394e-07
8.210000e-10 5.017844e-07 7.573725e-07
8.215000e-10 4.992231e-07 7.535248e-07
8.220000e-10 4.966746e-07 7.496963e-07
8.225000e-10 4.941390e-07 7.458870e-07
8.230000e-10 4.916161e-07 7.420968e-07
8.235000e-10 4.891059e-07 7.383254e-07
8.240000e-10 4.866084e-07 7.345730e-07
8.245000e-10 4.841234e-07 7.308393e-07
8.250000e-10 4.816509e-07 7.271242e-07
8.255000e-10 4.791909e-07 7.234278e-07
8.260000e-10 4.767432e-07 7.197498e-07
8.265000e-10 4.743079e-07 7.160902e-07
8.270000e-10 4.718848e-07 7.124490e-07
8.275000e-10 4.694740e-07 7.088259e-07
8.280000e-10 4.670753e-07 7.052210e-07
8.285000e-10 4.646886e-07 7.016342e-07
8.290000e-10 4.623140e-07 6.980652e-07
8.295000e-10 4.599514e-07 6.945142e-07
8.300000e-10 4.576006e-07 6.909809e-07
8.305000e-10 4.552617e-07 6.874653e-07
8.310000e-10 4.529346e-07 6.839674e-07
8.315000e-10 4.506192e-07 6.804869e-07
8.320000e-10 4.483155e-07 6.770239e-07
8.325000e-10 4.460234e-07 6.735782e-07
8.330000e-10 4.437429e-07 6.701498e-07
8.335000e-10 4.414738e-07 6.667385e-07
8.340000e-10 4.392162e-07 6.633444e-07
8.345000e-10 4.369700e-07 6.599672e-07
8.350000e-10 4.347351e-07 6.566070e-07
8.355000e-10 4.325114e-07 6.532636e-07
8.360000e-10 4.302990e-07 6.499370e-07
8.365000e-10 4.280978e-07 6.466271e-07
8.370000e-10 4.259076e-07 6.433337e-07
8.375000e-10 4.237286e-07 6.400569e-07
8.380000e-10 4.215605e-07 6.367965e-07
8.385000e-10 4.194033e-07 6.335525e-07
8.390000e-10 4.172570e-07 6.303247e-07
8.395000e-10 4.151216e-07 6.271132e-07
8.400000e-10 4.129970e-07 6.239177e-07
8.405000e-10 4.108830e-07 6.207383e-07
8.410000e-10 4.087798e-07 6.175748e-07
8.415000e-10 4.066871e-07 6.144272e-07
8.420000e-10 4.046051e-07 6.112954e-07
8.425000e-10 4.025335e-07 6.081794e-07
8.430000e-10 4.004724e-07 6.050790e-07
8.435000e-10 3.984218e-07 6.019941e-07
8.440000e-10 3.963815e-07 5.989247e-07
8.445000e-10 3.943515e-07 5.958708e-07
8.450000e-10 3.923317e-07 5.928322e-07
8.455000e-10 3.903222e-07 5.898088e-07
8.460000e-10 3.883228e-07 5.868007e-07
8.465000e-10 3.863335e-07 5.838076e-07
8.470000e-10 3.843543e-07 5.808296e-07
8.475000e-10 3.823851e-07 5.778666e-07
8.480000e-10 3.804258e-07 5.749184e-07
8.485000e-10 3.784764e-07 5.719851e-07
8.490000e-10 3.765369e-07 5.690665e-07
8.495000e-10 3.746072e-07 5.661626e-07
8.500000e-10 3.726873e-07 5.632733e-07
8.505000e-10 3.707771e-07 5.603986e-07
8.510000e-10 3.688765e-07 5.575382e-07
8.515000e-10 3.669856e-07 5.546923e-07
8.520000e-10 3.651042e-07 5.518607e-07
8.525000e-10 3.632323e-07 5.490433e-07
8.530000e-10 3.613700e-07 5.462401e-07
8.535000e-10 3.595170e-07 5.434510e-07
8.540000e-10 3.576734e-07 5.406760e-07
8.545000e-10 3.558392e-07 5.379149e-07
8.550000e-10 3.540142e-07 5.351677e-07
8.555000e-10 3.521985e-07 5.324343e-07
8.560000e-10 3.503919e-07 5.297147e-07
8.565000e-10 3.485946e-07 5.270088e-07
8.570000e-10 3.468063e-07 5.243165e-07
8.575000e-10 3.450270e-07 5.216378e-07
8.580000e-10 3.432568e-07 5.189725e-07
8.585000e-10 3.414956e-07 5.163207e-07
8.590000e-10 3.397433e-07 5.136822e-07
8.595000e-10 3.379998e-07 5.110571e-07
8.600000e-10 3.362652e-07 5.084451e-07
8.605000e-10 3.345394e-07 5.058464e-07
8.610000e-10 3.328223e-07 5.032607e-07
8.615000e-10 3.311139e-07 5.006880e-07
8.620000e-10 3.294142e-07 4.981283e-07
8.625000e-10 3.277231e-07 4.955816e-07
8.630000e-10 3.260406e-07 4.930476e-07
8.635000e-10 3.243666e-07 4.905264e-07
8.640000e-10 3.227010e-07 4.880180e-07
8.645000e-10 3.210440e-07 4.855222e-07
8.650000e-10 3.193953e-07 4.830390e-07
8.655000e-10 3.177550e-07 4.805683e-07
8.660000e-10 3.161230e-07 4.781100e-07
8.665000e-10 3.144993e-07 4.756642e-07
8.670000e-10 3.128838e-07 4.732307e-07
8.675000e-10 3.112766e-07 4.708095e-07
8.680000e-10 3.096775e-07 4.684005e-07
8.685000e-10 3.080865e-07 4.660037e-07
8.690000e-10 3.065035e-07 4.636189e-07
8.695000e-10 3.049286e-07 4.612462e-07
8.700000e-10 3.033617e-07 4.588855e-07
8.705000e-10 3.018028e-07 4.565367e-07
8.710000e-10 3.002517e-07 4.541998e-07
8.715000e-10 2.987086e-07 4.518746e-07
8.720000e-10 2.971732e-07 4.495612e-07
8.725000e-10 2.956457e-07 4.472595e-07
8.730000e-10 2.941259e-07 4.449694e-07
8.735000e-10 2.926139e-07 4.426909e-07
8.740000e-10 2.911095e-07 4.404238e-07
8.745000e-10 2.896128e-07 4.381683e-07
8.750000e-10 2.881236e-07 4.359241e-07
8.755000e-10 2.866421e-07 4.336913e-07
8.760000e-10 2.851680e-07 4.314698e-07
8.765000e-10 2.837015e-07 4.292594e-07
8.770000e-10 2.822424e-07 4.270603e-07
8.775000e-10 2.807907e-07 4.248723e-07
8.780000e-10 2.793464e-07 4.226953e-07
8.785000e-10 2.779094e-07 4.205294e-07
8.790000e-10 2.764797e-07 4.183744e-07
8.795000e-10 2.750573e-07 4.162303e-07
8.800000e-10 2.736422e-07 4.140970e-07
8.805000e-10 2.722342e-07 4.119745e-07
8.810000e-10 2.708334e-07 4.098628e-07
8.815000e-10 2.694397e-07 4.077618e-07
8.820000e-10 2.680531e-07 4.056713e-07
8.825000e-10 2.666736e-07 4.035915e-07
8.830000e-10 2.653010e-07 4.015222e-07
8.835000e-10 2.639355e-07 3.994633e-07
8.840000e-10 2.625769e-07 3.974149e-07
8.845000e-10 2.612252e-07 3.953769e-07
8.850000e-10 2.598804e-07 3.933491e-07
8.855000e-10 2.585424e-07 3.913316e-07
8.860000e-10 2.572113e-07 3.893244e-07
8.865000e-10 2.558869e-07 3.873273e-07
8.870000e-10 2.545692e-07 3.853403e-07
8.875000e-10 2.532583e-07 3.833634e-07
8.880000e-10 2.519540e-07 3.813965e-07
8.885000e-10 2.506564e-07 3.794395e-07
8.890000e-10 2.493654e-07 3.774925e-07
8.895000e-10 2.480809e-07 3.755553e-07
8.900000e-10 2.468030e-07 3.736280e-07
8.905000e-10 2.455316e-07 3.717104e-07
8.910000e-10 2.442667e-07 3.698025e-07
8.915000e-10 2.430082e-07 3.679043e-07
8.920000e-10 2.417562e-07 3.660158e-07
8.925000e-10 2.405105e-07 3.641368e-07
8.930000e-10 2.392711e-07 3.622673e-07
8.935000e-10 2.380381e-07 3.604073e-07
8.940000e-10 2.368114e-07 3.585567e-07
8.945000e-10 2.355909e-07 3.567155e-07
8.950000e-10 2.343766e-07 3.548837e-07
8.955000e-10 2.331685e-07 3.530611e-07
8.960000e-10 2.319666e-07 3.512478e-07
8.965000e-10 2.307708e-07 3.494437e-07
8.970000e-10 2.295811e-07 3.476487e-07
8.975000e-10 2.283974e-07 3.458629e-07
8.980000e-10 2.272198e-07 3.440861e-07
8.985000e-10 2.260482e-07 3.423183e-07
8.990000e-10 2.248826e-07 3.405595e-07
8.995000e-10 2.237229e-07 3.388096e-07
9.000000e-10 2.225691e-07 3.370686e-07
9.005000e-10 2.214212e-07 3.353364e-07
9.010000e-10 2.202792e-07 3.336130e-07
9.015000e-10 2.191430e-07 3.318984e-07
9.020000e-10 2.180126e-07 3.301925e-07
9.025000e-10 2.168879e-07 3.284952e-07
9.030000e-10 2.157690e-07 3.268066e-07
9.035000e-10 2.146558e-07 3.251265e-07
9.040000e-10 2.135483e-07 3.234550e-07
9.045000e-10 2.124464e-07 3.217920e-07
9.050000e-10 2.113502e-07 3.201374e-07
9.055000e-10 2.102595e-07 3.184912e-07
9.060000e-10 2.091745e-07 3.168533e-07
9.065000e-10 2.080949e-07 3.152238e-07
9.070000e-10 2.070209e-07 3.136026e-07
9.075000e-10 2.059524e-07 3.119896e-07
9.080000e-10 2.048893e-07 3.103849e-07
9.085000e-10 2.038316e-07 3.087882e-07
9.090000e-10 2.027794e-07 3.071997e-07
9.095000e-10 2.017325e-07 3.056193e-07
9.100000e-10 2.006909e-07 3.040469e-07
9.105000e-10 1.996547e-07 3.024825e-07
9.110000e-10 1.986238e-07 3.009260e-07
9.115000e-10 1.975981e-07 2.993775e-07
9.120000e-10 1.965777e-07 2.978368e-07
9.125000e-10 1.955625e-07 2.963040e-07
9.130000e-10 1.945525e-07 2.947789e-07
9.135000e-10 1.935476e-07 2.932617e-07
9.140000e-10 1.925479e-07 2.917521e-07
9.145000e-10 1.915533e-07 2.902502e-07
9.150000e-10 1.905638e-07 2.887560e-07
9.155000e-10 1.895793e-07 2.872694e-07
9.160000e-10 1.885999e-07 2.857903e-07
9.165000e-10 1.876255e-07 2.843188e-07
9.170000e-10 1.866560e-07 2.828547e-07
9.175000e-10 1.856915e-07 2.813981e-07
9.180000e-10 1.847320e-07 2.799489e-07
9.185000e-10 1.837773e-07 2.785071e-07
9.190000e-10 1.828275e-07 2.770727e-07
9.195000e-10 1.818826e-07 2.756455e-07
9.200000e-10 1.809425e-07 2.742256e-07
9.205000e-10 1.800073e-07 2.728129e-07
9.210000e-10 1.790768e-07 2.714075e-07
9.215000e-10 1.781511e-07 2.700092e-07
9.220000e-10 1.772301e-07 2.686180e-07
9.225000e-10 1.763138e-07 2.672339e-07
9.230000e-10 1.754022e-07 2.658568e-07
9.235000e-10 1.744953e-07 2.644868e-07
9.240000e-10 1.735930e-07 2.631237e-07
9.245000e-10 1.726953e-07 2.617676e-07
9.250000e-10 1.718023e-07 2.604184e-07
9.255000e-10 1.709138e-07 2.590761e-07
9.260000e-10 1.700298e-07 2.577406e-07
9.265000e-10 1.691504e-07 2.564120e-07
9.270000e-10 1.682755e-07 2.550901e-07
9.275000e-10 1.674050e-07 2.537749e-07
9.280000e-10 1.665391e-07 2.524664e-07
9.285000e-10 1.656775e-07 2.511647e-07
9.290000e-10 1.648204e-07 2.498695e-07
9.295000e-10 1.639676e-07 2.485810e-07
9.300000e-10 1.631192e-07 2.472990e-07
9.305000e-10 1.622752e-07 2.460236e-07
9.310000e-10 1.614355e-07 2.447546e-07
9.315000e-10 1.606001e-07 2.434922e-07
9.320000e-10 1.597690e-07 2.422362e-07
9.325000e-10 1.589421e-07 2.409866e-07
9.330000e-10 1.581195e-07 2.397433e-07
9.335000e-10 1.573010e-07 2.385065e-07
9.340000e-10 1.564868e-07 2.372759e-07
9.345000e-10 1.556768e-07 2.360516e-07
9.350000e-10 1.548709e-07 2.348335e-07
9.355000e-10 1.540691e-07 2.336217e-07
9.360000e-10 1.532714e-07 2.324161e-07
9.365000e-10 1.524779e-07 2.312166e-07
9.370000e-10 1.516884e-07 2.300232e-07
9.375000e-10 1.509029e-07 2.288360e-07
9.380000e-10 1.501215e-07 2.276547e-07
9.385000e-10 1.493441e-07 2.264796e-07
9.390000e-10 1.485706e-07 2.253104e-07
9.395000e-10 1.478012e-07 2.241472e-07
9.400000e-10 1.470357e-07 2.229899e-07
9.405000e-10 1.462741e-07 2.218386e-07
9.410000e-10 1.455164e-07 2.206931e-07
9.415000e-10 1.447626e-07 2.195535e-07
9.420000e-10 1.440126e-07 2.184197e-07
9.425000e-10 1.432666e-07 2.172917e-07
9.430000e-10 1.425243e-07 2.161694e-07
9.435000e-10 1.417859e-07 2.150529e-07
9.440000e-10 1.410512e-07 2.139421e-07
9.445000e-10 1.403203e-07 2.128370e-07
9.450000e-10 1.395932e-07 2.117375e-07
9.455000e-10 1.388698e-07 2.106437e-07
9.460000e-10 1.381501e-07 2.095554e-07
9.465000e-10 1.374341e-07 2.084727e-07
9.470000e-10 1.367218e-07 2.073956e-07
9.475000e-10 1.360131e-07 2.063239e-07
9.480000e-10 1.353081e-07 2.052577e-07
9.485000e-10 1.346067e-07 2.041970e-07
9.490000e-10 1.339089e-07 2.031417e-07
9.495000e-10 1.332146e-07 2.020918e-07
9.500000e-10 1.325240e-07 2.010473e-07
9.505000e-10 1.318369e-07 2.000081e-07
9.510000e-10 1.311533e-07 1.989742e-07
9.515000e-10 1.304732e-07 1.979456e-07
9.520000e-10 1.297966e-07 1.969223e-07
9.525000e-10 1.291235e-07 1.959042e-07
9.530000e-10 1.284539e-07 1.948913e-07
9.535000e-10 1.277877e-07 1.938837e-07
9.540000e-10 1.271249e-07 1.928811e-07
9.545000e-10 1.264655e-07 1.918837e-07
9.550000e-10 1.258095e-07 1.908914e-07
9.555000e-10 1.251569e-07 1.899042e-07
9.560000e-10 1.245077e-07 1.889220e-07
9.565000e-10 1.238618e-07 1.879449e-07
9.570000e-10 1.232191e-07 1.869728e-07
9.575000e-10 1.225798e-07 1.860056e-07
9.580000e-10 1.219438e-07 1.850434e-07
9.585000e-10 1.213111e-07 1.840861e-07
9.590000e-10 1.206816e-07 1.831337e-07
9.595000e-10 1.200553e-07 1.821862e-07
9.600000e-10 1.194323e-07 1.812436e-07
9.605000e-10 1.188125e-07 1.803058e-07
9.610000e-10 1.181958e-07 1.793728e-07
9.615000e-10 1.175824e-07 1.784445e-07
9.620000e-10 1.169721e-07 1.775211e-07
9.625000e-10 1.163649e-07 1.766023e-07
9.630000e-10 1.157608e-07 1.756883e-07
9.635000e-10 1.151599e-07 1.747789e-07
9.640000e-10 1.145620e-07 1.738742e-07
9.645000e-10 1.139672e-07 1.729742e-07
9.650000e-10 1.133755e-07 1.720787e-07
9.655000e-10 1.127868e-07 1.711879e-07
9.660000e-10 1.122012e-07 1.703016e-07
9.665000e-10 1.116186e-07 1.694199e-07
9.670000e-10 1.110389e-07 1.685426e-07
9.675000e-10 1.104623e-07 1.676699e-07
9.680000e-10 1.098886e-07 1.668017e-07
9.685000e-10 1.093179e-07 1.659379e-07
9.690000e-10 1.087501e-07 1.650785e-07
9.695000e-10 1.081852e-07 1.642235e-07
9.700000e-10 1.076232e-07 1.633729e-07
9.705000e-10 1.070642e-07 1.625267e-07
9.710000e-10 1.065080e-07 1.616849e-07
9.715000e-10 1.059547e-07 1.608473e-07
9.720000e-10 1.054042e-07 1.600141e-07
9.725000e-10 1.048565e-07 1.591851e-07
9.730000e-10 1.043117e-07 1.583603e-07
9.735000e-10 1.037697e-07 1.575398e-07
9.740000e-10 1.032305e-07 1.567236e-07
9.745000e-10 1.026940e-07 1.559115e-07
9.750000e-10 1.021604e-07 1.551035e-07
9.755000e-10 1.016294e-07 1.542997e-07
9.760000e-10 1.011012e-07 1.535001e-07
9.765000e-10 1.005758e-07 1.527045e-07
9.770000e-10 1.000530e-07 1.519131e-07
9.775000e-10 9.953291e-08 1.511257e-07
9.780000e-10 9.901551e-08 1.503423e-07
9.785000e-10 9.850078e-08 1.495630e-07
9.790000e-10 9.798871e-08 1.487876e-07
9.795000e-10 9.747927e-08 1.480163e-07
9.800000e-10 9.697246e-08 1.472489e-07
9.805000e-10 9.646826e-08 1.464854e-07
9.810000e-10 9.596666e-08 1.457259e-07
9.815000e-10 9.546764e-08 1.449702e-07
9.820000e-10 9.497120e-08 1.442185e-07
9.825000e-10 9.447732e-08 1.434706e-07
9.830000e-10 9.398598e-08 1.427265e-07
9.835000e-10 9.349718e-08 1.419863e-07
9.840000e-10 9.301090e-08 1.412499e-07
9.845000e-10 9.252712e-08 1.405173e-07
9.850000e-10 9.204584e-08 1.397884e-07
9.855000e-10 9.156705e-08 1.390633e-07
9.860000e-10 9.109072e-08 1.383419e-07
9.865000e-10 9.061685e-08 1.376242e-07
9.870000e-10 9.014542e-08 1.369102e-07
9.875000e-10 8.967643e-08 1.361998e-07
9.880000e-10 8.920985e-08 1.354932e-07
9.885000e-10 8.874568e-08 1.347901e-07
9.890000e-10 8.828391e-08 1.340907e-07
9.895000e-10 8.782452e-08 1.333948e-07
9.900000e-10 8.736750e-08 1.327026e-07
9.905000e-10 8.691284e-08 1.320139e-07
9.910000e-10 8.646052e-08 1.313287e-07
9.915000e-10 8.601054e-08 1.306471e-07
9.920000e-10 8.556288e-08 1.299689e-07
9.925000e-10 8.511753e-08 1.292943e-07
9.930000e-10 8.467448e-08 1.286231e-07
9.935000e-10 8.423372e-08 1.279554e-07
9.940000e-10 8.379523e-08 1.272911e-07
9.945000e-10 8.335901e-08 1.266303e-07
9.950000e-10 8.292504e-08 1.259728e-07
9.955000e-10 8.249331e-08 1.253187e-07
9.960000e-10 8.206381e-08 1.246680e-07
9.965000e-10 8.163653e-08 1.240206e-07
9.970000e-10 8.121145e-08 1.233766e-07
9.975000e-10 8.078857e-08 1.227359e-07
9.980000e-10 8.036787e-08 1.220984e-07
9.985000e-10 7.994934e-08 1.214643e-07
9.990000e-10 7.953298e-08 1.208334e-07
9.995000e-10 7.911877e-08 1.202058e-07
1.000000e-09 7.870670e-08 1.195814e-07
1.000500e-09 7.829675e-08 1.189602e-07
1.001000e-09 7.788893e-08 1.183422e-07
1.001500e-09 7.748321e-08 1.177274e-07
1.002000e-09 7.707959e-08 1.171158e-07
1.002500e-09 7.667805e-08 1.165073e-07
1.003000e-09 7.627859e-08 1.159019e-07
1.003500e-09 7.588119e-08 1.152997e-07
1.004000e-09 7.548584e-08 1.147005e-07
1.004500e-09 7.509254e-08 1.141045e-07
1.005000e-09 7.470128e-08 1.135115e-07
1.005500e-09 7.431203e-08 1.129216e-07
1.006000e-09 7.392480e-08 1.123347e-07
1.006500e-09 7.353956e-08 1.117508e-07
1.007000e-09 7.315632e-08 1.111700e-07
1.007500e-09 7.277507e-08 1.105921e-07
1.008000e-09 7.239578e-08 1.100172e-07
1.008500e-09 7.201845e-08 1.094453e-07
1.009000e-09 7.164307e-08 1.088763e-07
1.009500e-09 7.126964e-08 1.083103e-07
1.010000e-09 7.089814e-08 1.077472e-07
1.010500e-09 7.052855e-08 1.071870e-07
1.011000e-09 7.016088e-08 1.066296e-07
1.011500e-09 6.979511e-08 1.060752e-07
1.012000e-09 6.943124e-08 1.055236e-07
1.012500e-09 6.906924e-08 1.049748e-07
1.013000e-09 6.870912e-08 1.044289e-07
1.013500e-09 6.835086e-08 1.038858e-07
1.014000e-09 6.799445e-08 1.033454e-07
1.014500e-09 6.763989e-08 1.028079e-07
1.015000e-09 6.728716e-08 1.022732e-07
1.015500e-09 6.693626e-08 1.017412e-07
1.016000e-09 6.658717e-08 1.012119e-07
1.016500e-09 6.623989e-08 1.006854e-07
1.017000e-09 6.589441e-08 1.001616e-07
1.017500e-09 6.555071e-08 9.964047e-08
1.018000e-09 6.520879e-08 9.912206e-08
1.018500e-09 6.486865e-08 9.860631e-08
1.019000e-09 6.453026e-08 9.809323e-08
1.019500e-09 6.419363e-08 9.758280e-08
1.020000e-09 6.385873e-08 9.707500e-08
1.020500e-09 6.352557e-08 9.656982e-08
1.021000e-09 6.319414e-08 9.606725e-08
1.021500e-09 6.286442e-08 9.556727e-08
1.022000e-09 6.253641e-08 9.506987e-08
1.022500e-09 6.221010e-08 9.457504e-08
1.023000e-09 6.188548e-08 9.408276e-08
1.023500e-09 6.156254e-08 9.359302e-08
1.024000e-09 6.124127e-08 9.310582e-08
1.024500e-09 6.092166e-08 9.262112e-08
1.025000e-09 6.060371e-08 9.213893e-08
1.025500e-09 6.028741e-08 9.165923e-08
1.026000e-09 5.997274e-08 9.118201e-08
1.026500e-09 5.965971e-08 9.070725e-08
1.027000e-09 5.934830e-08 9.023494e-08
1.027500e-09 5.903850e-08 8.976507e-08
1.028000e-09 5.873030e-08 8.929763e-08
1.028500e-09 5.842370e-08 8.883261e-08
1.029000e-09 5.811869e-08 8.836998e-08
1.029500e-09 5.781526e-08 8.790974e-08
1.030000e-09 5.751341e-08 8.745189e-08
1.030500e-09 5.721312e-08 8.699639e-08
1.031000e-09 5.691438e-08 8.654325e-08
1.031500e-09 5.661719e-08 8.609245e-08
1.032000e-09 5.632154e-08 8.564398e-08
1.032500e-09 5.602743e-08 8.519783e-08
1.033000e-09 5.573484e-08 8.475399e-08
1.033500e-09 5.544376e-08 8.431243e-08
1.034000e-09 5.515420e-08 8.387316e-08
1.034500e-09 5.486613e-08 8.343616e-08
1.035000e-09 5.457956e-08 8.300142e-08
1.035500e-09 5.429448e-08 8.256892e-08
1.036000e-09 5.401087e-08 8.213866e-08
1.036500e-09 5.372873e-08 8.171063e-08
1.037000e-09 5.344806e-08 8.128480e-08
1.037500e-09 5.316884e-08 8.086118e-08
1.038000e-09 5.289107e-08 8.043975e-08
1.038500e-09 5.261474e-08 8.002050e-08
1.039000e-09 5.233985e-08 7.960342e-08
1.039500e-09 5.206638e-08 7.918849e-08
1.040000e-09 5.179432e-08 7.877571e-08
1.040500e-09 5.152368e-08 7.836506e-08
1.041000e-09 5.125445e-08 7.795654e-08
1.041500e-09 5.098661e-08 7.755013e-08
1.042000e-09 5.072015e-08 7.714582e-08
1.042500e-09 5.045509e-08 7.674360e-08
1.043000e-09 5.019139e-08 7.634346e-08
1.043500e-09 4.992907e-08 7.594540e-08
1.044000e-09 4.966810e-08 7.554939e-08
1.044500e-09 4.940850e-08 7.515543e-08
1.045000e-09 4.915023e-08 7.476351e-08
1.045500e-09 4.889331e-08 7.437362e-08
1.046000e-09 4.863772e-08 7.398574e-08
1.046500e-09 4.838346e-08 7.359988e-08
1.047000e-09 4.813052e-08 7.321601e-08
1.047500e-09 4.787889e-08 7.283412e-08
1.048000e-09 4.762856e-08 7.245421e-08
1.048500e-09 4.737954e-08 7.207627e-08
1.049000e-09 4.713181e-08 7.170029e-08
1.049500e-09 4.688536e-08 7.132625e-08
1.050000e-09 4.664020e-08 7.095415e-08
1.050500e-09 4.639631e-08 7.058397e-08
1.051000e-09 4.615368e-08 7.021571e-08
1.051500e-09 4.591231e-08 6.984936e-08
1.052000e-09 4.567220e-08 6.948490e-08
1.052500e-09 4.543333e-08 6.912233e-08
1.053000e-09 4.519571e-08 6.876164e-08
1.053500e-09 4.495932e-08 6.840282e-08
1.054000e-09 4.472415e-08 6.804585e-08
1.054500e-09 4.449021e-08 6.769074e-08
1.055000e-09 4.425748e-08 6.733746e-08
1.055500e-09 4.402596e-08 6.698601e-08
1.056000e-09 4.379565e-08 6.663638e-08
1.056500e-09 4.356653e-08 6.628857e-08
1.057000e-09 4.333860e-08 6.594255e-08
1.057500e-09 4.311186e-08 6.559833e-08
1.058000e-09 4.288629e-08 6.525589e-08
1.058500e-09 4.266189e-08 6.491523e-08
1.059000e-09 4.243867e-08 6.457633e-08
1.059500e-09 4.221660e-08 6.423918e-08
1.060000e-09 4.199568e-08 6.390379e-08
1.060500e-09 4.177592e-08 6.357013e-08
1.061000e-09 4.155729e-08 6.323820e-08
1.061500e-09 4.133980e-08 6.290799e-08
1.062000e-09 4.112344e-08 6.257949e-08
1.062500e-09 4.090821e-08 6.225270e-08
1.063000e-09 4.069410e-08 6.192760e-08
1.063500e-09 4.048110e-08 6.160418e-08
1.064000e-09 4.026920e-08 6.128244e-08
1.064500e-09 4.005841e-08 6.096237e-08
1.065000e-09 3.984871e-08 6.064396e-08
1.065500e-09 3.964011e-08 6.032720e-08
1.066000e-09 3.943258e-08 6.001208e-08
1.066500e-09 3.922614e-08 5.969859e-08
1.067000e-09 3.902077e-08 5.938673e-08
1.067500e-09 3.881647e-08 5.907649e-08
1.068000e-09 3.861323e-08 5.876786e-08
1.068500e-09 3.841105e-08 5.846083e-08
1.069000e-09 3.820992e-08 5.815538e-08
1.069500e-09 3.800983e-08 5.785153e-08
1.070000e-09 3.781079e-08 5.754925e-08
1.070500e-09 3.761278e-08 5.724854e-08
1.071000e-09 3.741580e-08 5.694938e-08
1.071500e-09 3.721985e-08 5.665178e-08
1.072000e-09 3.702491e-08 5.635573e-08
1.072500e-09 3.683099e-08 5.606121e-08
1.073000e-09 3.663808e-08 5.576821e-08
1.073500e-09 3.644618e-08 5.547674e-08
1.074000e-09 3.625527e-08 5.518678e-08
1.074500e-09 3.606535e-08 5.489833e-08
1.075000e-09 3.587642e-08 5.461137e-08
1.075500e-09 3.568848e-08 5.432590e-08
1.076000e-09 3.550151e-08 5.404191e-08
1.076500e-09 3.531552e-08 5.375940e-08
1.077000e-09 3.513049e-08 5.347835e-08
1.077500e-09 3.494643e-08 5.319876e-08
1.078000e-09 3.476333e-08 5.292063e-08
1.078500e-09 3.458117e-08 5.264393e-08
1.079000e-09 3.439997e-08 5.236868e-08
1.079500e-09 3.421971e-08 5.209485e-08
1.080000e-09 3.404039e-08 5.182244e-08
1.080500e-09 3.386200e-08 5.155145e-08
1.081000e-09 3.368454e-08 5.128187e-08
1.081500e-09 3.350801e-08 5.101368e-08
1.082000e-09 3.333239e-08 5.074689e-08
1.082500e-09 3.315769e-08 5.048148e-08
1.083000e-09 3.298390e-08 5.021745e-08
1.083500e-09 3.281101e-08 4.995480e-08
1.084000e-09 3.263902e-08 4.969350e-08
1.084500e-09 3.246793e-08 4.943357e-08
1.085000e-09 3.229773e-08 4.917498e-08
1.085500e-09 3.212842e-08 4.891774e-08
1.086000e-09 3.195999e-08 4.866183e-08
1.086500e-09 3.179243e-08 4.840725e-08
1.087000e-09 3.162575e-08 4.815400e-08
1.087500e-09 3.145994e-08 4.790206e-08
1.088000e-09 3.129499e-08 4.765143e-08
1.088500e-09 3.113090e-08 4.740210e-08
1.089000e-09 3.096766e-08 4.715407e-08
1.089500e-09 3.080528e-08 4.690733e-08
1.090000e-09 3.064374e-08 4.666187e-08
1.090500e-09 3.048304e-08 4.641768e-08
1.091000e-09 3.032318e-08 4.617477e-08
1.091500e-09 3.016415e-08 4.593311e-08
1.092000e-09 3.000596e-08 4.569272e-08
1.092500e-09 2.984858e-08 4.545357e-08
1.093000e-09 2.969203e-08 4.521566e-08
1.093500e-09 2.953629e-08 4.497900e-08
1.094000e-09 2.938136e-08 4.474356e-08
1.094500e-09 2.922725e-08 4.450934e-08
1.095000e-09 2.907393e-08 4.427635e-08
1.095500e-09 2.892141e-08 4.404456e-08
1.096000e-09 2.876969e-08 4.381398e-08
1.096500e-09 2.861876e-08 4.358460e-08
1.097000e-09 2.846862e-08 4.335641e-08
1.097500e-09 2.831926e-08 4.312941e-08
1.098000e-09 2.817068e-08 4.290359e-08
1.098500e-09 2.802287e-08 4.267894e-08
1.099000e-09 2.787583e-08 4.245546e-08
1.099500e-09 2.772956e-08 4.223315e-08
1.100000e-09 2.758406e-08 4.201199e-08
1.100500e-09 2.743931e-08 4.179198e-08
1.101000e-09 2.729531e-08 4.157311e-08
1.101500e-09 2.715207e-08 4.135539e-08
1.102000e-09 2.700958e-08 4.113879e-08
1.102500e-09 2.686782e-08 4.092333e-08
1.103000e-09 2.672681e-08 4.070898e-08
1.103500e-09 2.658653e-08 4.049575e-08
1.104000e-09 2.644699e-08 4.028363e-08
1.104500e-09 2.630817e-08 4.007261e-08
1.105000e-09 2.617008e-08 3.986269e-08
1.105500e-09 2.603270e-08 3.965386e-08
1.106000e-09 2.589605e-08 3.944612e-08
1.106500e-09 2.576010e-08 3.923946e-08
1.107000e-09 2.562487e-08 3.903388e-08
1.107500e-09 2.549034e-08 3.882937e-08
1.108000e-09 2.535651e-08 3.862592e-08
1.108500e-09 2.522339e-08 3.842353e-08
1.109000e-09 2.509095e-08 3.822219e-08
1.109500e-09 2.495921e-08 3.802190e-08
1.110000e-09 2.482815e-08 3.782266e-08
1.110500e-09 2.469778e-08 3.762445e-08
1.111000e-09 2.456809e-08 3.742727e-08
1.111500e-09 2.443908e-08 3.723112e-08
1.112000e-09 2.431074e-08 3.703599e-08
1.112500e-09 2.418307e-08 3.684188e-08
1.113000e-09 2.405606e-08 3.664877e-08
1.113500e-09 2.392972e-08 3.645668e-08
1.114000e-09 2.380404e-08 3.626558e-08
1.114500e-09 2.367902e-08 3.607548e-08
1.115000e-09 2.355464e-08 3.588637e-08
1.115500e-09 2.343092e-08 3.569824e-08
1.116000e-09 2.330784e-08 3.551110e-08
1.116500e-09 2.318541e-08 3.532492e-08
1.117000e-09 2.306361e-08 3.513972e-08
1.117500e-09 2.294245e-08 3.495549e-08
1.118000e-09 2.282193e-08 3.477221e-08
1.118500e-09 2.270203e-08 3.458989e-08
1.119000e-09 2.258276e-08 3.440851e-08
1.119500e-09 2.246411e-08 3.422809e-08
1.120000e-09 2.234608e-08 3.404860e-08
1.120500e-09 2.222867e-08 3.387005e-08
1.121000e-09 2.211187e-08 3.369242e-08
1.121500e-09 2.199568e-08 3.351573e-08
1.122000e-09 2.188010e-08 3.333995e-08
1.122500e-09 2.176512e-08 3.316509e-08
1.123000e-09 2.165074e-08 3.299114e-08
1.123500e-09 2.153696e-08 3.281810e-08
1.124000e-09 2.142378e-08 3.264596e-08
1.124500e-09 2.131118e-08 3.247472e-08
1.125000e-09 2.119918e-08 3.230437e-08
1.125500e-09 2.108776e-08 3.213490e-08
1.126000e-09 2.097692e-08 3.196633e-08
1.126500e-09 2.086666e-08 3.179863e-08
1.127000e-09 2.075697e-08 3.163180e-08
1.127500e-09 2.064786e-08 3.146584e-08
1.128000e-09 2.053933e-08 3.130075e-08
1.128500e-09 2.043135e-08 3.113652e-08
1.129000e-09 2.032394e-08 3.097315e-08
1.129500e-09 2.021710e-08 3.081063e-08
1.130000e-09 2.011081e-08 3.064895e-08
1.130500e-09 2.000508e-08 3.048812e-08
1.131000e-09 1.989990e-08 3.032813e-08
1.131500e-09 1.979527e-08 3.016897e-08
1.132000e-09 1.969118e-08 3.001064e-08
1.132500e-09 1.958764e-08 2.985314e-08
1.133000e-09 1.948464e-08 2.969646e-08
1.133500e-09 1.938219e-08 2.954059e-08
1.134000e-09 1.928026e-08 2.938554e-08
1.134500e-09 1.917887e-08 2.923130e-08
1.135000e-09 1.907801e-08 2.907786e-08
1.135500e-09 1.897768e-08 2.892523e-08
1.136000e-09 1.887787e-08 2.877339e-08
1.136500e-09 1.877858e-08 2.862234e-08
1.137000e-09 1.867981e-08 2.847208e-08
1.137500e-09 1.858156e-08 2.832260e-08
1.138000e-09 1.848382e-08 2.817390e-08
1.138500e-09 1.838660e-08 2.802598e-08
1.139000e-09 1.828988e-08 2.787884e-08
1.139500e-09 1.819367e-08 2.773246e-08
1.140000e-09 1.809796e-08 2.758684e-08
1.140500e-09 1.800275e-08 2.744198e-08
1.141000e-09 1.790804e-08 2.729788e-08
1.141500e-09 1.781383e-08 2.715453e-08
1.142000e-09 1.772011e-08 2.701193e-08
1.142500e-09 1.762688e-08 2.687008e-08
1.143000e-09 1.753413e-08 2.672896e-08
1.143500e-09 1.744188e-08 2.658858e-08
1.144000e-09 1.735010e-08 2.644893e-08
1.144500e-09 1.725880e-08 2.631002e-08
1.145000e-09 1.716799e-08 2.617183e-08
1.145500e-09 1.707764e-08 2.603436e-08
1.146000e-09 1.698778e-08 2.589760e-08
1.146500e-09 1.689838e-08 2.576156e-08
1.147000e-09 1.680944e-08 2.562624e-08
1.147500e-09 1.672098e-08 2.549161e-08
1.148000e-09 1.663298e-08 2.535770e-08
1.148500e-09 1.654543e-08 2.522448e-08
1.149000e-09 1.645835e-08 2.509195e-08
1.149500e-09 1.637172e-08 2.496012e-08
1.150000e-09 1.628555e-08 2.482898e-08
1.150500e-09 1.619982e-08 2.469852e-08
1.151000e-09 1.611455e-08 2.456874e-08
1.151500e-09 1.602972e-08 2.443964e-08
1.152000e-09 1.594533e-08 2.431122e-08
1.152500e-09 1.586139e-08 2.418347e-08
1.153000e-09 1.577789e-08 2.405638e-08
1.153500e-09 1.569482e-08 2.392996e-08
1.154000e-09 1.561219e-08 2.380420e-08
1.154500e-09 1.552999e-08 2.367909e-08
1.155000e-09 1.544822e-08 2.355464e-08
1.155500e-09 1.536688e-08 2.343084e-08
1.156000e-09 1.528597e-08 2.330769e-08
1.156500e-09 1.520548e-08 2.318518e-08
1.157000e-09 1.512541e-08 2.306331e-08
1.157500e-09 1.504576e-08 2.294207e-08
1.158000e-09 1.496653e-08 2.282147e-08
1.158500e-09 1.488771e-08 2.270150e-08
1.159000e-09 1.480931e-08 2.258216e-08
1.159500e-09 1.473131e-08 2.246344e-08
1.160000e-09 1.465373e-08 2.234534e-08
1.160500e-09 1.457655e-08 2.222786e-08
1.161000e-09 1.449978e-08 2.211100e-08
1.161500e-09 1.442340e-08 2.199474e-08
1.162000e-09 1.434743e-08 2.187909e-08
1.162500e-09 1.427186e-08 2.176405e-08
1.163000e-09 1.419668e-08 2.164961e-08
1.163500e-09 1.412189e-08 2.153576e-08
1.164000e-09 1.404750e-08 2.142251e-08
1.164500e-09 1.397350e-08 2.130986e-08
1.165000e-09 1.389988e-08 2.119779e-08
1.165500e-09 1.382665e-08 2.108631e-08
1.166000e-09 1.375381e-08 2.097541e-08
1.166500e-09 1.368135e-08 2.086509e-08
1.167000e-09 1.360926e-08 2.075535e-08
1.167500e-09 1.353756e-08 2.064618e-08
1.168000e-09 1.346623e-08 2.053758e-08
1.168500e-09 1.339527e-08 2.042955e-08
1.169000e-09 1.332468e-08 2.032209e-08
1.169500e-09 1.325447e-08 2.021519e-08
1.170000e-09 1.318462e-08 2.010885e-08
1.170500e-09 1.311514e-08 2.000306e-08
1.171000e-09 1.304603e-08 1.989783e-08
1.171500e-09 1.297727e-08 1.979314e-08
1.172000e-09 1.290888e-08 1.968901e-08
1.172500e-09 1.284084e-08 1.958542e-08
1.173000e-09 1.277317e-08 1.948237e-08
1.173500e-09 1.270584e-08 1.937986e-08
1.174000e-09 1.263887e-08 1.927789e-08
1.174500e-09 1.257225e-08 1.917645e-08
1.175000e-09 1.250598e-08 1.907554e-08
1.175500e-09 1.244006e-08 1.897516e-08
1.176000e-09 1.237448e-08 1.887531e-08
1.176500e-09 1.230925e-08 1.877597e-08
1.177000e-09 1.224436e-08 1.867716e-08
1.177500e-09 1.217981e-08 1.857887e-08
1.178000e-09 1.211560e-08 1.848108e-08
1.178500e-09 1.205172e-08 1.838381e-08
1.179000e-09 1.198818e-08 1.828705e-08
1.179500e-09 1.192498e-08 1.819080e-08
1.180000e-09 1.186210e-08 1.809505e-08
1.180500e-09 1.179956e-08 1.799980e-08
1.181000e-09 1.173734e-08 1.790505e-08
1.181500e-09 1.167545e-08 1.781080e-08
1.182000e-09 1.161388e-08 1.771704e-08
1.182500e-09 1.155264e-08 1.762377e-08
1.183000e-09 1.149171e-08 1.753099e-08
1.183500e-09 1.143111e-08 1.743869e-08
1.184000e-09 1.137083e-08 1.734688e-08
1.184500e-09 1.131086e-08 1.725555e-08
1.185000e-09 1.125121e-08 1.716469e-08
1.185500e-09 1.119187e-08 1.707432e-08
1.186000e-09 1.113284e-08 1.698441e-08
1.186500e-09 1.107412e-08 1.689498e-08
1.187000e-09 1.101571e-08 1.680601e-08
1.187500e-09 1.095760e-08 1.671751e-08
1.188000e-09 1.089980e-08 1.662948e-08
1.188500e-09 1.084231e-08 1.654190e-08
1.189000e-09 1.078511e-08 1.645479e-08
1.189500e-09 1.072822e-08 1.636813e-08
1.190000e-09 1.067162e-08 1.628192e-08
1.190500e-09 1.061532e-08 1.619617e-08
1.191000e-09 1.055932e-08 1.611086e-08
1.191500e-09 1.050361e-08 1.602600e-08
1.192000e-09 1.044819e-08 1.594159e-08
1.192500e-09 1.039307e-08 1.585762e-08
1.193000e-09 1.033823e-08 1.577409e-08
1.193500e-09 1.028368e-08 1.569099e-08
1.194000e-09 1.022942e-08 1.560834e-08
1.194500e-09 1.017544e-08 1.552611e-08
1.195000e-09 1.012175e-08 1.544432e-08
1.195500e-09 1.006833e-08 1.536295e-08
1.196000e-09 1.001520e-08 1.528201e-08
1.196500e-09 9.962351e-09 1.520150e-08
1.197000e-09 9.909775e-09 1.512140e-08
1.197500e-09 9.857476e-09 1.504173e-08
1.198000e-09 9.805452e-09 1.496247e-08
1.198500e-09 9.753701e-09 1.488363e-08
1.199000e-09 9.702221e-09 1.480520e-08
1.199500e-09 9.651012e-09 1.472719e-08
1.200000e-09 9.600072e-09 1.464958e-08
