0.000000e+00 0 0
5.000000e-13 0 0
1.000000e-12 0 0
1.500000e-12 0 0
2.000000e-12 0 0
2.500000e-12 0 0
3.000000e-12 0 0
3.500000e-12 0 0
4.000000e-12 0 0
4.500000e-12 0 0
5.000000e-12 0 0
5.500000e-12 0 0
6.000000e-12 0 0
6.500000e-12 0 0
7.000000e-12 0 0
7.500000e-12 0 0
8.000000e-12 0 0
8.500000e-12 0 0
9.000000e-12 0 0
9.500000e-12 0 0
1.000000e-11 0 0
1.050000e-11 0 0
1.100000e-11 0 0
1.150000e-11 0 0
1.200000e-11 0 0
1.250000e-11 0 0
1.300000e-11 0 0
1.350000e-11 0 0
1.400000e-11 0 0
1.450000e-11 0 0
1.500000e-11 0 0
1.550000e-11 0 0
1.600000e-11 0 0
1.650000e-11 0 0
1.700000e-11 0 0
1.750000e-11 0 0
1.800000e-11 0 0
1.850000e-11 0 0
1.900000e-11 0 0
1.950000e-11 0 0
2.000000e-11 0 0
2.050000e-11 0 0
2.100000e-11 0 0
2.150000e-11 0 0
2.200000e-11 0 0
2.250000e-11 0 0
2.300000e-11 0 0
2.350000e-11 0 0
2.400000e-11 0 0
2.450000e-11 0 0
2.500000e-11 0 0
2.550000e-11 0 0
2.600000e-11 0 0
2.650000e-11 0 0
2.700000e-11 0 0
2.750000e-11 0 0
2.800000e-11 0 0
2.850000e-11 0 0
2.900000e-11 0 0
2.950000e-11 0 0
3.000000e-11 0 0
3.050000e-11 0 0
3.100000e-11 0 0
3.150000e-11 0 0
3.200000e-11 0 0
3.250000e-11 0 0
3.300000e-11 0 0
3.350000e-11 0 0
3.400000e-11 0 0
3.450000e-11 0 0
3.500000e-11 0 0
3.550000e-11 0 0
3.600000e-11 0 0
3.650000e-11 0 0
3.700000e-11 0 0
3.750000e-11 0 0
3.800000e-11 0 0
3.850000e-11 0 0
3.900000e-11 0 0
3.950000e-11 0 0
4.000000e-11 0 0
4.050000e-11 0 0
4.100000e-11 0 0
4.150000e-11 0 0
4.200000e-11 0 0
4.250000e-11 0 0
4.300000e-11 0 0
4.350000e-11 0 0
4.400000e-11 0 0
4.450000e-11 0 0
4.500000e-11 0 0
4.550000e-11 0 0
4.600000e-11 0 0
4.650000e-11 0 0
4.700000e-11 0 0
4.750000e-11 0 0
4.800000e-11 0 0
4.850000e-11 0 0
4.900000e-11 0 0
4.950000e-11 0 0
5.000000e-11 0 0
5.050000e-11 0 0
5.100000e-11 0 0
5.150000e-11 0 0
5.200000e-11 0 0
5.250000e-11 0 0
5.300000e-11 0 0
5.350000e-11 0 0
5.400000e-11 0 0
5.450000e-11 0 0
5.500000e-11 0 0
5.550000e-11 0 0
5.600000e-11 0 0
5.650000e-11 0 0
5.700000e-11 0 0
5.750000e-11 0 0
5.800000e-11 0 0
5.850000e-11 0 0
5.900000e-11 0 0
5.950000e-11 0 0
6.000000e-11 0 0
6.050000e-11 0 0
6.100000e-11 0 0
6.150000e-11 0 0
6.200000e-11 0 0
6.250000e-11 0 0
6.300000e-11 0 0
6.350000e-11 0 0
6.400000e-11 0 0
6.450000e-11 0 0
6.500000e-11 0 0
6.550000e-11 0 0
6.600000e-11 0 0
6.650000e-11 0 0
6.700000e-11 0 0
6.750000e-11 0 0
6.800000e-11 0 0
6.850000e-11 0 0
6.900000e-11 0 0
6.950000e-11 0 0
7.000000e-11 0 0
7.050000e-11 0 0
7.100000e-11 0 0
7.150000e-11 0 0
7.200000e-11 0 0
7.250000e-11 0 0
7.300000e-11 0 0
7.350000e-11 0 0
7.400000e-11 0 0
7.450000e-11 0 0
7.500000e-11 0 0
7.550000e-11 0 0
7.600000e-11 0 0
7.650000e-11 0 0
7.700000e-11 0 0
7.750000e-11 0 0
7.800000e-11 0 0
7.850000e-11 0 0
7.900000e-11 0 0
7.950000e-11 0 0
8.000000e-11 0 0
8.050000e-11 0 0
8.100000e-11 0 0
8.150000e-11 0 0
8.200000e-11 0 0
8.250000e-11 0 0
8.300000e-11 0 0
8.350000e-11 0 0
8.400000e-11 0 0
8.450000e-11 0 0
8.500000e-11 0 0
8.550000e-11 0 0
8.600000e-11 0 0
8.650000e-11 0 0
8.700000e-11 0 0
8.750000e-11 0 0
8.800000e-11 0 0
8.850000e-11 0 0
8.900000e-11 0 0
8.950000e-11 0 0
9.000000e-11 0 0
9.050000e-11 0 0
9.100000e-11 0 0
9.150000e-11 0 0
9.200000e-11 0 0
9.250000e-11 0 0
9.300000e-11 0 0
9.350000e-11 0 0
9.400000e-11 0 0
9.450000e-11 0 0
9.500000e-11 0 0
9.550000e-11 0 0
9.600000e-11 0 0
9.650000e-11 0 0
9.700000e-11 0 0
9.750000e-11 0 0
9.800000e-11 0 0
9.850000e-11 0 0
9.900000e-11 0 0
9.950000e-11 0 0
1.000000e-10 0 0
1.005000e-10 0 0
1.010000e-10 0 0
1.015000e-10 0 0
1.020000e-10 0 0
1.025000e-10 0 0
1.030000e-10 0 0
1.035000e-10 0 0
1.040000e-10 0 0
1.045000e-10 0 0
1.050000e-10 0 0
1.055000e-10 0 0
1.060000e-10 0 0
1.065000e-10 0 0
1.070000e-10 0 0
1.075000e-10 0 0
1.080000e-10 0 0
1.085000e-10 0 0
1.090000e-10 0 0
1.095000e-10 0 0
1.100000e-10 0 0
1.105000e-10 0 0
1.110000e-10 0 0
1.115000e-10 0 0
1.120000e-10 0 0
1.125000e-10 0 0
1.130000e-10 0 0
1.135000e-10 0 0
1.140000e-10 0 0
1.145000e-10 0 0
1.150000e-10 0 0
1.155000e-10 0 0
1.160000e-10 0 0
1.165000e-10 0 0
1.170000e-10 0 0
1.175000e-10 0 0
1.180000e-10 0 0
1.185000e-10 0 0
1.190000e-10 0 0
1.195000e-10 0 0
1.200000e-10 0 0
1.205000e-10 0 0
1.210000e-10 0 0
1.215000e-10 0 0
1.220000e-10 0 0
1.225000e-10 0 0
1.230000e-10 0 0
1.235000e-10 0 0
1.240000e-10 0 0
1.245000e-10 0 0
1.250000e-10 0 0
1.255000e-10 0 0
1.260000e-10 0 0
1.265000e-10 0 0
1.270000e-10 0 0
1.275000e-10 0 0
1.280000e-10 0 0
1.285000e-10 0 0
1.290000e-10 0 0
1.295000e-10 0 0
1.300000e-10 0 0
1.305000e-10 0 0
1.310000e-10 0 0
1.315000e-10 0 0
1.320000e-10 0 0
1.325000e-10 0 0
1.330000e-10 0 0
1.335000e-10 0 0
1.340000e-10 0 0
1.345000e-10 0 0
1.350000e-10 0 0
1.355000e-10 0 0
1.360000e-10 0 0
1.365000e-10 0 0
1.370000e-10 0 0
1.375000e-10 0 0
1.380000e-10 0 0
1.385000e-10 0 0
1.390000e-10 0 0
1.395000e-10 0 0
1.400000e-10 0 0
1.405000e-10 0 0
1.410000e-10 0 0
1.415000e-10 0 0
1.420000e-10 0 0
1.425000e-10 0 0
1.430000e-10 0 0
1.435000e-10 0 0
1.440000e-10 0 0
1.445000e-10 0 0
1.450000e-10 0 0
1.455000e-10 0 0
1.460000e-10 0 0
1.465000e-10 0 0
1.470000e-10 0 0
1.475000e-10 0 0
1.480000e-10 0 0
1.485000e-10 0 0
1.490000e-10 0 0
1.495000e-10 0 0
1.500000e-10 0 0
1.505000e-10 0 0
1.510000e-10 0 0
1.515000e-10 0 0
1.520000e-10 0 0
1.525000e-10 0 0
1.530000e-10 0 0
1.535000e-10 0 0
1.540000e-10 0 0
1.545000e-10 0 0
1.550000e-10 0 0
1.555000e-10 0 0
1.560000e-10 0 0
1.565000e-10 0 0
1.570000e-10 0 0
1.575000e-10 0 0
1.580000e-10 0 0
1.585000e-10 0 0
1.590000e-10 0 0
1.595000e-10 0 0
1.600000e-10 0 0
1.605000e-10 0 0
1.610000e-10 0 0
1.615000e-10 0 0
1.620000e-10 0 0
1.625000e-10 0 0
1.630000e-10 0 0
1.635000e-10 0 0
1.640000e-10 0 0
1.645000e-10 0 0
1.650000e-10 0 0
1.655000e-10 0 0
1.660000e-10 0 0
1.665000e-10 0 0
1.670000e-10 0 0
1.675000e-10 0 0
1.680000e-10 0 0
1.685000e-10 0 0
1.690000e-10 0 0
1.695000e-10 0 0
1.700000e-10 0 0
1.705000e-10 0 0
1.710000e-10 0 0
1.715000e-10 0 0
1.720000e-10 0 0
1.725000e-10 0 0
1.730000e-10 0 0
1.735000e-10 0 0
1.740000e-10 0 0
1.745000e-10 0 0
1.750000e-10 0 0
1.755000e-10 0 0
1.760000e-10 0 0
1.765000e-10 0 0
1.770000e-10 0 0
1.775000e-10 0 0
1.780000e-10 0 0
1.785000e-10 0 0
1.790000e-10 0 0
1.795000e-10 0 0
1.800000e-10 0 0
1.805000e-10 0 0
1.810000e-10 0 0
1.815000e-10 0 0
1.820000e-10 0 0
1.825000e-10 0 0
1.830000e-10 0 0
1.835000e-10 0 0
1.840000e-10 0 0
1.845000e-10 0 0
1.850000e-10 0 0
1.855000e-10 0 0
1.860000e-10 0 0
1.865000e-10 0 0
1.870000e-10 0 0
1.875000e-10 0 0
1.880000e-10 0 0
1.885000e-10 0 0
1.890000e-10 0 0
1.895000e-10 0 0
1.900000e-10 0 0
1.905000e-10 0 0
1.910000e-10 0 0
1.915000e-10 0 0
1.920000e-10 0 0
1.925000e-10 0 0
1.930000e-10 0 0
1.935000e-10 0 0
1.940000e-10 0 0
1.945000e-10 0 0
1.950000e-10 0 0
1.955000e-10 0 0
1.960000e-10 0 0
1.965000e-10 0 0
1.970000e-10 0 0
1.975000e-10 0 0
1.980000e-10 0 0
1.985000e-10 0 0
1.990000e-10 0 0
1.995000e-10 0 0
2.000000e-10 0 0
2.005000e-10 0 0
2.010000e-10 0 0
2.015000e-10 0 0
2.020000e-10 0 0
2.025000e-10 0 0
2.030000e-10 0 0
2.035000e-10 0 0
2.040000e-10 0 0
2.045000e-10 0 0
2.050000e-10 0 0
2.055000e-10 0 0
2.060000e-10 0 0
2.065000e-10 0 0
2.070000e-10 0 0
2.075000e-10 0 0
2.080000e-10 0 0
2.085000e-10 0 0
2.090000e-10 0 0
2.095000e-10 0 0
2.100000e-10 0 0
2.105000e-10 0 0
2.110000e-10 0 0
2.115000e-10 0 0
2.120000e-10 0 0
2.125000e-10 0 0
2.130000e-10 0 0
2.135000e-10 0 0
2.140000e-10 0 0
2.145000e-10 0 0
2.150000e-10 0 0
2.155000e-10 0 0
2.160000e-10 0 0
2.165000e-10 0 0
2.170000e-10 0 0
2.175000e-10 0 0
2.180000e-10 0 0
2.185000e-10 0 0
2.190000e-10 0 0
2.195000e-10 0 0
2.200000e-10 0 0
2.205000e-10 0 0
2.210000e-10 0 0
2.215000e-10 0 0
2.220000e-10 0 0
2.225000e-10 0 0
2.230000e-10 0 0
2.235000e-10 0 0
2.240000e-10 0 0
2.245000e-10 0 0
2.250000e-10 0 0
2.255000e-10 0 0
2.260000e-10 0 0
2.265000e-10 0 0
2.270000e-10 0 0
2.275000e-10 0 0
2.280000e-10 0 0
2.285000e-10 0 0
2.290000e-10 0 0
2.295000e-10 0 0
2.300000e-10 0 0
2.305000e-10 0 0
2.310000e-10 0 0
2.315000e-10 0 0
2.320000e-10 0 0
2.325000e-10 0 0
2.330000e-10 0 0
2.335000e-10 0 0
2.340000e-10 0 0
2.345000e-10 0 0
2.350000e-10 0 0
2.355000e-10 0 0
2.360000e-10 0 0
2.365000e-10 0 0
2.370000e-10 0 0
2.375000e-10 0 0
2.380000e-10 0 0
2.385000e-10 0 0
2.390000e-10 0 0
2.395000e-10 0 0
2.400000e-10 0 0
2.405000e-10 0 0
2.410000e-10 0 0
2.415000e-10 0 0
2.420000e-10 0 0
2.425000e-10 0 0
2.430000e-10 0 0
2.435000e-10 0 0
2.440000e-10 0 0
2.445000e-10 0 0
2.450000e-10 0 0
2.455000e-10 0 0
2.460000e-10 0 0
2.465000e-10 0 0
2.470000e-10 0 0
2.475000e-10 0 0
2.480000e-10 0 0
2.485000e-10 0 0
2.490000e-10 0 0
2.495000e-10 0 0
2.505000e-10 0.000000e+00 0
2.510000e-10 7.434530e-06 0
2.515000e-10 1.045576e-05 0
2.520000e-10 1.273470e-05 0
2.525000e-10 1.462330e-05 0
2.530000e-10 1.625876e-05 0
2.535000e-10 1.771191e-05 0
2.540000e-10 1.902506e-05 0
2.545000e-10 2.022597e-05 0
2.550000e-10 2.133403e-05 0
2.555000e-10 2.236345e-05 0
2.560000e-10 2.332504e-05 0
2.565000e-10 2.422724e-05 0
2.570000e-10 2.507681e-05 0
2.575000e-10 2.587926e-05 0
2.580000e-10 2.663917e-05 0
2.585000e-10 2.736039e-05 0
2.590000e-10 2.804620e-05 0
2.595000e-10 2.869942e-05 0
2.600000e-10 2.932249e-05 0
2.605000e-10 2.991757e-05 0
2.610000e-10 3.048655e-05 0
2.615000e-10 3.103110e-05 0
2.620000e-10 3.155274e-05 0
2.625000e-10 3.205280e-05 0
2.630000e-10 3.253251e-05 0
2.635000e-10 3.299298e-05 0
2.640000e-10 3.343521e-05 0
2.645000e-10 3.386011e-05 0
2.650000e-10 3.426854e-05 0
2.655000e-10 3.466127e-05 0
2.660000e-10 3.503902e-05 0
2.665000e-10 3.540245e-05 0
2.670000e-10 3.575219e-05 0
2.675000e-10 3.608879e-05 0
2.680000e-10 3.641281e-05 0
2.685000e-10 3.672473e-05 0
2.690000e-10 3.702504e-05 0
2.695000e-10 3.731416e-05 0
2.700000e-10 3.759252e-05 0
2.705000e-10 3.786050e-05 0
2.710000e-10 3.811848e-05 0
2.715000e-10 3.836680e-05 0
2.720000e-10 3.860578e-05 0
2.725000e-10 3.883575e-05 0
2.730000e-10 3.905700e-05 0
2.735000e-10 3.926981e-05 0
2.740000e-10 3.947445e-05 0
2.745000e-10 3.967117e-05 0
2.750000e-10 3.986022e-05 0
2.755000e-10 4.004183e-05 0
2.760000e-10 4.021622e-05 0
2.765000e-10 4.038361e-05 0
2.770000e-10 4.054419e-05 0
2.775000e-10 4.069816e-05 0
2.780000e-10 4.084572e-05 0
2.785000e-10 4.098703e-05 0
2.790000e-10 4.112227e-05 0
2.795000e-10 4.125161e-05 0
2.800000e-10 4.137521e-05 0
2.805000e-10 4.149321e-05 0.000000e+00
2.810000e-10 4.160578e-05 7.434530e-06
2.815000e-10 4.171304e-05 1.045576e-05
2.820000e-10 4.181513e-05 1.273470e-05
2.825000e-10 4.191220e-05 1.462330e-05
2.830000e-10 4.200436e-05 1.625876e-05
2.835000e-10 4.209175e-05 1.771191e-05
2.840000e-10 4.217447e-05 1.902506e-05
2.845000e-10 4.225265e-05 2.022597e-05
2.850000e-10 4.232639e-05 2.133403e-05
2.855000e-10 4.239582e-05 2.236345e-05
2.860000e-10 4.246102e-05 2.332504e-05
2.865000e-10 4.252210e-05 2.422724e-05
2.870000e-10 4.257917e-05 2.507681e-05
2.875000e-10 4.263231e-05 2.587926e-05
2.880000e-10 4.268162e-05 2.663917e-05
2.885000e-10 4.272719e-05 2.736039e-05
2.890000e-10 4.276910e-05 2.804620e-05
2.895000e-10 4.280745e-05 2.869942e-05
2.900000e-10 4.284230e-05 2.932249e-05
2.905000e-10 4.287375e-05 2.991757e-05
2.910000e-10 4.290188e-05 3.048655e-05
2.915000e-10 4.292674e-05 3.103110e-05
2.920000e-10 4.294843e-05 3.155274e-05
2.925000e-10 4.296701e-05 3.205280e-05
2.930000e-10 4.298256e-05 3.253251e-05
2.935000e-10 4.299513e-05 3.299298e-05
2.940000e-10 4.300480e-05 3.343521e-05
2.945000e-10 4.301163e-05 3.386011e-05
2.950000e-10 4.301568e-05 3.426854e-05
2.955000e-10 4.301702e-05 3.466127e-05
2.960000e-10 4.301570e-05 3.503902e-05
2.965000e-10 4.301178e-05 3.540245e-05
2.970000e-10 4.300533e-05 3.575219e-05
2.975000e-10 4.299639e-05 3.608879e-05
2.980000e-10 4.298502e-05 3.641281e-05
2.985000e-10 4.297127e-05 3.672473e-05
2.990000e-10 4.295519e-05 3.702504e-05
2.995000e-10 4.293684e-05 3.731416e-05
3.000000e-10 4.291626e-05 3.759252e-05
3.005000e-10 4.289351e-05 3.786050e-05
3.010000e-10 4.286862e-05 3.811848e-05
3.015000e-10 4.284165e-05 3.836680e-05
3.020000e-10 4.281263e-05 3.860578e-05
3.025000e-10 4.278162e-05 3.883575e-05
3.030000e-10 4.274866e-05 3.905700e-05
3.035000e-10 4.271378e-05 3.926981e-05
3.040000e-10 4.267703e-05 3.947445e-05
3.045000e-10 4.263846e-05 3.967117e-05
3.050000e-10 4.259809e-05 3.986022e-05
3.055000e-10 4.255597e-05 4.004183e-05
3.060000e-10 4.251213e-05 4.021622e-05
3.065000e-10 4.246661e-05 4.038361e-05
3.070000e-10 4.241945e-05 4.054419e-05
3.075000e-10 4.237069e-05 4.069816e-05
3.080000e-10 4.232035e-05 4.084572e-05
3.085000e-10 4.226848e-05 4.098703e-05
3.090000e-10 4.221510e-05 4.112227e-05
3.095000e-10 4.216025e-05 4.125161e-05
3.100000e-10 4.210395e-05 4.137521e-05
3.105000e-10 4.204625e-05 4.149321e-05
3.110000e-10 4.198717e-05 4.160578e-05
3.115000e-10 4.192674e-05 4.171304e-05
3.120000e-10 4.186499e-05 4.181513e-05
3.125000e-10 4.180194e-05 4.191220e-05
3.130000e-10 4.173764e-05 4.200436e-05
3.135000e-10 4.167210e-05 4.209175e-05
3.140000e-10 4.160536e-05 4.217447e-05
3.145000e-10 4.153743e-05 4.225265e-05
3.150000e-10 4.146835e-05 4.232639e-05
3.155000e-10 4.139814e-05 4.239582e-05
3.160000e-10 4.132683e-05 4.246102e-05
3.165000e-10 4.125443e-05 4.252210e-05
3.170000e-10 4.118099e-05 4.257917e-05
3.175000e-10 4.110651e-05 4.263231e-05
3.180000e-10 4.103102e-05 4.268162e-05
3.185000e-10 4.095455e-05 4.272719e-05
3.190000e-10 4.087711e-05 4.276910e-05
3.195000e-10 4.079874e-05 4.280745e-05
3.200000e-10 4.071944e-05 4.284230e-05
3.205000e-10 4.063925e-05 4.287375e-05
3.210000e-10 4.055818e-05 4.290188e-05
3.215000e-10 4.047626e-05 4.292674e-05
3.220000e-10 4.039350e-05 4.294843e-05
3.225000e-10 4.030992e-05 4.296701e-05
3.230000e-10 4.022555e-05 4.298256e-05
3.235000e-10 4.014039e-05 4.299513e-05
3.240000e-10 4.005448e-05 4.300480e-05
3.245000e-10 3.996783e-05 4.301163e-05
3.250000e-10 3.988045e-05 4.301568e-05
3.255000e-10 3.979237e-05 4.301702e-05
3.260000e-10 3.970361e-05 4.301570e-05
3.265000e-10 3.961417e-05 4.301178e-05
3.270000e-10 3.952407e-05 4.300533e-05
3.275000e-10 3.943334e-05 4.299639e-05
3.280000e-10 3.934199e-05 4.298502e-05
3.285000e-10 3.925003e-05 4.297127e-05
3.290000e-10 3.915749e-05 4.295519e-05
3.295000e-10 3.906437e-05 4.293684e-05
3.300000e-10 3.897069e-05 4.291626e-05
3.305000e-10 3.887646e-05 4.289351e-05
3.310000e-10 3.878171e-05 4.286862e-05
3.315000e-10 3.868644e-05 4.284165e-05
3.320000e-10 3.859067e-05 4.281263e-05
3.325000e-10 3.849441e-05 4.278162e-05
3.330000e-10 3.839768e-05 4.274866e-05
3.335000e-10 3.830049e-05 4.271378e-05
3.340000e-10 3.820285e-05 4.267703e-05
3.345000e-10 3.810478e-05 4.263846e-05
3.350000e-10 3.800628e-05 4.259809e-05
3.355000e-10 3.790738e-05 4.255597e-05
3.360000e-10 3.780808e-05 4.251213e-05
3.365000e-10 3.770839e-05 4.246661e-05
3.370000e-10 3.760833e-05 4.241945e-05
3.375000e-10 3.750791e-05 4.237069e-05
3.380000e-10 3.740714e-05 4.232035e-05
3.385000e-10 3.730604e-05 4.226848e-05
3.390000e-10 3.720460e-05 4.221510e-05
3.395000e-10 3.710285e-05 4.216025e-05
3.400000e-10 3.700080e-05 4.210395e-05
3.405000e-10 3.689844e-05 4.204625e-05
3.410000e-10 3.679581e-05 4.198717e-05
3.415000e-10 3.669290e-05 4.192674e-05
3.420000e-10 3.658972e-05 4.186499e-05
3.425000e-10 3.648629e-05 4.180194e-05
3.430000e-10 3.638262e-05 4.173764e-05
3.435000e-10 3.627871e-05 4.167210e-05
3.440000e-10 3.617457e-05 4.160536e-05
3.445000e-10 3.607022e-05 4.153743e-05
3.450000e-10 3.596566e-05 4.146835e-05
3.455000e-10 3.586090e-05 4.139814e-05
3.460000e-10 3.575595e-05 4.132683e-05
3.465000e-10 3.565081e-05 4.125443e-05
3.470000e-10 3.554551e-05 4.118099e-05
3.475000e-10 3.544004e-05 4.110651e-05
3.480000e-10 3.533441e-05 4.103102e-05
3.485000e-10 3.522864e-05 4.095455e-05
3.490000e-10 3.512273e-05 4.087711e-05
3.495000e-10 3.501668e-05 4.079874e-05
3.500000e-10 3.491051e-05 4.071944e-05
3.505000e-10 3.480422e-05 4.063925e-05
3.510000e-10 3.469782e-05 4.055818e-05
3.515000e-10 3.459131e-05 4.047626e-05
3.520000e-10 3.448471e-05 4.039350e-05
3.525000e-10 3.437803e-05 4.030992e-05
3.530000e-10 3.427126e-05 4.022555e-05
3.535000e-10 3.416441e-05 4.014039e-05
3.540000e-10 3.405750e-05 4.005448e-05
3.545000e-10 3.395053e-05 3.996783e-05
3.550000e-10 3.384350e-05 3.988045e-05
3.555000e-10 3.373642e-05 3.979237e-05
3.560000e-10 3.362930e-05 3.970361e-05
3.565000e-10 3.352215e-05 3.961417e-05
3.570000e-10 3.341496e-05 3.952407e-05
3.575000e-10 3.330775e-05 3.943334e-05
3.580000e-10 3.320052e-05 3.934199e-05
3.585000e-10 3.309328e-05 3.925003e-05
3.590000e-10 3.298603e-05 3.915749e-05
3.595000e-10 3.287878e-05 3.906437e-05
3.600000e-10 3.277153e-05 3.897069e-05
3.605000e-10 3.266429e-05 3.887646e-05
3.610000e-10 3.255707e-05 3.878171e-05
3.615000e-10 3.244987e-05 3.868644e-05
3.620000e-10 3.234269e-05 3.859067e-05
3.625000e-10 3.223554e-05 3.849441e-05
3.630000e-10 3.212843e-05 3.839768e-05
3.635000e-10 3.202135e-05 3.830049e-05
3.640000e-10 3.191432e-05 3.820285e-05
3.645000e-10 3.180734e-05 3.810478e-05
3.650000e-10 3.170041e-05 3.800628e-05
3.655000e-10 3.159355e-05 3.790738e-05
3.660000e-10 3.148674e-05 3.780808e-05
3.665000e-10 3.138000e-05 3.770839e-05
3.670000e-10 3.127333e-05 3.760833e-05
3.675000e-10 3.116674e-05 3.750791e-05
3.680000e-10 3.106023e-05 3.740714e-05
3.685000e-10 3.095380e-05 3.730604e-05
3.690000e-10 3.084746e-05 3.720460e-05
3.695000e-10 3.074121e-05 3.710285e-05
3.700000e-10 3.063506e-05 3.700080e-05
3.705000e-10 3.052900e-05 3.689844e-05
3.710000e-10 3.042305e-05 3.679581e-05
3.715000e-10 3.031721e-05 3.669290e-05
3.720000e-10 3.021147e-05 3.658972e-05
3.725000e-10 3.010585e-05 3.648629e-05
3.730000e-10 3.000035e-05 3.638262e-05
3.735000e-10 2.989496e-05 3.627871e-05
3.740000e-10 2.978971e-05 3.617457e-05
3.745000e-10 2.968458e-05 3.607022e-05
3.750000e-10 2.957957e-05 3.596566e-05
3.755000e-10 2.947471e-05 3.586090e-05
3.760000e-10 2.936998e-05 3.575595e-05
3.765000e-10 2.926539e-05 3.565081e-05
3.770000e-10 2.916094e-05 3.554551e-05
3.775000e-10 2.905664e-05 3.544004e-05
3.780000e-10 2.895249e-05 3.533441e-05
3.785000e-10 2.884848e-05 3.522864e-05
3.790000e-10 2.874464e-05 3.512273e-05
3.795000e-10 2.864095e-05 3.501668e-05
3.800000e-10 2.853742e-05 3.491051e-05
3.805000e-10 2.843405e-05 3.480422e-05
3.810000e-10 2.833085e-05 3.469782e-05
3.815000e-10 2.822781e-05 3.459131e-05
3.820000e-10 2.812494e-05 3.448471e-05
3.825000e-10 2.802225e-05 3.437803e-05
3.830000e-10 2.791973e-05 3.427126e-05
3.835000e-10 2.781739e-05 3.416441e-05
3.840000e-10 2.771523e-05 3.405750e-05
3.845000e-10 2.761325e-05 3.395053e-05
3.850000e-10 2.751145e-05 3.384350e-05
3.855000e-10 2.740984e-05 3.373642e-05
3.860000e-10 2.730841e-05 3.362930e-05
3.865000e-10 2.720718e-05 3.352215e-05
3.870000e-10 2.710614e-05 3.341496e-05
3.875000e-10 2.700529e-05 3.330775e-05
3.880000e-10 2.690464e-05 3.320052e-05
3.885000e-10 2.680419e-05 3.309328e-05
3.890000e-10 2.670393e-05 3.298603e-05
3.895000e-10 2.660388e-05 3.287878e-05
3.900000e-10 2.650403e-05 3.277153e-05
3.905000e-10 2.640439e-05 3.266429e-05
3.910000e-10 2.630495e-05 3.255707e-05
3.915000e-10 2.620572e-05 3.244987e-05
3.920000e-10 2.610671e-05 3.234269e-05
3.925000e-10 2.600790e-05 3.223554e-05
3.930000e-10 2.590931e-05 3.212843e-05
3.935000e-10 2.581093e-05 3.202135e-05
3.940000e-10 2.571277e-05 3.191432e-05
3.945000e-10 2.561482e-05 3.180734e-05
3.950000e-10 2.551710e-05 3.170041e-05
3.955000e-10 2.541959e-05 3.159355e-05
3.960000e-10 2.532231e-05 3.148674e-05
3.965000e-10 2.522525e-05 3.138000e-05
3.970000e-10 2.512842e-05 3.127333e-05
3.975000e-10 2.503181e-05 3.116674e-05
3.980000e-10 2.493543e-05 3.106023e-05
3.985000e-10 2.483928e-05 3.095380e-05
3.990000e-10 2.474336e-05 3.084746e-05
3.995000e-10 2.464766e-05 3.074121e-05
4.000000e-10 2.455220e-05 3.063506e-05
4.005000e-10 2.445698e-05 3.052900e-05
4.010000e-10 2.436198e-05 3.042305e-05
4.015000e-10 2.426723e-05 3.031721e-05
4.020000e-10 2.417270e-05 3.021147e-05
4.025000e-10 2.407842e-05 3.010585e-05
4.030000e-10 2.398437e-05 3.000035e-05
4.035000e-10 2.389056e-05 2.989496e-05
4.040000e-10 2.379699e-05 2.978971e-05
4.045000e-10 2.370367e-05 2.968458e-05
4.050000e-10 2.361058e-05 2.957957e-05
4.055000e-10 2.351774e-05 2.947471e-05
4.060000e-10 2.342514e-05 2.936998e-05
4.065000e-10 2.333278e-05 2.926539e-05
4.070000e-10 2.324067e-05 2.916094e-05
4.075000e-10 2.314880e-05 2.905664e-05
4.080000e-10 2.305718e-05 2.895249e-05
4.085000e-10 2.296581e-05 2.884848e-05
4.090000e-10 2.287468e-05 2.874464e-05
4.095000e-10 2.278381e-05 2.864095e-05
4.100000e-10 2.269318e-05 2.853742e-05
4.105000e-10 2.260280e-05 2.843405e-05
4.110000e-10 2.251267e-05 2.833085e-05
4.115000e-10 2.242279e-05 2.822781e-05
4.120000e-10 2.233316e-05 2.812494e-05
4.125000e-10 2.224379e-05 2.802225e-05
4.130000e-10 2.215466e-05 2.791973e-05
4.135000e-10 2.206579e-05 2.781739e-05
4.140000e-10 2.197717e-05 2.771523e-05
4.145000e-10 2.188881e-05 2.761325e-05
4.150000e-10 2.180070e-05 2.751145e-05
4.155000e-10 2.171284e-05 2.740984e-05
4.160000e-10 2.162524e-05 2.730841e-05
4.165000e-10 2.153790e-05 2.720718e-05
4.170000e-10 2.145081e-05 2.710614e-05
4.175000e-10 2.136397e-05 2.700529e-05
4.180000e-10 2.127739e-05 2.690464e-05
4.185000e-10 2.119107e-05 2.680419e-05
4.190000e-10 2.110500e-05 2.670393e-05
4.195000e-10 2.101920e-05 2.660388e-05
4.200000e-10 2.093365e-05 2.650403e-05
4.205000e-10 2.084835e-05 2.640439e-05
4.210000e-10 2.076332e-05 2.630495e-05
4.215000e-10 2.067854e-05 2.620572e-05
4.220000e-10 2.059402e-05 2.610671e-05
4.225000e-10 2.050976e-05 2.600790e-05
4.230000e-10 2.042575e-05 2.590931e-05
4.235000e-10 2.034201e-05 2.581093e-05
4.240000e-10 2.025852e-05 2.571277e-05
4.245000e-10 2.017530e-05 2.561482e-05
4.250000e-10 2.009233e-05 2.551710e-05
4.255000e-10 2.000962e-05 2.541959e-05
4.260000e-10 1.992717e-05 2.532231e-05
4.265000e-10 1.984498e-05 2.522525e-05
4.270000e-10 1.976305e-05 2.512842e-05
4.275000e-10 1.968137e-05 2.503181e-05
4.280000e-10 1.959996e-05 2.493543e-05
4.285000e-10 1.951881e-05 2.483928e-05
4.290000e-10 1.943791e-05 2.474336e-05
4.295000e-10 1.935728e-05 2.464766e-05
4.300000e-10 1.927690e-05 2.455220e-05
4.305000e-10 1.919679e-05 2.445698e-05
4.310000e-10 1.911693e-05 2.436198e-05
4.315000e-10 1.903733e-05 2.426723e-05
4.320000e-10 1.895799e-05 2.417270e-05
4.325000e-10 1.887891e-05 2.407842e-05
4.330000e-10 1.880009e-05 2.398437e-05
4.335000e-10 1.872153e-05 2.389056e-05
4.340000e-10 1.864323e-05 2.379699e-05
4.345000e-10 1.856518e-05 2.370367e-05
4.350000e-10 1.848740e-05 2.361058e-05
4.355000e-10 1.840987e-05 2.351774e-05
4.360000e-10 1.833260e-05 2.342514e-05
4.365000e-10 1.825559e-05 2.333278e-05
4.370000e-10 1.817883e-05 2.324067e-05
4.375000e-10 1.810234e-05 2.314880e-05
4.380000e-10 1.802610e-05 2.305718e-05
4.385000e-10 1.795012e-05 2.296581e-05
4.390000e-10 1.787439e-05 2.287468e-05
4.395000e-10 1.779892e-05 2.278381e-05
4.400000e-10 1.772371e-05 2.269318e-05
4.405000e-10 1.764876e-05 2.260280e-05
4.410000e-10 1.757406e-05 2.251267e-05
4.415000e-10 1.749962e-05 2.242279e-05
4.420000e-10 1.742543e-05 2.233316e-05
4.425000e-10 1.735150e-05 2.224379e-05
4.430000e-10 1.727782e-05 2.215466e-05
4.435000e-10 1.720440e-05 2.206579e-05
4.440000e-10 1.713123e-05 2.197717e-05
4.445000e-10 1.705832e-05 2.188881e-05
4.450000e-10 1.698566e-05 2.180070e-05
4.455000e-10 1.691326e-05 2.171284e-05
4.460000e-10 1.684110e-05 2.162524e-05
4.465000e-10 1.676920e-05 2.153790e-05
4.470000e-10 1.669756e-05 2.145081e-05
4.475000e-10 1.662616e-05 2.136397e-05
4.480000e-10 1.655502e-05 2.127739e-05
4.485000e-10 1.648413e-05 2.119107e-05
4.490000e-10 1.641349e-05 2.110500e-05
4.495000e-10 1.634310e-05 2.101920e-05
4.500000e-10 1.627296e-05 2.093365e-05
4.505000e-10 1.620307e-05 2.084835e-05
4.510000e-10 1.613344e-05 2.076332e-05
4.515000e-10 1.606405e-05 2.067854e-05
4.520000e-10 1.599491e-05 2.059402e-05
4.525000e-10 1.592602e-05 2.050976e-05
4.530000e-10 1.585737e-05 2.042575e-05
4.535000e-10 1.578898e-05 2.034201e-05
4.540000e-10 1.572083e-05 2.025852e-05
4.545000e-10 1.565293e-05 2.017530e-05
4.550000e-10 1.558527e-05 2.009233e-05
4.555000e-10 1.551786e-05 2.000962e-05
4.560000e-10 1.545070e-05 1.992717e-05
4.565000e-10 1.538378e-05 1.984498e-05
4.570000e-10 1.531711e-05 1.976305e-05
4.575000e-10 1.525068e-05 1.968137e-05
4.580000e-10 1.518449e-05 1.959996e-05
4.585000e-10 1.511855e-05 1.951881e-05
4.590000e-10 1.505285e-05 1.943791e-05
4.595000e-10 1.498739e-05 1.935728e-05
4.600000e-10 1.492218e-05 1.927690e-05
4.605000e-10 1.485721e-05 1.919679e-05
4.610000e-10 1.479247e-05 1.911693e-05
4.615000e-10 1.472798e-05 1.903733e-05
4.620000e-10 1.466373e-05 1.895799e-05
4.625000e-10 1.459972e-05 1.887891e-05
4.630000e-10 1.453594e-05 1.880009e-05
4.635000e-10 1.447241e-05 1.872153e-05
4.640000e-10 1.440911e-05 1.864323e-05
4.645000e-10 1.434605e-05 1.856518e-05
4.650000e-10 1.428323e-05 1.848740e-05
4.655000e-10 1.422064e-05 1.840987e-05
4.660000e-10 1.415829e-05 1.833260e-05
4.665000e-10 1.409618e-05 1.825559e-05
4.670000e-10 1.403430e-05 1.817883e-05
4.675000e-10 1.397265e-05 1.810234e-05
4.680000e-10 1.391124e-05 1.802610e-05
4.685000e-10 1.385006e-05 1.795012e-05
4.690000e-10 1.378912e-05 1.787439e-05
4.695000e-10 1.372841e-05 1.779892e-05
4.700000e-10 1.366792e-05 1.772371e-05
4.705000e-10 1.360767e-05 1.764876e-05
4.710000e-10 1.354765e-05 1.757406e-05
4.715000e-10 1.348786e-05 1.749962e-05
4.720000e-10 1.342830e-05 1.742543e-05
4.725000e-10 1.336897e-05 1.735150e-05
4.730000e-10 1.330987e-05 1.727782e-05
4.735000e-10 1.325100e-05 1.720440e-05
4.740000e-10 1.319235e-05 1.713123e-05
4.745000e-10 1.313393e-05 1.705832e-05
4.750000e-10 1.307573e-05 1.698566e-05
4.755000e-10 1.301776e-05 1.691326e-05
4.760000e-10 1.296002e-05 1.684110e-05
4.765000e-10 1.290250e-05 1.676920e-05
4.770000e-10 1.284520e-05 1.669756e-05
4.775000e-10 1.278813e-05 1.662616e-05
4.780000e-10 1.273128e-05 1.655502e-05
4.785000e-10 1.267465e-05 1.648413e-05
4.790000e-10 1.261824e-05 1.641349e-05
4.795000e-10 1.256206e-05 1.634310e-05
4.800000e-10 1.250609e-05 1.627296e-05
4.805000e-10 1.245035e-05 1.620307e-05
4.810000e-10 1.239482e-05 1.613344e-05
4.815000e-10 1.233952e-05 1.606405e-05
4.820000e-10 1.228443e-05 1.599491e-05
4.825000e-10 1.222955e-05 1.592602e-05
4.830000e-10 1.217490e-05 1.585737e-05
4.835000e-10 1.212046e-05 1.578898e-05
4.840000e-10 1.206624e-05 1.572083e-05
4.845000e-10 1.201223e-05 1.565293e-05
4.850000e-10 1.195843e-05 1.558527e-05
4.855000e-10 1.190485e-05 1.551786e-05
4.860000e-10 1.185149e-05 1.545070e-05
4.865000e-10 1.179833e-05 1.538378e-05
4.870000e-10 1.174539e-05 1.531711e-05
4.875000e-10 1.169266e-05 1.525068e-05
4.880000e-10 1.164014e-05 1.518449e-05
4.885000e-10 1.158783e-05 1.511855e-05
4.890000e-10 1.153573e-05 1.505285e-05
4.895000e-10 1.148384e-05 1.498739e-05
4.900000e-10 1.143216e-05 1.492218e-05
4.905000e-10 1.138068e-05 1.485721e-05
4.910000e-10 1.132941e-05 1.479247e-05
4.915000e-10 1.127835e-05 1.472798e-05
4.920000e-10 1.122750e-05 1.466373e-05
4.925000e-10 1.117685e-05 1.459972e-05
4.930000e-10 1.112640e-05 1.453594e-05
4.935000e-10 1.107616e-05 1.447241e-05
4.940000e-10 1.102613e-05 1.440911e-05
4.945000e-10 1.097629e-05 1.434605e-05
4.950000e-10 1.092666e-05 1.428323e-05
4.955000e-10 1.087723e-05 1.422064e-05
4.960000e-10 1.082800e-05 1.415829e-05
4.965000e-10 1.077897e-05 1.409618e-05
4.970000e-10 1.073014e-05 1.403430e-05
4.975000e-10 1.068151e-05 1.397265e-05
4.980000e-10 1.063308e-05 1.391124e-05
4.985000e-10 1.058485e-05 1.385006e-05
4.990000e-10 1.053681e-05 1.378912e-05
4.995000e-10 1.048897e-05 1.372841e-05
5.000000e-10 1.044133e-05 1.366792e-05
5.005000e-10 1.039388e-05 1.360767e-05
5.010000e-10 1.034663e-05 1.354765e-05
5.015000e-10 1.029957e-05 1.348786e-05
5.020000e-10 1.025271e-05 1.342830e-05
5.025000e-10 1.020603e-05 1.336897e-05
5.030000e-10 1.015955e-05 1.330987e-05
5.035000e-10 1.011327e-05 1.325100e-05
5.040000e-10 1.006717e-05 1.319235e-05
5.045000e-10 1.002127e-05 1.313393e-05
5.050000e-10 9.975551e-06 1.307573e-05
5.055000e-10 9.930025e-06 1.301776e-05
5.060000e-10 9.884688e-06 1.296002e-05
5.065000e-10 9.839539e-06 1.290250e-05
5.070000e-10 9.794577e-06 1.284520e-05
5.075000e-10 9.749803e-06 1.278813e-05
5.080000e-10 9.705214e-06 1.273128e-05
5.085000e-10 9.660812e-06 1.267465e-05
5.090000e-10 9.616594e-06 1.261824e-05
5.095000e-10 9.572561e-06 1.256206e-05
5.100000e-10 9.528712e-06 1.250609e-05
5.105000e-10 9.485046e-06 1.245035e-05
5.110000e-10 9.441563e-06 1.239482e-05
5.115000e-10 9.398262e-06 1.233952e-05
5.120000e-10 9.355142e-06 1.228443e-05
5.125000e-10 9.312203e-06 1.222955e-05
5.130000e-10 9.269444e-06 1.217490e-05
5.135000e-10 9.226865e-06 1.212046e-05
5.140000e-10 9.184465e-06 1.206624e-05
5.145000e-10 9.142243e-06 1.201223e-05
5.150000e-10 9.100199e-06 1.195843e-05
5.155000e-10 9.058332e-06 1.190485e-05
5.160000e-10 9.016642e-06 1.185149e-05
5.165000e-10 8.975128e-06 1.179833e-05
5.170000e-10 8.933789e-06 1.174539e-05
5.175000e-10 8.892624e-06 1.169266e-05
5.180000e-10 8.851634e-06 1.164014e-05
5.185000e-10 8.810818e-06 1.158783e-05
5.190000e-10 8.770174e-06 1.153573e-05
5.195000e-10 8.729703e-06 1.148384e-05
5.200000e-10 8.689404e-06 1.143216e-05
5.205000e-10 8.649275e-06 1.138068e-05
5.210000e-10 8.609317e-06 1.132941e-05
5.215000e-10 8.569530e-06 1.127835e-05
5.220000e-10 8.529911e-06 1.122750e-05
5.225000e-10 8.490462e-06 1.117685e-05
5.230000e-10 8.451180e-06 1.112640e-05
5.235000e-10 8.412066e-06 1.107616e-05
5.240000e-10 8.373119e-06 1.102613e-05
5.245000e-10 8.334339e-06 1.097629e-05
5.250000e-10 8.295724e-06 1.092666e-05
5.255000e-10 8.257274e-06 1.087723e-05
5.260000e-10 8.218989e-06 1.082800e-05
5.265000e-10 8.180869e-06 1.077897e-05
5.270000e-10 8.142911e-06 1.073014e-05
5.275000e-10 8.105116e-06 1.068151e-05
5.280000e-10 8.067484e-06 1.063308e-05
5.285000e-10 8.030014e-06 1.058485e-05
5.290000e-10 7.992704e-06 1.053681e-05
5.295000e-10 7.955555e-06 1.048897e-05
5.300000e-10 7.918566e-06 1.044133e-05
5.305000e-10 7.881736e-06 1.039388e-05
5.310000e-10 7.845066e-06 1.034663e-05
5.315000e-10 7.808553e-06 1.029957e-05
5.320000e-10 7.772198e-06 1.025271e-05
5.325000e-10 7.736000e-06 1.020603e-05
5.330000e-10 7.699958e-06 1.015955e-05
5.335000e-10 7.664073e-06 1.011327e-05
5.340000e-10 7.628343e-06 1.006717e-05
5.345000e-10 7.592767e-06 1.002127e-05
5.350000e-10 7.557346e-06 9.975551e-06
5.355000e-10 7.522078e-06 9.930025e-06
5.360000e-10 7.486964e-06 9.884688e-06
5.365000e-10 7.452002e-06 9.839539e-06
5.370000e-10 7.417192e-06 9.794577e-06
5.375000e-10 7.382533e-06 9.749803e-06
5.380000e-10 7.348025e-06 9.705214e-06
5.385000e-10 7.313667e-06 9.660812e-06
5.390000e-10 7.279459e-06 9.616594e-06
5.395000e-10 7.245400e-06 9.572561e-06
5.400000e-10 7.211490e-06 9.528712e-06
5.405000e-10 7.177727e-06 9.485046e-06
5.410000e-10 7.144112e-06 9.441563e-06
5.415000e-10 7.110644e-06 9.398262e-06
5.420000e-10 7.077323e-06 9.355142e-06
5.425000e-10 7.044147e-06 9.312203e-06
5.430000e-10 7.011116e-06 9.269444e-06
5.435000e-10 6.978230e-06 9.226865e-06
5.440000e-10 6.945488e-06 9.184465e-06
5.445000e-10 6.912890e-06 9.142243e-06
5.450000e-10 6.880435e-06 9.100199e-06
5.455000e-10 6.848122e-06 9.058332e-06
5.460000e-10 6.815951e-06 9.016642e-06
5.465000e-10 6.783922e-06 8.975128e-06
5.470000e-10 6.752033e-06 8.933789e-06
5.475000e-10 6.720285e-06 8.892624e-06
5.480000e-10 6.688677e-06 8.851634e-06
5.485000e-10 6.657208e-06 8.810818e-06
5.490000e-10 6.625878e-06 8.770174e-06
5.495000e-10 6.594686e-06 8.729703e-06
5.500000e-10 6.563631e-06 8.689404e-06
5.505000e-10 6.532714e-06 8.649275e-06
5.510000e-10 6.501933e-06 8.609317e-06
5.515000e-10 6.471289e-06 8.569530e-06
5.520000e-10 6.440779e-06 8.529911e-06
5.525000e-10 6.410405e-06 8.490462e-06
5.530000e-10 6.380166e-06 8.451180e-06
5.535000e-10 6.350060e-06 8.412066e-06
5.540000e-10 6.320088e-06 8.373119e-06
5.545000e-10 6.290249e-06 8.334339e-06
5.550000e-10 6.260542e-06 8.295724e-06
5.555000e-10 6.230967e-06 8.257274e-06
5.560000e-10 6.201524e-06 8.218989e-06
5.565000e-10 6.172211e-06 8.180869e-06
5.570000e-10 6.143029e-06 8.142911e-06
5.575000e-10 6.113976e-06 8.105116e-06
5.580000e-10 6.085053e-06 8.067484e-06
5.585000e-10 6.056259e-06 8.030014e-06
5.590000e-10 6.027593e-06 7.992704e-06
5.595000e-10 5.999054e-06 7.955555e-06
5.600000e-10 5.970643e-06 7.918566e-06
5.605000e-10 5.942359e-06 7.881736e-06
5.610000e-10 5.914202e-06 7.845066e-06
5.615000e-10 5.886170e-06 7.808553e-06
5.620000e-10 5.858263e-06 7.772198e-06
5.625000e-10 5.830481e-06 7.736000e-06
5.630000e-10 5.802823e-06 7.699958e-06
5.635000e-10 5.775289e-06 7.664073e-06
5.640000e-10 5.747879e-06 7.628343e-06
5.645000e-10 5.720591e-06 7.592767e-06
5.650000e-10 5.693426e-06 7.557346e-06
5.655000e-10 5.666382e-06 7.522078e-06
5.660000e-10 5.639460e-06 7.486964e-06
5.665000e-10 5.612659e-06 7.452002e-06
5.670000e-10 5.585978e-06 7.417192e-06
5.675000e-10 5.559417e-06 7.382533e-06
5.680000e-10 5.532975e-06 7.348025e-06
5.685000e-10 5.506653e-06 7.313667e-06
5.690000e-10 5.480448e-06 7.279459e-06
5.695000e-10 5.454362e-06 7.245400e-06
5.700000e-10 5.428393e-06 7.211490e-06
5.705000e-10 5.402542e-06 7.177727e-06
5.710000e-10 5.376806e-06 7.144112e-06
5.715000e-10 5.351187e-06 7.110644e-06
5.720000e-10 5.325684e-06 7.077323e-06
5.725000e-10 5.300295e-06 7.044147e-06
5.730000e-10 5.275022e-06 7.011116e-06
5.735000e-10 5.249862e-06 6.978230e-06
5.740000e-10 5.224816e-06 6.945488e-06
5.745000e-10 5.199884e-06 6.912890e-06
5.750000e-10 5.175064e-06 6.880435e-06
5.755000e-10 5.150357e-06 6.848122e-06
5.760000e-10 5.125762e-06 6.815951e-06
5.765000e-10 5.101278e-06 6.783922e-06
5.770000e-10 5.076905e-06 6.752033e-06
5.775000e-10 5.052642e-06 6.720285e-06
5.780000e-10 5.028490e-06 6.688677e-06
5.785000e-10 5.004447e-06 6.657208e-06
5.790000e-10 4.980513e-06 6.625878e-06
5.795000e-10 4.956688e-06 6.594686e-06
5.800000e-10 4.932972e-06 6.563631e-06
5.805000e-10 4.909363e-06 6.532714e-06
5.810000e-10 4.885862e-06 6.501933e-06
5.815000e-10 4.862467e-06 6.471289e-06
5.820000e-10 4.839179e-06 6.440779e-06
5.825000e-10 4.815997e-06 6.410405e-06
5.830000e-10 4.792921e-06 6.380166e-06
5.835000e-10 4.769950e-06 6.350060e-06
5.840000e-10 4.747084e-06 6.320088e-06
5.845000e-10 4.724321e-06 6.290249e-06
5.850000e-10 4.701663e-06 6.260542e-06
5.855000e-10 4.679108e-06 6.230967e-06
5.860000e-10 4.656657e-06 6.201524e-06
5.865000e-10 4.634308e-06 6.172211e-06
5.870000e-10 4.612061e-06 6.143029e-06
5.875000e-10 4.589915e-06 6.113976e-06
5.880000e-10 4.567871e-06 6.085053e-06
5.885000e-10 4.545928e-06 6.056259e-06
5.890000e-10 4.524086e-06 6.027593e-06
5.895000e-10 4.502343e-06 5.999054e-06
5.900000e-10 4.480700e-06 5.970643e-06
5.905000e-10 4.459156e-06 5.942359e-06
5.910000e-10 4.437711e-06 5.914202e-06
5.915000e-10 4.416365e-06 5.886170e-06
5.920000e-10 4.395116e-06 5.858263e-06
5.925000e-10 4.373965e-06 5.830481e-06
5.930000e-10 4.352911e-06 5.802823e-06
5.935000e-10 4.331954e-06 5.775289e-06
5.940000e-10 4.311093e-06 5.747879e-06
5.945000e-10 4.290328e-06 5.720591e-06
5.950000e-10 4.269658e-06 5.693426e-06
5.955000e-10 4.249084e-06 5.666382e-06
5.960000e-10 4.228604e-06 5.639460e-06
5.965000e-10 4.208219e-06 5.612659e-06
5.970000e-10 4.187927e-06 5.585978e-06
5.975000e-10 4.167729e-06 5.559417e-06
5.980000e-10 4.147625e-06 5.532975e-06
5.985000e-10 4.127612e-06 5.506653e-06
5.990000e-10 4.107693e-06 5.480448e-06
5.995000e-10 4.087865e-06 5.454362e-06
6.000000e-10 4.068128e-06 5.428393e-06
6.005000e-10 4.048483e-06 5.402542e-06
6.010000e-10 4.028929e-06 5.376806e-06
6.015000e-10 4.009464e-06 5.351187e-06
6.020000e-10 3.990090e-06 5.325684e-06
6.025000e-10 3.970806e-06 5.300295e-06
6.030000e-10 3.951610e-06 5.275022e-06
6.035000e-10 3.932504e-06 5.249862e-06
6.040000e-10 3.913486e-06 5.224816e-06
6.045000e-10 3.894556e-06 5.199884e-06
6.050000e-10 3.875714e-06 5.175064e-06
6.055000e-10 3.856959e-06 5.150357e-06
6.060000e-10 3.838291e-06 5.125762e-06
6.065000e-10 3.819709e-06 5.101278e-06
6.070000e-10 3.801214e-06 5.076905e-06
6.075000e-10 3.782805e-06 5.052642e-06
6.080000e-10 3.764481e-06 5.028490e-06
6.085000e-10 3.746242e-06 5.004447e-06
6.090000e-10 3.728088e-06 4.980513e-06
6.095000e-10 3.710018e-06 4.956688e-06
6.100000e-10 3.692033e-06 4.932972e-06
6.105000e-10 3.674131e-06 4.909363e-06
6.110000e-10 3.656312e-06 4.885862e-06
6.115000e-10 3.638576e-06 4.862467e-06
6.120000e-10 3.620923e-06 4.839179e-06
6.125000e-10 3.603352e-06 4.815997e-06
6.130000e-10 3.585862e-06 4.792921e-06
6.135000e-10 3.568455e-06 4.769950e-06
6.140000e-10 3.551128e-06 4.747084e-06
6.145000e-10 3.533882e-06 4.724321e-06
6.150000e-10 3.516717e-06 4.701663e-06
6.155000e-10 3.499631e-06 4.679108e-06
6.160000e-10 3.482626e-06 4.656657e-06
6.165000e-10 3.465700e-06 4.634308e-06
6.170000e-10 3.448853e-06 4.612061e-06
6.175000e-10 3.432084e-06 4.589915e-06
6.180000e-10 3.415394e-06 4.567871e-06
6.185000e-10 3.398782e-06 4.545928e-06
6.190000e-10 3.382248e-06 4.524086e-06
6.195000e-10 3.365791e-06 4.502343e-06
6.200000e-10 3.349411e-06 4.480700e-06
6.205000e-10 3.333107e-06 4.459156e-06
6.210000e-10 3.316880e-06 4.437711e-06
6.215000e-10 3.300729e-06 4.416365e-06
6.220000e-10 3.284654e-06 4.395116e-06
6.225000e-10 3.268654e-06 4.373965e-06
6.230000e-10 3.252729e-06 4.352911e-06
6.235000e-10 3.236878e-06 4.331954e-06
6.240000e-10 3.221102e-06 4.311093e-06
6.245000e-10 3.205400e-06 4.290328e-06
6.250000e-10 3.189772e-06 4.269658e-06
6.255000e-10 3.174217e-06 4.249084e-06
6.260000e-10 3.158735e-06 4.228604e-06
6.265000e-10 3.143326e-06 4.208219e-06
6.270000e-10 3.127989e-06 4.187927e-06
6.275000e-10 3.112724e-06 4.167729e-06
6.280000e-10 3.097531e-06 4.147625e-06
6.285000e-10 3.082410e-06 4.127612e-06
6.290000e-10 3.067359e-06 4.107693e-06
6.295000e-10 3.052380e-06 4.087865e-06
6.300000e-10 3.037471e-06 4.068128e-06
6.305000e-10 3.022632e-06 4.048483e-06
6.310000e-10 3.007863e-06 4.028929e-06
6.315000e-10 2.993164e-06 4.009464e-06
6.320000e-10 2.978534e-06 3.990090e-06
6.325000e-10 2.963972e-06 3.970806e-06
6.330000e-10 2.949480e-06 3.951610e-06
6.335000e-10 2.935056e-06 3.932504e-06
6.340000e-10 2.920700e-06 3.913486e-06
6.345000e-10 2.906412e-06 3.894556e-06
6.350000e-10 2.892191e-06 3.875714e-06
6.355000e-10 2.878037e-06 3.856959e-06
6.360000e-10 2.863950e-06 3.838291e-06
6.365000e-10 2.849930e-06 3.819709e-06
6.370000e-10 2.835976e-06 3.801214e-06
6.375000e-10 2.822088e-06 3.782805e-06
6.380000e-10 2.808265e-06 3.764481e-06
6.385000e-10 2.794508e-06 3.746242e-06
6.390000e-10 2.780816e-06 3.728088e-06
6.395000e-10 2.767189e-06 3.710018e-06
6.400000e-10 2.753626e-06 3.692033e-06
6.405000e-10 2.740128e-06 3.674131e-06
6.410000e-10 2.726693e-06 3.656312e-06
6.415000e-10 2.713322e-06 3.638576e-06
6.420000e-10 2.700015e-06 3.620923e-06
6.425000e-10 2.686771e-06 3.603352e-06
6.430000e-10 2.673589e-06 3.585862e-06
6.435000e-10 2.660470e-06 3.568455e-06
6.440000e-10 2.647413e-06 3.551128e-06
6.445000e-10 2.634418e-06 3.533882e-06
6.450000e-10 2.621485e-06 3.516717e-06
6.455000e-10 2.608613e-06 3.499631e-06
6.460000e-10 2.595802e-06 3.482626e-06
6.465000e-10 2.583052e-06 3.465700e-06
6.470000e-10 2.570363e-06 3.448853e-06
6.475000e-10 2.557734e-06 3.432084e-06
6.480000e-10 2.545165e-06 3.415394e-06
6.485000e-10 2.532655e-06 3.398782e-06
6.490000e-10 2.520206e-06 3.382248e-06
6.495000e-10 2.507815e-06 3.365791e-06
6.500000e-10 2.495484e-06 3.349411e-06
6.505000e-10 2.483211e-06 3.333107e-06
6.510000e-10 2.470996e-06 3.316880e-06
6.515000e-10 2.458840e-06 3.300729e-06
6.520000e-10 2.446742e-06 3.284654e-06
6.525000e-10 2.434701e-06 3.268654e-06
6.530000e-10 2.422718e-06 3.252729e-06
6.535000e-10 2.410791e-06 3.236878e-06
6.540000e-10 2.398922e-06 3.221102e-06
6.545000e-10 2.387109e-06 3.205400e-06
6.550000e-10 2.375353e-06 3.189772e-06
6.555000e-10 2.363652e-06 3.174217e-06
6.560000e-10 2.352008e-06 3.158735e-06
6.565000e-10 2.340419e-06 3.143326e-06
6.570000e-10 2.328886e-06 3.127989e-06
6.575000e-10 2.317407e-06 3.112724e-06
6.580000e-10 2.305983e-06 3.097531e-06
6.585000e-10 2.294614e-06 3.082410e-06
6.590000e-10 2.283300e-06 3.067359e-06
6.595000e-10 2.272039e-06 3.052380e-06
6.600000e-10 2.260832e-06 3.037471e-06
6.605000e-10 2.249679e-06 3.022632e-06
6.610000e-10 2.238579e-06 3.007863e-06
6.615000e-10 2.227533e-06 2.993164e-06
6.620000e-10 2.216539e-06 2.978534e-06
6.625000e-10 2.205598e-06 2.963972e-06
6.630000e-10 2.194709e-06 2.949480e-06
6.635000e-10 2.183872e-06 2.935056e-06
6.640000e-10 2.173087e-06 2.920700e-06
6.645000e-10 2.162354e-06 2.906412e-06
6.650000e-10 2.151673e-06 2.892191e-06
6.655000e-10 2.141042e-06 2.878037e-06
6.660000e-10 2.130463e-06 2.863950e-06
6.665000e-10 2.119934e-06 2.849930e-06
6.670000e-10 2.109456e-06 2.835976e-06
6.675000e-10 2.099028e-06 2.822088e-06
6.680000e-10 2.088650e-06 2.808265e-06
6.685000e-10 2.078322e-06 2.794508e-06
6.690000e-10 2.068044e-06 2.780816e-06
6.695000e-10 2.057814e-06 2.767189e-06
6.700000e-10 2.047634e-06 2.753626e-06
6.705000e-10 2.037503e-06 2.740128e-06
6.710000e-10 2.027421e-06 2.726693e-06
6.715000e-10 2.017387e-06 2.713322e-06
6.720000e-10 2.007402e-06 2.700015e-06
6.725000e-10 1.997464e-06 2.686771e-06
6.730000e-10 1.987574e-06 2.673589e-06
6.735000e-10 1.977732e-06 2.660470e-06
6.740000e-10 1.967937e-06 2.647413e-06
6.745000e-10 1.958189e-06 2.634418e-06
6.750000e-10 1.948488e-06 2.621485e-06
6.755000e-10 1.938834e-06 2.608613e-06
6.760000e-10 1.929227e-06 2.595802e-06
6.765000e-10 1.919665e-06 2.583052e-06
6.770000e-10 1.910150e-06 2.570363e-06
6.775000e-10 1.900681e-06 2.557734e-06
6.780000e-10 1.891257e-06 2.545165e-06
6.785000e-10 1.881879e-06 2.532655e-06
6.790000e-10 1.872546e-06 2.520206e-06
6.795000e-10 1.863258e-06 2.507815e-06
6.800000e-10 1.854014e-06 2.495484e-06
6.805000e-10 1.844816e-06 2.483211e-06
6.810000e-10 1.835661e-06 2.470996e-06
6.815000e-10 1.826551e-06 2.458840e-06
6.820000e-10 1.817485e-06 2.446742e-06
6.825000e-10 1.808463e-06 2.434701e-06
6.830000e-10 1.799484e-06 2.422718e-06
6.835000e-10 1.790549e-06 2.410791e-06
6.840000e-10 1.781657e-06 2.398922e-06
6.845000e-10 1.772808e-06 2.387109e-06
6.850000e-10 1.764001e-06 2.375353e-06
6.855000e-10 1.755238e-06 2.363652e-06
6.860000e-10 1.746516e-06 2.352008e-06
6.865000e-10 1.737837e-06 2.340419e-06
6.870000e-10 1.729200e-06 2.328886e-06
6.875000e-10 1.720604e-06 2.317407e-06
6.880000e-10 1.712051e-06 2.305983e-06
6.885000e-10 1.703538e-06 2.294614e-06
6.890000e-10 1.695067e-06 2.283300e-06
6.895000e-10 1.686637e-06 2.272039e-06
6.900000e-10 1.678247e-06 2.260832e-06
6.905000e-10 1.669899e-06 2.249679e-06
6.910000e-10 1.661591e-06 2.238579e-06
6.915000e-10 1.653323e-06 2.227533e-06
6.920000e-10 1.645095e-06 2.216539e-06
6.925000e-10 1.636907e-06 2.205598e-06
6.930000e-10 1.628759e-06 2.194709e-06
6.935000e-10 1.620650e-06 2.183872e-06
6.940000e-10 1.612580e-06 2.173087e-06
6.945000e-10 1.604550e-06 2.162354e-06
6.950000e-10 1.596559e-06 2.151673e-06
6.955000e-10 1.588607e-06 2.141042e-06
6.960000e-10 1.580693e-06 2.130463e-06
6.965000e-10 1.572817e-06 2.119934e-06
6.970000e-10 1.564980e-06 2.109456e-06
6.975000e-10 1.557181e-06 2.099028e-06
6.980000e-10 1.549420e-06 2.088650e-06
6.985000e-10 1.541696e-06 2.078322e-06
6.990000e-10 1.534011e-06 2.068044e-06
6.995000e-10 1.526362e-06 2.057814e-06
7.000000e-10 1.518751e-06 2.047634e-06
7.005000e-10 1.511176e-06 2.037503e-06
7.010000e-10 1.503639e-06 2.027421e-06
7.015000e-10 1.496138e-06 2.017387e-06
7.020000e-10 1.488674e-06 2.007402e-06
7.025000e-10 1.481246e-06 1.997464e-06
7.030000e-10 1.473854e-06 1.987574e-06
7.035000e-10 1.466498e-06 1.977732e-06
7.040000e-10 1.459178e-06 1.967937e-06
7.045000e-10 1.451894e-06 1.958189e-06
7.050000e-10 1.444645e-06 1.948488e-06
7.055000e-10 1.437431e-06 1.938834e-06
7.060000e-10 1.430253e-06 1.929227e-06
7.065000e-10 1.423110e-06 1.919665e-06
7.070000e-10 1.416001e-06 1.910150e-06
7.075000e-10 1.408927e-06 1.900681e-06
7.080000e-10 1.401888e-06 1.891257e-06
7.085000e-10 1.394883e-06 1.881879e-06
7.090000e-10 1.387912e-06 1.872546e-06
7.095000e-10 1.380975e-06 1.863258e-06
7.100000e-10 1.374072e-06 1.854014e-06
7.105000e-10 1.367203e-06 1.844816e-06
7.110000e-10 1.360367e-06 1.835661e-06
7.115000e-10 1.353564e-06 1.826551e-06
7.120000e-10 1.346795e-06 1.817485e-06
7.125000e-10 1.340059e-06 1.808463e-06
7.130000e-10 1.333356e-06 1.799484e-06
7.135000e-10 1.326685e-06 1.790549e-06
7.140000e-10 1.320048e-06 1.781657e-06
7.145000e-10 1.313442e-06 1.772808e-06
7.150000e-10 1.306869e-06 1.764001e-06
7.155000e-10 1.300328e-06 1.755238e-06
7.160000e-10 1.293819e-06 1.746516e-06
7.165000e-10 1.287342e-06 1.737837e-06
7.170000e-10 1.280897e-06 1.729200e-06
7.175000e-10 1.274483e-06 1.720604e-06
7.180000e-10 1.268100e-06 1.712051e-06
7.185000e-10 1.261749e-06 1.703538e-06
7.190000e-10 1.255429e-06 1.695067e-06
7.195000e-10 1.249139e-06 1.686637e-06
7.200000e-10 1.242881e-06 1.678247e-06
7.205000e-10 1.236653e-06 1.669899e-06
7.210000e-10 1.230456e-06 1.661591e-06
7.215000e-10 1.224289e-06 1.653323e-06
7.220000e-10 1.218152e-06 1.645095e-06
7.225000e-10 1.212046e-06 1.636907e-06
7.230000e-10 1.205969e-06 1.628759e-06
7.235000e-10 1.199922e-06 1.620650e-06
7.240000e-10 1.193905e-06 1.612580e-06
7.245000e-10 1.187917e-06 1.604550e-06
7.250000e-10 1.181959e-06 1.596559e-06
7.255000e-10 1.176030e-06 1.588607e-06
7.260000e-10 1.170130e-06 1.580693e-06
7.265000e-10 1.164259e-06 1.572817e-06
7.270000e-10 1.158416e-06 1.564980e-06
7.275000e-10 1.152603e-06 1.557181e-06
7.280000e-10 1.146818e-06 1.549420e-06
7.285000e-10 1.141061e-06 1.541696e-06
7.290000e-10 1.135333e-06 1.534011e-06
7.295000e-10 1.129633e-06 1.526362e-06
7.300000e-10 1.123961e-06 1.518751e-06
7.305000e-10 1.118316e-06 1.511176e-06
7.310000e-10 1.112700e-06 1.503639e-06
7.315000e-10 1.107111e-06 1.496138e-06
7.320000e-10 1.101549e-06 1.488674e-06
7.325000e-10 1.096015e-06 1.481246e-06
7.330000e-10 1.090508e-06 1.473854e-06
7.335000e-10 1.085028e-06 1.466498e-06
7.340000e-10 1.079576e-06 1.459178e-06
7.345000e-10 1.074150e-06 1.451894e-06
7.350000e-10 1.068750e-06 1.444645e-06
7.355000e-10 1.063377e-06 1.437431e-06
7.360000e-10 1.058031e-06 1.430253e-06
7.365000e-10 1.052711e-06 1.423110e-06
7.370000e-10 1.047417e-06 1.416001e-06
7.375000e-10 1.042150e-06 1.408927e-06
7.380000e-10 1.036908e-06 1.401888e-06
7.385000e-10 1.031692e-06 1.394883e-06
7.390000e-10 1.026502e-06 1.387912e-06
7.395000e-10 1.021337e-06 1.380975e-06
7.400000e-10 1.016198e-06 1.374072e-06
7.405000e-10 1.011084e-06 1.367203e-06
7.410000e-10 1.005995e-06 1.360367e-06
7.415000e-10 1.000931e-06 1.353564e-06
7.420000e-10 9.958929e-07 1.346795e-06
7.425000e-10 9.908791e-07 1.340059e-06
7.430000e-10 9.858901e-07 1.333356e-06
7.435000e-10 9.809256e-07 1.326685e-06
7.440000e-10 9.759857e-07 1.320048e-06
7.445000e-10 9.710701e-07 1.313442e-06
7.450000e-10 9.661789e-07 1.306869e-06
7.455000e-10 9.613117e-07 1.300328e-06
7.460000e-10 9.564686e-07 1.293819e-06
7.465000e-10 9.516494e-07 1.287342e-06
7.470000e-10 9.468540e-07 1.280897e-06
7.475000e-10 9.420823e-07 1.274483e-06
7.480000e-10 9.373341e-07 1.268100e-06
7.485000e-10 9.326095e-07 1.261749e-06
7.490000e-10 9.279081e-07 1.255429e-06
7.495000e-10 9.232300e-07 1.249139e-06
7.500000e-10 9.185751e-07 1.242881e-06
7.505000e-10 9.139431e-07 1.236653e-06
7.510000e-10 9.093341e-07 1.230456e-06
7.515000e-10 9.047478e-07 1.224289e-06
7.520000e-10 9.001842e-07 1.218152e-06
7.525000e-10 8.956432e-07 1.212046e-06
7.530000e-10 8.911247e-07 1.205969e-06
7.535000e-10 8.866285e-07 1.199922e-06
7.540000e-10 8.821545e-07 1.193905e-06
7.545000e-10 8.777027e-07 1.187917e-06
7.550000e-10 8.732730e-07 1.181959e-06
7.555000e-10 8.688652e-07 1.176030e-06
7.560000e-10 8.644791e-07 1.170130e-06
7.565000e-10 8.601149e-07 1.164259e-06
7.570000e-10 8.557722e-07 1.158416e-06
7.575000e-10 8.514510e-07 1.152603e-06
7.580000e-10 8.471513e-07 1.146818e-06
7.585000e-10 8.428728e-07 1.141061e-06
7.590000e-10 8.386156e-07 1.135333e-06
7.595000e-10 8.343795e-07 1.129633e-06
7.600000e-10 8.301643e-07 1.123961e-06
7.605000e-10 8.259701e-07 1.118316e-06
7.610000e-10 8.217966e-07 1.112700e-06
7.615000e-10 8.176438e-07 1.107111e-06
7.620000e-10 8.135117e-07 1.101549e-06
7.625000e-10 8.094000e-07 1.096015e-06
7.630000e-10 8.053087e-07 1.090508e-06
7.635000e-10 8.012378e-07 1.085028e-06
7.640000e-10 7.971870e-07 1.079576e-06
7.645000e-10 7.931563e-07 1.074150e-06
7.650000e-10 7.891457e-07 1.068750e-06
7.655000e-10 7.851549e-07 1.063377e-06
7.660000e-10 7.811840e-07 1.058031e-06
7.665000e-10 7.772328e-07 1.052711e-06
7.670000e-10 7.733012e-07 1.047417e-06
7.675000e-10 7.693891e-07 1.042150e-06
7.680000e-10 7.654965e-07 1.036908e-06
7.685000e-10 7.616232e-07 1.031692e-06
7.690000e-10 7.577691e-07 1.026502e-06
7.695000e-10 7.539342e-07 1.021337e-06
7.700000e-10 7.501184e-07 1.016198e-06
7.705000e-10 7.463215e-07 1.011084e-06
7.710000e-10 7.425435e-07 1.005995e-06
7.715000e-10 7.387843e-07 1.000931e-06
7.720000e-10 7.350438e-07 9.958929e-07
7.725000e-10 7.313218e-07 9.908791e-07
7.730000e-10 7.276184e-07 9.858901e-07
7.735000e-10 7.239334e-07 9.809256e-07
7.740000e-10 7.202668e-07 9.759857e-07
7.745000e-10 7.166184e-07 9.710701e-07
7.750000e-10 7.129881e-07 9.661789e-07
7.755000e-10 7.093759e-07 9.613117e-07
7.760000e-10 7.057817e-07 9.564686e-07
7.765000e-10 7.022054e-07 9.516494e-07
7.770000e-10 6.986469e-07 9.468540e-07
7.775000e-10 6.951061e-07 9.420823e-07
7.780000e-10 6.915830e-07 9.373341e-07
7.785000e-10 6.880774e-07 9.326095e-07
7.790000e-10 6.845892e-07 9.279081e-07
7.795000e-10 6.811185e-07 9.232300e-07
7.800000e-10 6.776650e-07 9.185751e-07
7.805000e-10 6.742288e-07 9.139431e-07
7.810000e-10 6.708096e-07 9.093341e-07
7.815000e-10 6.674075e-07 9.047478e-07
7.820000e-10 6.640224e-07 9.001842e-07
7.825000e-10 6.606541e-07 8.956432e-07
7.830000e-10 6.573027e-07 8.911247e-07
7.835000e-10 6.539679e-07 8.866285e-07
7.840000e-10 6.506498e-07 8.821545e-07
7.845000e-10 6.473483e-07 8.777027e-07
7.850000e-10 6.440632e-07 8.732730e-07
7.855000e-10 6.407945e-07 8.688652e-07
7.860000e-10 6.375421e-07 8.644791e-07
7.865000e-10 6.343059e-07 8.601149e-07
7.870000e-10 6.310859e-07 8.557722e-07
7.875000e-10 6.278820e-07 8.514510e-07
7.880000e-10 6.246940e-07 8.471513e-07
7.885000e-10 6.215220e-07 8.428728e-07
7.890000e-10 6.183658e-07 8.386156e-07
7.895000e-10 6.152254e-07 8.343795e-07
7.900000e-10 6.121007e-07 8.301643e-07
7.905000e-10 6.089916e-07 8.259701e-07
7.910000e-10 6.058980e-07 8.217966e-07
7.915000e-10 6.028198e-07 8.176438e-07
7.920000e-10 5.997571e-07 8.135117e-07
7.925000e-10 5.967096e-07 8.094000e-07
7.930000e-10 5.936774e-07 8.053087e-07
7.935000e-10 5.906604e-07 8.012378e-07
7.940000e-10 5.876584e-07 7.971870e-07
7.945000e-10 5.846714e-07 7.931563e-07
7.950000e-10 5.816994e-07 7.891457e-07
7.955000e-10 5.787422e-07 7.851549e-07
7.960000e-10 5.757999e-07 7.811840e-07
7.965000e-10 5.728722e-07 7.772328e-07
7.970000e-10 5.699592e-07 7.733012e-07
7.975000e-10 5.670608e-07 7.693891e-07
7.980000e-10 5.641768e-07 7.654965e-07
7.985000e-10 5.613073e-07 7.616232e-07
7.990000e-10 5.584522e-07 7.577691e-07
7.995000e-10 5.556114e-07 7.539342e-07
8.000000e-10 5.527847e-07 7.501184e-07
8.005000e-10 5.499723e-07 7.463215e-07
8.010000e-10 5.471739e-07 7.425435e-07
8.015000e-10 5.443895e-07 7.387843e-07
8.020000e-10 5.416191e-07 7.350438e-07
8.025000e-10 5.388625e-07 7.313218e-07
8.030000e-10 5.361198e-07 7.276184e-07
8.035000e-10 5.333908e-07 7.239334e-07
8.040000e-10 5.306755e-07 7.202668e-07
8.045000e-10 5.279738e-07 7.166184e-07
8.050000e-10 5.252856e-07 7.129881e-07
8.055000e-10 5.226109e-07 7.093759e-07
8.060000e-10 5.199496e-07 7.057817e-07
8.065000e-10 5.173017e-07 7.022054e-07
8.070000e-10 5.146670e-07 6.986469e-07
8.075000e-10 5.120455e-07 6.951061e-07
8.080000e-10 5.094372e-07 6.915830e-07
8.085000e-10 5.068420e-07 6.880774e-07
8.090000e-10 5.042598e-07 6.845892e-07
8.095000e-10 5.016905e-07 6.811185e-07
8.100000e-10 4.991342e-07 6.776650e-07
8.105000e-10 4.965906e-07 6.742288e-07
8.110000e-10 4.940599e-07 6.708096e-07
8.115000e-10 4.915418e-07 6.674075e-07
8.120000e-10 4.890364e-07 6.640224e-07
8.125000e-10 4.865435e-07 6.606541e-07
8.130000e-10 4.840632e-07 6.573027e-07
8.135000e-10 4.815953e-07 6.539679e-07
8.140000e-10 4.791398e-07 6.506498e-07
8.145000e-10 4.766966e-07 6.473483e-07
8.150000e-10 4.742657e-07 6.440632e-07
8.155000e-10 4.718471e-07 6.407945e-07
8.160000e-10 4.694405e-07 6.375421e-07
8.165000e-10 4.670461e-07 6.343059e-07
8.170000e-10 4.646637e-07 6.310859e-07
8.175000e-10 4.622933e-07 6.278820e-07
8.180000e-10 4.599348e-07 6.246940e-07
8.185000e-10 4.575881e-07 6.215220e-07
8.190000e-10 4.552532e-07 6.183658e-07
8.195000e-10 4.529301e-07 6.152254e-07
8.200000e-10 4.506187e-07 6.121007e-07
8.205000e-10 4.483188e-07 6.089916e-07
8.210000e-10 4.460306e-07 6.058980e-07
8.215000e-10 4.437538e-07 6.028198e-07
8.220000e-10 4.414885e-07 5.997571e-07
8.225000e-10 4.392346e-07 5.967096e-07
8.230000e-10 4.369921e-07 5.936774e-07
8.235000e-10 4.347608e-07 5.906604e-07
8.240000e-10 4.325408e-07 5.876584e-07
8.245000e-10 4.303319e-07 5.846714e-07
8.250000e-10 4.281341e-07 5.816994e-07
8.255000e-10 4.259474e-07 5.787422e-07
8.260000e-10 4.237718e-07 5.757999e-07
8.265000e-10 4.216070e-07 5.728722e-07
8.270000e-10 4.194532e-07 5.699592e-07
8.275000e-10 4.173102e-07 5.670608e-07
8.280000e-10 4.151780e-07 5.641768e-07
8.285000e-10 4.130566e-07 5.613073e-07
8.290000e-10 4.109458e-07 5.584522e-07
8.295000e-10 4.088457e-07 5.556114e-07
8.300000e-10 4.067561e-07 5.527847e-07
8.305000e-10 4.046771e-07 5.499723e-07
8.310000e-10 4.026085e-07 5.471739e-07
8.315000e-10 4.005504e-07 5.443895e-07
8.320000e-10 3.985027e-07 5.416191e-07
8.325000e-10 3.964652e-07 5.388625e-07
8.330000e-10 3.944381e-07 5.361198e-07
8.335000e-10 3.924212e-07 5.333908e-07
8.340000e-10 3.904144e-07 5.306755e-07
8.345000e-10 3.884177e-07 5.279738e-07
8.350000e-10 3.864312e-07 5.252856e-07
8.355000e-10 3.844546e-07 5.226109e-07
8.360000e-10 3.824880e-07 5.199496e-07
8.365000e-10 3.805314e-07 5.173017e-07
8.370000e-10 3.785846e-07 5.146670e-07
8.375000e-10 3.766476e-07 5.120455e-07
8.380000e-10 3.747204e-07 5.094372e-07
8.385000e-10 3.728029e-07 5.068420e-07
8.390000e-10 3.708951e-07 5.042598e-07
8.395000e-10 3.689970e-07 5.016905e-07
8.400000e-10 3.671084e-07 4.991342e-07
8.405000e-10 3.652294e-07 4.965906e-07
8.410000e-10 3.633598e-07 4.940599e-07
8.415000e-10 3.614997e-07 4.915418e-07
8.420000e-10 3.596490e-07 4.890364e-07
8.425000e-10 3.578076e-07 4.865435e-07
8.430000e-10 3.559755e-07 4.840632e-07
8.435000e-10 3.541527e-07 4.815953e-07
8.440000e-10 3.523391e-07 4.791398e-07
8.445000e-10 3.505346e-07 4.766966e-07
8.450000e-10 3.487393e-07 4.742657e-07
8.455000e-10 3.469530e-07 4.718471e-07
8.460000e-10 3.451758e-07 4.694405e-07
8.465000e-10 3.434076e-07 4.670461e-07
8.470000e-10 3.416482e-07 4.646637e-07
8.475000e-10 3.398978e-07 4.622933e-07
8.480000e-10 3.381563e-07 4.599348e-07
8.485000e-10 3.364235e-07 4.575881e-07
8.490000e-10 3.346995e-07 4.552532e-07
8.495000e-10 3.329842e-07 4.529301e-07
8.500000e-10 3.312776e-07 4.506187e-07
8.505000e-10 3.295796e-07 4.483188e-07
8.510000e-10 3.278902e-07 4.460306e-07
8.515000e-10 3.262094e-07 4.437538e-07
8.520000e-10 3.245371e-07 4.414885e-07
8.525000e-10 3.228732e-07 4.392346e-07
8.530000e-10 3.212177e-07 4.369921e-07
8.535000e-10 3.195707e-07 4.347608e-07
8.540000e-10 3.179319e-07 4.325408e-07
8.545000e-10 3.163015e-07 4.303319e-07
8.550000e-10 3.146793e-07 4.281341e-07
8.555000e-10 3.130653e-07 4.259474e-07
8.560000e-10 3.114595e-07 4.237718e-07
8.565000e-10 3.098618e-07 4.216070e-07
8.570000e-10 3.082722e-07 4.194532e-07
8.575000e-10 3.066907e-07 4.173102e-07
8.580000e-10 3.051172e-07 4.151780e-07
8.585000e-10 3.035516e-07 4.130566e-07
8.590000e-10 3.019940e-07 4.109458e-07
8.595000e-10 3.004443e-07 4.088457e-07
8.600000e-10 2.989024e-07 4.067561e-07
8.605000e-10 2.973683e-07 4.046771e-07
8.610000e-10 2.958420e-07 4.026085e-07
8.615000e-10 2.943235e-07 4.005504e-07
8.620000e-10 2.928126e-07 3.985027e-07
8.625000e-10 2.913094e-07 3.964652e-07
8.630000e-10 2.898138e-07 3.944381e-07
8.635000e-10 2.883258e-07 3.924212e-07
8.640000e-10 2.868454e-07 3.904144e-07
8.645000e-10 2.853724e-07 3.884177e-07
8.650000e-10 2.839069e-07 3.864312e-07
8.655000e-10 2.824489e-07 3.844546e-07
8.660000e-10 2.809982e-07 3.824880e-07
8.665000e-10 2.795549e-07 3.805314e-07
8.670000e-10 2.781190e-07 3.785846e-07
8.675000e-10 2.766903e-07 3.766476e-07
8.680000e-10 2.752688e-07 3.747204e-07
8.685000e-10 2.738546e-07 3.728029e-07
8.690000e-10 2.724476e-07 3.708951e-07
8.695000e-10 2.710477e-07 3.689970e-07
8.700000e-10 2.696549e-07 3.671084e-07
8.705000e-10 2.682691e-07 3.652294e-07
8.710000e-10 2.668904e-07 3.633598e-07
8.715000e-10 2.655187e-07 3.614997e-07
8.720000e-10 2.641540e-07 3.596490e-07
8.725000e-10 2.627962e-07 3.578076e-07
8.730000e-10 2.614453e-07 3.559755e-07
8.735000e-10 2.601012e-07 3.541527e-07
8.740000e-10 2.587640e-07 3.523391e-07
8.745000e-10 2.574336e-07 3.505346e-07
8.750000e-10 2.561099e-07 3.487393e-07
8.755000e-10 2.547929e-07 3.469530e-07
8.760000e-10 2.534827e-07 3.451758e-07
8.765000e-10 2.521791e-07 3.434076e-07
8.770000e-10 2.508821e-07 3.416482e-07
8.775000e-10 2.495917e-07 3.398978e-07
8.780000e-10 2.483079e-07 3.381563e-07
8.785000e-10 2.470306e-07 3.364235e-07
8.790000e-10 2.457598e-07 3.346995e-07
8.795000e-10 2.444954e-07 3.329842e-07
8.800000e-10 2.432375e-07 3.312776e-07
8.805000e-10 2.419860e-07 3.295796e-07
8.810000e-10 2.407408e-07 3.278902e-07
8.815000e-10 2.395020e-07 3.262094e-07
8.820000e-10 2.382694e-07 3.245371e-07
8.825000e-10 2.370432e-07 3.228732e-07
8.830000e-10 2.358232e-07 3.212177e-07
8.835000e-10 2.346093e-07 3.195707e-07
8.840000e-10 2.334017e-07 3.179319e-07
8.845000e-10 2.322002e-07 3.163015e-07
8.850000e-10 2.310048e-07 3.146793e-07
8.855000e-10 2.298155e-07 3.130653e-07
8.860000e-10 2.286322e-07 3.114595e-07
8.865000e-10 2.274550e-07 3.098618e-07
8.870000e-10 2.262838e-07 3.082722e-07
8.875000e-10 2.251185e-07 3.066907e-07
8.880000e-10 2.239591e-07 3.051172e-07
8.885000e-10 2.228057e-07 3.035516e-07
8.890000e-10 2.216581e-07 3.019940e-07
8.895000e-10 2.205164e-07 3.004443e-07
8.900000e-10 2.193805e-07 2.989024e-07
8.905000e-10 2.182504e-07 2.973683e-07
8.910000e-10 2.171260e-07 2.958420e-07
8.915000e-10 2.160073e-07 2.943235e-07
8.920000e-10 2.148944e-07 2.928126e-07
8.925000e-10 2.137871e-07 2.913094e-07
8.930000e-10 2.126855e-07 2.898138e-07
8.935000e-10 2.115894e-07 2.883258e-07
8.940000e-10 2.104990e-07 2.868454e-07
8.945000e-10 2.094141e-07 2.853724e-07
8.950000e-10 2.083347e-07 2.839069e-07
8.955000e-10 2.072609e-07 2.824489e-07
8.960000e-10 2.061925e-07 2.809982e-07
8.965000e-10 2.051296e-07 2.795549e-07
8.970000e-10 2.040720e-07 2.781190e-07
8.975000e-10 2.030199e-07 2.766903e-07
8.980000e-10 2.019732e-07 2.752688e-07
8.985000e-10 2.009317e-07 2.738546e-07
8.990000e-10 1.998956e-07 2.724476e-07
8.995000e-10 1.988648e-07 2.710477e-07
9.000000e-10 1.978392e-07 2.696549e-07
9.005000e-10 1.968189e-07 2.682691e-07
9.010000e-10 1.958037e-07 2.668904e-07
9.015000e-10 1.947938e-07 2.655187e-07
9.020000e-10 1.937889e-07 2.641540e-07
9.025000e-10 1.927893e-07 2.627962e-07
9.030000e-10 1.917947e-07 2.614453e-07
9.035000e-10 1.908052e-07 2.601012e-07
9.040000e-10 1.898207e-07 2.587640e-07
9.045000e-10 1.888413e-07 2.574336e-07
9.050000e-10 1.878668e-07 2.561099e-07
9.055000e-10 1.868974e-07 2.547929e-07
9.060000e-10 1.859329e-07 2.534827e-07
9.065000e-10 1.849733e-07 2.521791e-07
9.070000e-10 1.840186e-07 2.508821e-07
9.075000e-10 1.830688e-07 2.495917e-07
9.080000e-10 1.821238e-07 2.483079e-07
9.085000e-10 1.811837e-07 2.470306e-07
9.090000e-10 1.802483e-07 2.457598e-07
9.095000e-10 1.793178e-07 2.444954e-07
9.100000e-10 1.783919e-07 2.432375e-07
9.105000e-10 1.774709e-07 2.419860e-07
9.110000e-10 1.765545e-07 2.407408e-07
9.115000e-10 1.756428e-07 2.395020e-07
9.120000e-10 1.747357e-07 2.382694e-07
9.125000e-10 1.738333e-07 2.370432e-07
9.130000e-10 1.729356e-07 2.358232e-07
9.135000e-10 1.720423e-07 2.346093e-07
9.140000e-10 1.711537e-07 2.334017e-07
9.145000e-10 1.702696e-07 2.322002e-07
9.150000e-10 1.693900e-07 2.310048e-07
9.155000e-10 1.685149e-07 2.298155e-07
9.160000e-10 1.676443e-07 2.286322e-07
9.165000e-10 1.667782e-07 2.274550e-07
9.170000e-10 1.659164e-07 2.262838e-07
9.175000e-10 1.650591e-07 2.251185e-07
9.180000e-10 1.642062e-07 2.239591e-07
9.185000e-10 1.633576e-07 2.228057e-07
9.190000e-10 1.625134e-07 2.216581e-07
9.195000e-10 1.616734e-07 2.205164e-07
9.200000e-10 1.608378e-07 2.193805e-07
9.205000e-10 1.600065e-07 2.182504e-07
9.210000e-10 1.591794e-07 2.171260e-07
9.215000e-10 1.583565e-07 2.160073e-07
9.220000e-10 1.575378e-07 2.148944e-07
9.225000e-10 1.567234e-07 2.137871e-07
9.230000e-10 1.559131e-07 2.126855e-07
9.235000e-10 1.551069e-07 2.115894e-07
9.240000e-10 1.543049e-07 2.104990e-07
9.245000e-10 1.535070e-07 2.094141e-07
9.250000e-10 1.527131e-07 2.083347e-07
9.255000e-10 1.519234e-07 2.072609e-07
9.260000e-10 1.511376e-07 2.061925e-07
9.265000e-10 1.503559e-07 2.051296e-07
9.270000e-10 1.495782e-07 2.040720e-07
9.275000e-10 1.488045e-07 2.030199e-07
9.280000e-10 1.480347e-07 2.019732e-07
9.285000e-10 1.472689e-07 2.009317e-07
9.290000e-10 1.465070e-07 1.998956e-07
9.295000e-10 1.457490e-07 1.988648e-07
9.300000e-10 1.449949e-07 1.978392e-07
9.305000e-10 1.442446e-07 1.968189e-07
9.310000e-10 1.434982e-07 1.958037e-07
9.315000e-10 1.427556e-07 1.947938e-07
9.320000e-10 1.420169e-07 1.937889e-07
9.325000e-10 1.412819e-07 1.927893e-07
9.330000e-10 1.405506e-07 1.917947e-07
9.335000e-10 1.398231e-07 1.908052e-07
9.340000e-10 1.390994e-07 1.898207e-07
9.345000e-10 1.383793e-07 1.888413e-07
9.350000e-10 1.376630e-07 1.878668e-07
9.355000e-10 1.369503e-07 1.868974e-07
9.360000e-10 1.362413e-07 1.859329e-07
9.365000e-10 1.355359e-07 1.849733e-07
9.370000e-10 1.348341e-07 1.840186e-07
9.375000e-10 1.341359e-07 1.830688e-07
9.380000e-10 1.334413e-07 1.821238e-07
9.385000e-10 1.327503e-07 1.811837e-07
9.390000e-10 1.320628e-07 1.802483e-07
9.395000e-10 1.313788e-07 1.793178e-07
9.400000e-10 1.306984e-07 1.783919e-07
9.405000e-10 1.300214e-07 1.774709e-07
9.410000e-10 1.293479e-07 1.765545e-07
9.415000e-10 1.286778e-07 1.756428e-07
9.420000e-10 1.280112e-07 1.747357e-07
9.425000e-10 1.273481e-07 1.738333e-07
9.430000e-10 1.266883e-07 1.729356e-07
9.435000e-10 1.260319e-07 1.720423e-07
9.440000e-10 1.253788e-07 1.711537e-07
9.445000e-10 1.247292e-07 1.702696e-07
9.450000e-10 1.240828e-07 1.693900e-07
9.455000e-10 1.234398e-07 1.685149e-07
9.460000e-10 1.228001e-07 1.676443e-07
9.465000e-10 1.221636e-07 1.667782e-07
9.470000e-10 1.215304e-07 1.659164e-07
9.475000e-10 1.209005e-07 1.650591e-07
9.480000e-10 1.202738e-07 1.642062e-07
9.485000e-10 1.196504e-07 1.633576e-07
9.490000e-10 1.190301e-07 1.625134e-07
9.495000e-10 1.184130e-07 1.616734e-07
9.500000e-10 1.177991e-07 1.608378e-07
9.505000e-10 1.171883e-07 1.600065e-07
9.510000e-10 1.165807e-07 1.591794e-07
9.515000e-10 1.159762e-07 1.583565e-07
9.520000e-10 1.153748e-07 1.575378e-07
9.525000e-10 1.147765e-07 1.567234e-07
9.530000e-10 1.141812e-07 1.559131e-07
9.535000e-10 1.135891e-07 1.551069e-07
9.540000e-10 1.129999e-07 1.543049e-07
9.545000e-10 1.124138e-07 1.535070e-07
9.550000e-10 1.118307e-07 1.527131e-07
9.555000e-10 1.112506e-07 1.519234e-07
9.560000e-10 1.106735e-07 1.511376e-07
9.565000e-10 1.100993e-07 1.503559e-07
9.570000e-10 1.095281e-07 1.495782e-07
9.575000e-10 1.089599e-07 1.488045e-07
9.580000e-10 1.083945e-07 1.480347e-07
9.585000e-10 1.078321e-07 1.472689e-07
9.590000e-10 1.072725e-07 1.465070e-07
9.595000e-10 1.067159e-07 1.457490e-07
9.600000e-10 1.061621e-07 1.449949e-07
9.605000e-10 1.056111e-07 1.442446e-07
9.610000e-10 1.050630e-07 1.434982e-07
9.615000e-10 1.045177e-07 1.427556e-07
9.620000e-10 1.039752e-07 1.420169e-07
9.625000e-10 1.034354e-07 1.412819e-07
9.630000e-10 1.028985e-07 1.405506e-07
9.635000e-10 1.023643e-07 1.398231e-07
9.640000e-10 1.018329e-07 1.390994e-07
9.645000e-10 1.013042e-07 1.383793e-07
9.650000e-10 1.007782e-07 1.376630e-07
9.655000e-10 1.002550e-07 1.369503e-07
9.660000e-10 9.973440e-08 1.362413e-07
9.665000e-10 9.921650e-08 1.355359e-07
9.670000e-10 9.870127e-08 1.348341e-07
9.675000e-10 9.818869e-08 1.341359e-07
9.680000e-10 9.767875e-08 1.334413e-07
9.685000e-10 9.717144e-08 1.327503e-07
9.690000e-10 9.666674e-08 1.320628e-07
9.695000e-10 9.616463e-08 1.313788e-07
9.700000e-10 9.566511e-08 1.306984e-07
9.705000e-10 9.516816e-08 1.300214e-07
9.710000e-10 9.467377e-08 1.293479e-07
9.715000e-10 9.418193e-08 1.286778e-07
9.720000e-10 9.369261e-08 1.280112e-07
9.725000e-10 9.320582e-08 1.273481e-07
9.730000e-10 9.272154e-08 1.266883e-07
9.735000e-10 9.223974e-08 1.260319e-07
9.740000e-10 9.176044e-08 1.253788e-07
9.745000e-10 9.128359e-08 1.247292e-07
9.750000e-10 9.080921e-08 1.240828e-07
9.755000e-10 9.033727e-08 1.234398e-07
9.760000e-10 8.986776e-08 1.228001e-07
9.765000e-10 8.940067e-08 1.221636e-07
9.770000e-10 8.893599e-08 1.215304e-07
9.775000e-10 8.847370e-08 1.209005e-07
9.780000e-10 8.801379e-08 1.202738e-07
9.785000e-10 8.755625e-08 1.196504e-07
9.790000e-10 8.710107e-08 1.190301e-07
9.795000e-10 8.664824e-08 1.184130e-07
9.800000e-10 8.619774e-08 1.177991e-07
9.805000e-10 8.574956e-08 1.171883e-07
9.810000e-10 8.530370e-08 1.165807e-07
9.815000e-10 8.486013e-08 1.159762e-07
9.820000e-10 8.441885e-08 1.153748e-07
9.825000e-10 8.397984e-08 1.147765e-07
9.830000e-10 8.354310e-08 1.141812e-07
9.835000e-10 8.310860e-08 1.135891e-07
9.840000e-10 8.267635e-08 1.129999e-07
9.845000e-10 8.224633e-08 1.124138e-07
9.850000e-10 8.181853e-08 1.118307e-07
9.855000e-10 8.139293e-08 1.112506e-07
9.860000e-10 8.096953e-08 1.106735e-07
9.865000e-10 8.054831e-08 1.100993e-07
9.870000e-10 8.012926e-08 1.095281e-07
9.875000e-10 7.971238e-08 1.089599e-07
9.880000e-10 7.929765e-08 1.083945e-07
9.885000e-10 7.888505e-08 1.078321e-07
9.890000e-10 7.847459e-08 1.072725e-07
9.895000e-10 7.806624e-08 1.067159e-07
9.900000e-10 7.766000e-08 1.061621e-07
9.905000e-10 7.725585e-08 1.056111e-07
9.910000e-10 7.685380e-08 1.050630e-07
9.915000e-10 7.645381e-08 1.045177e-07
9.920000e-10 7.605589e-08 1.039752e-07
9.925000e-10 7.566003e-08 1.034354e-07
9.930000e-10 7.526621e-08 1.028985e-07
9.935000e-10 7.487442e-08 1.023643e-07
9.940000e-10 7.448465e-08 1.018329e-07
9.945000e-10 7.409690e-08 1.013042e-07
9.950000e-10 7.371115e-08 1.007782e-07
9.955000e-10 7.332739e-08 1.002550e-07
9.960000e-10 7.294561e-08 9.973440e-08
9.965000e-10 7.256580e-08 9.921650e-08
9.970000e-10 7.218795e-08 9.870127e-08
9.975000e-10 7.181206e-08 9.818869e-08
9.980000e-10 7.143811e-08 9.767875e-08
9.985000e-10 7.106608e-08 9.717144e-08
9.990000e-10 7.069598e-08 9.666674e-08
9.995000e-10 7.032780e-08 9.616463e-08
1.000000e-09 6.996151e-08 9.566511e-08
1.000500e-09 6.959711e-08 9.516816e-08
1.001000e-09 6.923460e-08 9.467377e-08
1.001500e-09 6.887396e-08 9.418193e-08
1.002000e-09 6.851519e-08 9.369261e-08
1.002500e-09 6.815827e-08 9.320582e-08
1.003000e-09 6.780319e-08 9.272154e-08
1.003500e-09 6.744995e-08 9.223974e-08
1.004000e-09 6.709853e-08 9.176044e-08
1.004500e-09 6.674893e-08 9.128359e-08
1.005000e-09 6.640113e-08 9.080921e-08
1.005500e-09 6.605514e-08 9.033727e-08
1.006000e-09 6.571093e-08 8.986776e-08
1.006500e-09 6.536850e-08 8.940067e-08
1.007000e-09 6.502784e-08 8.893599e-08
1.007500e-09 6.468895e-08 8.847370e-08
1.008000e-09 6.435180e-08 8.801379e-08
1.008500e-09 6.401640e-08 8.755625e-08
1.009000e-09 6.368273e-08 8.710107e-08
1.009500e-09 6.335079e-08 8.664824e-08
1.010000e-09 6.302057e-08 8.619774e-08
1.010500e-09 6.269205e-08 8.574956e-08
1.011000e-09 6.236523e-08 8.530370e-08
1.011500e-09 6.204010e-08 8.486013e-08
1.012000e-09 6.171665e-08 8.441885e-08
1.012500e-09 6.139488e-08 8.397984e-08
1.013000e-09 6.107477e-08 8.354310e-08
1.013500e-09 6.075632e-08 8.310860e-08
1.014000e-09 6.043951e-08 8.267635e-08
1.014500e-09 6.012435e-08 8.224633e-08
1.015000e-09 5.981081e-08 8.181853e-08
1.015500e-09 5.949890e-08 8.139293e-08
1.016000e-09 5.918860e-08 8.096953e-08
1.016500e-09 5.887990e-08 8.054831e-08
1.017000e-09 5.857281e-08 8.012926e-08
1.017500e-09 5.826730e-08 7.971238e-08
1.018000e-09 5.796337e-08 7.929765e-08
1.018500e-09 5.766102e-08 7.888505e-08
1.019000e-09 5.736023e-08 7.847459e-08
1.019500e-09 5.706100e-08 7.806624e-08
1.020000e-09 5.676332e-08 7.766000e-08
1.020500e-09 5.646718e-08 7.725585e-08
1.021000e-09 5.617257e-08 7.685380e-08
1.021500e-09 5.587949e-08 7.645381e-08
1.022000e-09 5.558792e-08 7.605589e-08
1.022500e-09 5.529787e-08 7.566003e-08
1.023000e-09 5.500931e-08 7.526621e-08
1.023500e-09 5.472225e-08 7.487442e-08
1.024000e-09 5.443668e-08 7.448465e-08
1.024500e-09 5.415259e-08 7.409690e-08
1.025000e-09 5.386997e-08 7.371115e-08
1.025500e-09 5.358881e-08 7.332739e-08
1.026000e-09 5.330911e-08 7.294561e-08
1.026500e-09 5.303085e-08 7.256580e-08
1.027000e-09 5.275404e-08 7.218795e-08
1.027500e-09 5.247866e-08 7.181206e-08
1.028000e-09 5.220471e-08 7.143811e-08
1.028500e-09 5.193218e-08 7.106608e-08
1.029000e-09 5.166106e-08 7.069598e-08
1.029500e-09 5.139135e-08 7.032780e-08
1.030000e-09 5.112303e-08 6.996151e-08
1.030500e-09 5.085610e-08 6.959711e-08
1.031000e-09 5.059056e-08 6.923460e-08
1.031500e-09 5.032639e-08 6.887396e-08
1.032000e-09 5.006359e-08 6.851519e-08
1.032500e-09 4.980216e-08 6.815827e-08
1.033000e-09 4.954208e-08 6.780319e-08
1.033500e-09 4.928334e-08 6.744995e-08
1.034000e-09 4.902595e-08 6.709853e-08
1.034500e-09 4.876990e-08 6.674893e-08
1.035000e-09 4.851517e-08 6.640113e-08
1.035500e-09 4.826176e-08 6.605514e-08
1.036000e-09 4.800966e-08 6.571093e-08
1.036500e-09 4.775887e-08 6.536850e-08
1.037000e-09 4.750939e-08 6.502784e-08
1.037500e-09 4.726119e-08 6.468895e-08
1.038000e-09 4.701429e-08 6.435180e-08
1.038500e-09 4.676866e-08 6.401640e-08
1.039000e-09 4.652431e-08 6.368273e-08
1.039500e-09 4.628122e-08 6.335079e-08
1.040000e-09 4.603940e-08 6.302057e-08
1.040500e-09 4.579883e-08 6.269205e-08
1.041000e-09 4.555951e-08 6.236523e-08
1.041500e-09 4.532143e-08 6.204010e-08
1.042000e-09 4.508458e-08 6.171665e-08
1.042500e-09 4.484897e-08 6.139488e-08
1.043000e-09 4.461457e-08 6.107477e-08
1.043500e-09 4.438139e-08 6.075632e-08
1.044000e-09 4.414943e-08 6.043951e-08
1.044500e-09 4.391866e-08 6.012435e-08
1.045000e-09 4.368910e-08 5.981081e-08
1.045500e-09 4.346072e-08 5.949890e-08
1.046000e-09 4.323353e-08 5.918860e-08
1.046500e-09 4.300752e-08 5.887990e-08
1.047000e-09 4.278268e-08 5.857281e-08
1.047500e-09 4.255901e-08 5.826730e-08
1.048000e-09 4.233650e-08 5.796337e-08
1.048500e-09 4.211515e-08 5.766102e-08
1.049000e-09 4.189494e-08 5.736023e-08
1.049500e-09 4.167588e-08 5.706100e-08
1.050000e-09 4.145795e-08 5.676332e-08
1.050500e-09 4.124116e-08 5.646718e-08
1.051000e-09 4.102549e-08 5.617257e-08
1.051500e-09 4.081095e-08 5.587949e-08
1.052000e-09 4.059751e-08 5.558792e-08
1.052500e-09 4.038519e-08 5.529787e-08
1.053000e-09 4.017396e-08 5.500931e-08
1.053500e-09 3.996384e-08 5.472225e-08
1.054000e-09 3.975480e-08 5.443668e-08
1.054500e-09 3.954685e-08 5.415259e-08
1.055000e-09 3.933998e-08 5.386997e-08
1.055500e-09 3.913419e-08 5.358881e-08
1.056000e-09 3.892947e-08 5.330911e-08
1.056500e-09 3.872580e-08 5.303085e-08
1.057000e-09 3.852320e-08 5.275404e-08
1.057500e-09 3.832165e-08 5.247866e-08
1.058000e-09 3.812115e-08 5.220471e-08
1.058500e-09 3.792168e-08 5.193218e-08
1.059000e-09 3.772326e-08 5.166106e-08
1.059500e-09 3.752586e-08 5.139135e-08
1.060000e-09 3.732950e-08 5.112303e-08
1.060500e-09 3.713415e-08 5.085610e-08
1.061000e-09 3.693981e-08 5.059056e-08
1.061500e-09 3.674649e-08 5.032639e-08
1.062000e-09 3.655417e-08 5.006359e-08
1.062500e-09 3.636285e-08 4.980216e-08
1.063000e-09 3.617253e-08 4.954208e-08
1.063500e-09 3.598320e-08 4.928334e-08
1.064000e-09 3.579485e-08 4.902595e-08
1.064500e-09 3.560747e-08 4.876990e-08
1.065000e-09 3.542108e-08 4.851517e-08
1.065500e-09 3.523565e-08 4.826176e-08
1.066000e-09 3.505119e-08 4.800966e-08
1.066500e-09 3.486768e-08 4.775887e-08
1.067000e-09 3.468513e-08 4.750939e-08
1.067500e-09 3.450353e-08 4.726119e-08
1.068000e-09 3.432287e-08 4.701429e-08
1.068500e-09 3.414315e-08 4.676866e-08
1.069000e-09 3.396437e-08 4.652431e-08
1.069500e-09 3.378652e-08 4.628122e-08
1.070000e-09 3.360959e-08 4.603940e-08
1.070500e-09 3.343358e-08 4.579883e-08
1.071000e-09 3.325849e-08 4.555951e-08
1.071500e-09 3.308431e-08 4.532143e-08
1.072000e-09 3.291104e-08 4.508458e-08
1.072500e-09 3.273866e-08 4.484897e-08
1.073000e-09 3.256718e-08 4.461457e-08
1.073500e-09 3.239660e-08 4.438139e-08
1.074000e-09 3.222690e-08 4.414943e-08
1.074500e-09 3.205809e-08 4.391866e-08
1.075000e-09 3.189015e-08 4.368910e-08
1.075500e-09 3.172309e-08 4.346072e-08
1.076000e-09 3.155690e-08 4.323353e-08
1.076500e-09 3.139157e-08 4.300752e-08
1.077000e-09 3.122710e-08 4.278268e-08
1.077500e-09 3.106349e-08 4.255901e-08
1.078000e-09 3.090073e-08 4.233650e-08
1.078500e-09 3.073882e-08 4.211515e-08
1.079000e-09 3.057775e-08 4.189494e-08
1.079500e-09 3.041752e-08 4.167588e-08
1.080000e-09 3.025812e-08 4.145795e-08
1.080500e-09 3.009956e-08 4.124116e-08
1.081000e-09 2.994182e-08 4.102549e-08
1.081500e-09 2.978490e-08 4.081095e-08
1.082000e-09 2.962879e-08 4.059751e-08
1.082500e-09 2.947350e-08 4.038519e-08
1.083000e-09 2.931902e-08 4.017396e-08
1.083500e-09 2.916534e-08 3.996384e-08
1.084000e-09 2.901247e-08 3.975480e-08
1.084500e-09 2.886038e-08 3.954685e-08
1.085000e-09 2.870910e-08 3.933998e-08
1.085500e-09 2.855859e-08 3.913419e-08
1.086000e-09 2.840888e-08 3.892947e-08
1.086500e-09 2.825994e-08 3.872580e-08
1.087000e-09 2.811178e-08 3.852320e-08
1.087500e-09 2.796439e-08 3.832165e-08
1.088000e-09 2.781777e-08 3.812115e-08
1.088500e-09 2.767191e-08 3.792168e-08
1.089000e-09 2.752681e-08 3.772326e-08
1.089500e-09 2.738247e-08 3.752586e-08
1.090000e-09 2.723888e-08 3.732950e-08
1.090500e-09 2.709604e-08 3.713415e-08
1.091000e-09 2.695394e-08 3.693981e-08
1.091500e-09 2.681258e-08 3.674649e-08
1.092000e-09 2.667196e-08 3.655417e-08
1.092500e-09 2.653207e-08 3.636285e-08
1.093000e-09 2.639291e-08 3.617253e-08
1.093500e-09 2.625448e-08 3.598320e-08
1.094000e-09 2.611677e-08 3.579485e-08
1.094500e-09 2.597977e-08 3.560747e-08
1.095000e-09 2.584349e-08 3.542108e-08
1.095500e-09 2.570792e-08 3.523565e-08
1.096000e-09 2.557306e-08 3.505119e-08
1.096500e-09 2.543890e-08 3.486768e-08
1.097000e-09 2.530544e-08 3.468513e-08
1.097500e-09 2.517267e-08 3.450353e-08
1.098000e-09 2.504060e-08 3.432287e-08
1.098500e-09 2.490922e-08 3.414315e-08
1.099000e-09 2.477852e-08 3.396437e-08
1.099500e-09 2.464850e-08 3.378652e-08
1.100000e-09 2.451916e-08 3.360959e-08
1.100500e-09 2.439050e-08 3.343358e-08
1.101000e-09 2.426250e-08 3.325849e-08
1.101500e-09 2.413518e-08 3.308431e-08
1.102000e-09 2.400851e-08 3.291104e-08
1.102500e-09 2.388251e-08 3.273866e-08
1.103000e-09 2.375717e-08 3.256718e-08
1.103500e-09 2.363248e-08 3.239660e-08
1.104000e-09 2.350843e-08 3.222690e-08
1.104500e-09 2.338504e-08 3.205809e-08
1.105000e-09 2.326229e-08 3.189015e-08
1.105500e-09 2.314018e-08 3.172309e-08
1.106000e-09 2.301871e-08 3.155690e-08
1.106500e-09 2.289787e-08 3.139157e-08
1.107000e-09 2.277766e-08 3.122710e-08
1.107500e-09 2.265808e-08 3.106349e-08
1.108000e-09 2.253912e-08 3.090073e-08
1.108500e-09 2.242079e-08 3.073882e-08
1.109000e-09 2.230307e-08 3.057775e-08
1.109500e-09 2.218596e-08 3.041752e-08
1.110000e-09 2.206947e-08 3.025812e-08
1.110500e-09 2.195359e-08 3.009956e-08
1.111000e-09 2.183830e-08 2.994182e-08
1.111500e-09 2.172363e-08 2.978490e-08
1.112000e-09 2.160955e-08 2.962879e-08
1.112500e-09 2.149606e-08 2.947350e-08
1.113000e-09 2.138317e-08 2.931902e-08
1.113500e-09 2.127086e-08 2.916534e-08
1.114000e-09 2.115915e-08 2.901247e-08
1.114500e-09 2.104801e-08 2.886038e-08
1.115000e-09 2.093746e-08 2.870910e-08
1.115500e-09 2.082748e-08 2.855859e-08
1.116000e-09 2.071808e-08 2.840888e-08
1.116500e-09 2.060925e-08 2.825994e-08
1.117000e-09 2.050099e-08 2.811178e-08
1.117500e-09 2.039329e-08 2.796439e-08
1.118000e-09 2.028616e-08 2.781777e-08
1.118500e-09 2.017958e-08 2.767191e-08
1.119000e-09 2.007356e-08 2.752681e-08
1.119500e-09 1.996810e-08 2.738247e-08
1.120000e-09 1.986318e-08 2.723888e-08
1.120500e-09 1.975882e-08 2.709604e-08
1.121000e-09 1.965499e-08 2.695394e-08
1.121500e-09 1.955172e-08 2.681258e-08
1.122000e-09 1.944898e-08 2.667196e-08
1.122500e-09 1.934677e-08 2.653207e-08
1.123000e-09 1.924510e-08 2.639291e-08
1.123500e-09 1.914397e-08 2.625448e-08
1.124000e-09 1.904336e-08 2.611677e-08
1.124500e-09 1.894327e-08 2.597977e-08
1.125000e-09 1.884371e-08 2.584349e-08
1.125500e-09 1.874467e-08 2.570792e-08
1.126000e-09 1.864615e-08 2.557306e-08
1.126500e-09 1.854814e-08 2.543890e-08
1.127000e-09 1.845064e-08 2.530544e-08
1.127500e-09 1.835366e-08 2.517267e-08
1.128000e-09 1.825718e-08 2.504060e-08
1.128500e-09 1.816120e-08 2.490922e-08
1.129000e-09 1.806573e-08 2.477852e-08
1.129500e-09 1.797075e-08 2.464850e-08
1.130000e-09 1.787627e-08 2.451916e-08
1.130500e-09 1.778229e-08 2.439050e-08
1.131000e-09 1.768880e-08 2.426250e-08
1.131500e-09 1.759579e-08 2.413518e-08
1.132000e-09 1.750327e-08 2.400851e-08
1.132500e-09 1.741124e-08 2.388251e-08
1.133000e-09 1.731968e-08 2.375717e-08
1.133500e-09 1.722861e-08 2.363248e-08
1.134000e-09 1.713801e-08 2.350843e-08
1.134500e-09 1.704788e-08 2.338504e-08
1.135000e-09 1.695823e-08 2.326229e-08
1.135500e-09 1.686905e-08 2.314018e-08
1.136000e-09 1.678033e-08 2.301871e-08
1.136500e-09 1.669207e-08 2.289787e-08
1.137000e-09 1.660428e-08 2.277766e-08
1.137500e-09 1.651694e-08 2.265808e-08
1.138000e-09 1.643007e-08 2.253912e-08
1.138500e-09 1.634364e-08 2.242079e-08
1.139000e-09 1.625767e-08 2.230307e-08
1.139500e-09 1.617215e-08 2.218596e-08
1.140000e-09 1.608708e-08 2.206947e-08
1.140500e-09 1.600245e-08 2.195359e-08
1.141000e-09 1.591826e-08 2.183830e-08
1.141500e-09 1.583451e-08 2.172363e-08
1.142000e-09 1.575121e-08 2.160955e-08
1.142500e-09 1.566833e-08 2.149606e-08
1.143000e-09 1.558590e-08 2.138317e-08
1.143500e-09 1.550389e-08 2.127086e-08
1.144000e-09 1.542231e-08 2.115915e-08
1.144500e-09 1.534116e-08 2.104801e-08
1.145000e-09 1.526043e-08 2.093746e-08
1.145500e-09 1.518013e-08 2.082748e-08
1.146000e-09 1.510024e-08 2.071808e-08
1.146500e-09 1.502078e-08 2.060925e-08
1.147000e-09 1.494173e-08 2.050099e-08
1.147500e-09 1.486309e-08 2.039329e-08
1.148000e-09 1.478487e-08 2.028616e-08
1.148500e-09 1.470705e-08 2.017958e-08
1.149000e-09 1.462964e-08 2.007356e-08
1.149500e-09 1.455264e-08 1.996810e-08
1.150000e-09 1.447604e-08 1.986318e-08
1.150500e-09 1.439984e-08 1.975882e-08
1.151000e-09 1.432404e-08 1.965499e-08
1.151500e-09 1.424864e-08 1.955172e-08
1.152000e-09 1.417363e-08 1.944898e-08
1.152500e-09 1.409901e-08 1.934677e-08
1.153000e-09 1.402479e-08 1.924510e-08
1.153500e-09 1.395095e-08 1.914397e-08
1.154000e-09 1.387750e-08 1.904336e-08
1.154500e-09 1.380444e-08 1.894327e-08
1.155000e-09 1.373175e-08 1.884371e-08
1.155500e-09 1.365945e-08 1.874467e-08
1.156000e-09 1.358753e-08 1.864615e-08
1.156500e-09 1.351598e-08 1.854814e-08
1.157000e-09 1.344481e-08 1.845064e-08
1.157500e-09 1.337401e-08 1.835366e-08
1.158000e-09 1.330358e-08 1.825718e-08
1.158500e-09 1.323352e-08 1.816120e-08
1.159000e-09 1.316383e-08 1.806573e-08
1.159500e-09 1.309450e-08 1.797075e-08
1.160000e-09 1.302554e-08 1.787627e-08
1.160500e-09 1.295693e-08 1.778229e-08
1.161000e-09 1.288869e-08 1.768880e-08
1.161500e-09 1.282080e-08 1.759579e-08
1.162000e-09 1.275327e-08 1.750327e-08
1.162500e-09 1.268609e-08 1.741124e-08
1.163000e-09 1.261927e-08 1.731968e-08
1.163500e-09 1.255279e-08 1.722861e-08
1.164000e-09 1.248667e-08 1.713801e-08
1.164500e-09 1.242089e-08 1.704788e-08
1.165000e-09 1.235545e-08 1.695823e-08
1.165500e-09 1.229036e-08 1.686905e-08
1.166000e-09 1.222561e-08 1.678033e-08
1.166500e-09 1.216120e-08 1.669207e-08
1.167000e-09 1.209712e-08 1.660428e-08
1.167500e-09 1.203338e-08 1.651694e-08
1.168000e-09 1.196998e-08 1.643007e-08
1.168500e-09 1.190691e-08 1.634364e-08
1.169000e-09 1.184416e-08 1.625767e-08
1.169500e-09 1.178175e-08 1.617215e-08
1.170000e-09 1.171966e-08 1.608708e-08
1.170500e-09 1.165790e-08 1.600245e-08
1.171000e-09 1.159647e-08 1.591826e-08
1.171500e-09 1.153535e-08 1.583451e-08
1.172000e-09 1.147456e-08 1.575121e-08
1.172500e-09 1.141408e-08 1.566833e-08
1.173000e-09 1.135393e-08 1.558590e-08
1.173500e-09 1.129408e-08 1.550389e-08
1.174000e-09 1.123455e-08 1.542231e-08
1.174500e-09 1.117534e-08 1.534116e-08
1.175000e-09 1.111643e-08 1.526043e-08
1.175500e-09 1.105783e-08 1.518013e-08
1.176000e-09 1.099954e-08 1.510024e-08
1.176500e-09 1.094156e-08 1.502078e-08
1.177000e-09 1.088388e-08 1.494173e-08
1.177500e-09 1.082650e-08 1.486309e-08
1.178000e-09 1.076942e-08 1.478487e-08
1.178500e-09 1.071264e-08 1.470705e-08
1.179000e-09 1.065616e-08 1.462964e-08
1.179500e-09 1.059998e-08 1.455264e-08
1.180000e-09 1.054409e-08 1.447604e-08
1.180500e-09 1.048849e-08 1.439984e-08
1.181000e-09 1.043319e-08 1.432404e-08
1.181500e-09 1.037817e-08 1.424864e-08
1.182000e-09 1.032345e-08 1.417363e-08
1.182500e-09 1.026901e-08 1.409901e-08
1.183000e-09 1.021486e-08 1.402479e-08
1.183500e-09 1.016099e-08 1.395095e-08
1.184000e-09 1.010740e-08 1.387750e-08
1.184500e-09 1.005410e-08 1.380444e-08
1.185000e-09 1.000107e-08 1.373175e-08
1.185500e-09 9.948325e-09 1.365945e-08
1.186000e-09 9.895855e-09 1.358753e-08
1.186500e-09 9.843660e-09 1.351598e-08
1.187000e-09 9.791739e-09 1.344481e-08
1.187500e-09 9.740090e-09 1.337401e-08
1.188000e-09 9.688712e-09 1.330358e-08
1.188500e-09 9.637605e-09 1.323352e-08
1.189000e-09 9.586765e-09 1.316383e-08
1.189500e-09 9.536192e-09 1.309450e-08
1.190000e-09 9.485885e-09 1.302554e-08
1.190500e-09 9.435841e-09 1.295693e-08
1.191000e-09 9.386060e-09 1.288869e-08
1.191500e-09 9.336541e-09 1.282080e-08
1.192000e-09 9.287282e-09 1.275327e-08
1.192500e-09 9.238281e-09 1.268609e-08
1.193000e-09 9.189537e-09 1.261927e-08
1.193500e-09 9.141049e-09 1.255279e-08
1.194000e-09 9.092816e-09 1.248667e-08
1.194500e-09 9.044836e-09 1.242089e-08
1.195000e-09 8.997108e-09 1.235545e-08
1.195500e-09 8.949631e-09 1.229036e-08
1.196000e-09 8.902403e-09 1.222561e-08
1.196500e-09 8.855423e-09 1.216120e-08
1.197000e-09 8.808689e-09 1.209712e-08
1.197500e-09 8.762201e-09 1.203338e-08
1.198000e-09 8.715957e-09 1.196998e-08
1.198500e-09 8.669956e-09 1.190691e-08
1.199000e-09 8.624197e-09 1.184416e-08
1.199500e-09 8.578678e-09 1.178175e-08
1.200000e-09 8.533398e-09 1.171966e-08
