0.000000e+00 0 0
5.000000e-13 0 0
1.000000e-12 0 0
1.500000e-12 0 0
2.000000e-12 0 0
2.500000e-12 0 0
3.000000e-12 0 0
3.500000e-12 0 0
4.000000e-12 0 0
4.500000e-12 0 0
5.000000e-12 0 0
5.500000e-12 0 0
6.000000e-12 0 0
6.500000e-12 0 0
7.000000e-12 0 0
7.500000e-12 0 0
8.000000e-12 0 0
8.500000e-12 0 0
9.000000e-12 0 0
9.500000e-12 0 0
1.000000e-11 0 0
1.050000e-11 0 0
1.100000e-11 0 0
1.150000e-11 0 0
1.200000e-11 0 0
1.250000e-11 0 0
1.300000e-11 0 0
1.350000e-11 0 0
1.400000e-11 0 0
1.450000e-11 0 0
1.500000e-11 0 0
1.550000e-11 0 0
1.600000e-11 0 0
1.650000e-11 0 0
1.700000e-11 0 0
1.750000e-11 0 0
1.800000e-11 0 0
1.850000e-11 0 0
1.900000e-11 0 0
1.950000e-11 0 0
2.000000e-11 0 0
2.050000e-11 0 0
2.100000e-11 0 0
2.150000e-11 0 0
2.200000e-11 0 0
2.250000e-11 0 0
2.300000e-11 0 0
2.350000e-11 0 0
2.400000e-11 0 0
2.450000e-11 0 0
2.500000e-11 0 0
2.550000e-11 0 0
2.600000e-11 0 0
2.650000e-11 0 0
2.700000e-11 0 0
2.750000e-11 0 0
2.800000e-11 0 0
2.850000e-11 0 0
2.900000e-11 0 0
2.950000e-11 0 0
3.000000e-11 0 0
3.050000e-11 0 0
3.100000e-11 0 0
3.150000e-11 0 0
3.200000e-11 0 0
3.250000e-11 0 0
3.300000e-11 0 0
3.350000e-11 0 0
3.400000e-11 0 0
3.450000e-11 0 0
3.500000e-11 0 0
3.550000e-11 0 0
3.600000e-11 0 0
3.650000e-11 0 0
3.700000e-11 0 0
3.750000e-11 0 0
3.800000e-11 0 0
3.850000e-11 0 0
3.900000e-11 0 0
3.950000e-11 0 0
4.000000e-11 0 0
4.050000e-11 0 0
4.100000e-11 0 0
4.150000e-11 0 0
4.200000e-11 0 0
4.250000e-11 0 0
4.300000e-11 0 0
4.350000e-11 0 0
4.400000e-11 0 0
4.450000e-11 0 0
4.500000e-11 0 0
4.550000e-11 0 0
4.600000e-11 0 0
4.650000e-11 0 0
4.700000e-11 0 0
4.750000e-11 0 0
4.800000e-11 0 0
4.850000e-11 0 0
4.900000e-11 0 0
4.950000e-11 0 0
5.000000e-11 0 0
5.050000e-11 0 0
5.100000e-11 0 0
5.150000e-11 0 0
5.200000e-11 0 0
5.250000e-11 0 0
5.300000e-11 0 0
5.350000e-11 0 0
5.400000e-11 0 0
5.450000e-11 0 0
5.500000e-11 0 0
5.550000e-11 0 0
5.600000e-11 0 0
5.650000e-11 0 0
5.700000e-11 0 0
5.750000e-11 0 0
5.800000e-11 0 0
5.850000e-11 0 0
5.900000e-11 0 0
5.950000e-11 0 0
6.000000e-11 0 0
6.050000e-11 0 0
6.100000e-11 0 0
6.150000e-11 0 0
6.200000e-11 0 0
6.250000e-11 0 0
6.300000e-11 0 0
6.350000e-11 0 0
6.400000e-11 0 0
6.450000e-11 0 0
6.500000e-11 0 0
6.550000e-11 0 0
6.600000e-11 0 0
6.650000e-11 0 0
6.700000e-11 0 0
6.750000e-11 0 0
6.800000e-11 0 0
6.850000e-11 0 0
6.900000e-11 0 0
6.950000e-11 0 0
7.000000e-11 0 0
7.050000e-11 0 0
7.100000e-11 0 0
7.150000e-11 0 0
7.200000e-11 0 0
7.250000e-11 0 0
7.300000e-11 0 0
7.350000e-11 0 0
7.400000e-11 0 0
7.450000e-11 0 0
7.500000e-11 0 0
7.550000e-11 0 0
7.600000e-11 0 0
7.650000e-11 0 0
7.700000e-11 0 0
7.750000e-11 0 0
7.800000e-11 0 0
7.850000e-11 0 0
7.900000e-11 0 0
7.950000e-11 0 0
8.000000e-11 0 0
8.050000e-11 0 0
8.100000e-11 0 0
8.150000e-11 0 0
8.200000e-11 0 0
8.250000e-11 0 0
8.300000e-11 0 0
8.350000e-11 0 0
8.400000e-11 0 0
8.450000e-11 0 0
8.500000e-11 0 0
8.550000e-11 0 0
8.600000e-11 0 0
8.650000e-11 0 0
8.700000e-11 0 0
8.750000e-11 0 0
8.800000e-11 0 0
8.850000e-11 0 0
8.900000e-11 0 0
8.950000e-11 0 0
9.000000e-11 0 0
9.050000e-11 0 0
9.100000e-11 0 0
9.150000e-11 0 0
9.200000e-11 0 0
9.250000e-11 0 0
9.300000e-11 0 0
9.350000e-11 0 0
9.400000e-11 0 0
9.450000e-11 0 0
9.500000e-11 0 0
9.550000e-11 0 0
9.600000e-11 0 0
9.650000e-11 0 0
9.700000e-11 0 0
9.750000e-11 0 0
9.800000e-11 0 0
9.850000e-11 0 0
9.900000e-11 0 0
9.950000e-11 0 0
1.000000e-10 0 0
1.005000e-10 0 0
1.010000e-10 0 0
1.015000e-10 0 0
1.020000e-10 0 0
1.025000e-10 0 0
1.030000e-10 0 0
1.035000e-10 0 0
1.040000e-10 0 0
1.045000e-10 0 0
1.050000e-10 0 0
1.055000e-10 0 0
1.060000e-10 0 0
1.065000e-10 0 0
1.070000e-10 0 0
1.075000e-10 0 0
1.080000e-10 0 0
1.085000e-10 0 0
1.090000e-10 0 0
1.095000e-10 0 0
1.100000e-10 0 0
1.105000e-10 0 0
1.110000e-10 0 0
1.115000e-10 0 0
1.120000e-10 0 0
1.125000e-10 0 0
1.130000e-10 0 0
1.135000e-10 0 0
1.140000e-10 0 0
1.145000e-10 0 0
1.150000e-10 0 0
1.155000e-10 0 0
1.160000e-10 0 0
1.165000e-10 0 0
1.170000e-10 0 0
1.175000e-10 0 0
1.180000e-10 0 0
1.185000e-10 0 0
1.190000e-10 0 0
1.195000e-10 0 0
1.200000e-10 0 0
1.205000e-10 0 0
1.210000e-10 0 0
1.215000e-10 0 0
1.220000e-10 0 0
1.225000e-10 0 0
1.230000e-10 0 0
1.235000e-10 0 0
1.240000e-10 0 0
1.245000e-10 0 0
1.250000e-10 0 0
1.255000e-10 0 0
1.260000e-10 0 0
1.265000e-10 0 0
1.270000e-10 0 0
1.275000e-10 0 0
1.280000e-10 0 0
1.285000e-10 0 0
1.290000e-10 0 0
1.295000e-10 0 0
1.300000e-10 0 0
1.305000e-10 0 0
1.310000e-10 0 0
1.315000e-10 0 0
1.320000e-10 0 0
1.325000e-10 0 0
1.330000e-10 0 0
1.335000e-10 0 0
1.340000e-10 0 0
1.345000e-10 0 0
1.350000e-10 0 0
1.355000e-10 0 0
1.360000e-10 0 0
1.365000e-10 0 0
1.370000e-10 0 0
1.375000e-10 0 0
1.380000e-10 0 0
1.385000e-10 0 0
1.390000e-10 0 0
1.395000e-10 0 0
1.400000e-10 0 0
1.405000e-10 0 0
1.410000e-10 0 0
1.415000e-10 0 0
1.420000e-10 0 0
1.425000e-10 0 0
1.430000e-10 0 0
1.435000e-10 0 0
1.440000e-10 0 0
1.445000e-10 0 0
1.450000e-10 0 0
1.455000e-10 0 0
1.460000e-10 0 0
1.465000e-10 0 0
1.470000e-10 0 0
1.475000e-10 0 0
1.480000e-10 0 0
1.485000e-10 0 0
1.490000e-10 0 0
1.495000e-10 0 0
1.500000e-10 0 0
1.505000e-10 0 0
1.510000e-10 0 0
1.515000e-10 0 0
1.520000e-10 0 0
1.525000e-10 0 0
1.530000e-10 0 0
1.535000e-10 0 0
1.540000e-10 0 0
1.545000e-10 0 0
1.550000e-10 0 0
1.555000e-10 0 0
1.560000e-10 0 0
1.565000e-10 0 0
1.570000e-10 0 0
1.575000e-10 0 0
1.580000e-10 0 0
1.585000e-10 0 0
1.590000e-10 0 0
1.595000e-10 0 0
1.600000e-10 0 0
1.605000e-10 0 0
1.610000e-10 0 0
1.615000e-10 0 0
1.620000e-10 0 0
1.625000e-10 0 0
1.630000e-10 0 0
1.635000e-10 0 0
1.640000e-10 0 0
1.645000e-10 0 0
1.650000e-10 0 0
1.655000e-10 0 0
1.660000e-10 0 0
1.665000e-10 0 0
1.670000e-10 0 0
1.675000e-10 0 0
1.680000e-10 0 0
1.685000e-10 0 0
1.690000e-10 0 0
1.695000e-10 0 0
1.700000e-10 0 0
1.705000e-10 0 0
1.710000e-10 0 0
1.715000e-10 0 0
1.720000e-10 0 0
1.725000e-10 0 0
1.730000e-10 0 0
1.735000e-10 0 0
1.740000e-10 0 0
1.745000e-10 0 0
1.750000e-10 0 0
1.755000e-10 0 0
1.760000e-10 0 0
1.765000e-10 0 0
1.770000e-10 0 0
1.775000e-10 0 0
1.780000e-10 0 0
1.785000e-10 0 0
1.790000e-10 0 0
1.795000e-10 0 0
1.800000e-10 0 0
1.805000e-10 0 0
1.810000e-10 0 0
1.815000e-10 0 0
1.820000e-10 0 0
1.825000e-10 0 0
1.830000e-10 0 0
1.835000e-10 0 0
1.840000e-10 0 0
1.845000e-10 0 0
1.850000e-10 0 0
1.855000e-10 0 0
1.860000e-10 0 0
1.865000e-10 0 0
1.870000e-10 0 0
1.875000e-10 0 0
1.880000e-10 0 0
1.885000e-10 0 0
1.890000e-10 0 0
1.895000e-10 0 0
1.900000e-10 0 0
1.905000e-10 0 0
1.910000e-10 0 0
1.915000e-10 0 0
1.920000e-10 0 0
1.925000e-10 0 0
1.930000e-10 0 0
1.935000e-10 0 0
1.940000e-10 0 0
1.945000e-10 0 0
1.950000e-10 0 0
1.955000e-10 0 0
1.960000e-10 0 0
1.965000e-10 0 0
1.970000e-10 0 0
1.975000e-10 0 0
1.980000e-10 0 0
1.985000e-10 0 0
1.990000e-10 0 0
1.995000e-10 0 0
2.000000e-10 0 0
2.005000e-10 0 0
2.010000e-10 0 0
2.015000e-10 0 0
2.020000e-10 0 0
2.025000e-10 0 0
2.030000e-10 0 0
2.035000e-10 0 0
2.040000e-10 0 0
2.045000e-10 0 0
2.050000e-10 0 0
2.055000e-10 0 0
2.060000e-10 0 0
2.065000e-10 0 0
2.070000e-10 0 0
2.075000e-10 0 0
2.080000e-10 0 0
2.085000e-10 0 0
2.090000e-10 0 0
2.095000e-10 0 0
2.100000e-10 0 0
2.105000e-10 0 0
2.110000e-10 0 0
2.115000e-10 0 0
2.120000e-10 0 0
2.125000e-10 0 0
2.130000e-10 0 0
2.135000e-10 0 0
2.140000e-10 0 0
2.145000e-10 0 0
2.150000e-10 0 0
2.155000e-10 0 0
2.160000e-10 0 0
2.165000e-10 0 0
2.170000e-10 0 0
2.175000e-10 0 0
2.180000e-10 0 0
2.185000e-10 0 0
2.190000e-10 0 0
2.195000e-10 0 0
2.200000e-10 0 0
2.205000e-10 0 0
2.210000e-10 0 0
2.215000e-10 0 0
2.220000e-10 0 0
2.225000e-10 0 0
2.230000e-10 0 0
2.235000e-10 0 0
2.240000e-10 0 0
2.245000e-10 0 0
2.250000e-10 0 0
2.255000e-10 0 0
2.260000e-10 0 0
2.265000e-10 0 0
2.270000e-10 0 0
2.275000e-10 0 0
2.280000e-10 0 0
2.285000e-10 0 0
2.290000e-10 0 0
2.295000e-10 0 0
2.300000e-10 0 0
2.305000e-10 0 0
2.310000e-10 0 0
2.315000e-10 0 0
2.320000e-10 0 0
2.325000e-10 0 0
2.330000e-10 0 0
2.335000e-10 0 0
2.340000e-10 0 0
2.345000e-10 0 0
2.350000e-10 0 0
2.355000e-10 0 0
2.360000e-10 0 0
2.365000e-10 0 0
2.370000e-10 0 0
2.375000e-10 0 0
2.380000e-10 0 0
2.385000e-10 0 0
2.390000e-10 0 0
2.395000e-10 0 0
2.400000e-10 0 0
2.405000e-10 0 0
2.410000e-10 0 0
2.415000e-10 0 0
2.420000e-10 0 0
2.425000e-10 0 0
2.430000e-10 0 0
2.435000e-10 0 0
2.440000e-10 0 0
2.445000e-10 0 0
2.450000e-10 0 0
2.455000e-10 0 0
2.460000e-10 0 0
2.465000e-10 0 0
2.470000e-10 0 0
2.475000e-10 0 0
2.480000e-10 0 0
2.485000e-10 0 0
2.490000e-10 0 0
2.495000e-10 0 0
2.505000e-10 0.000000e+00 0
2.510000e-10 6.040556e-06 0
2.515000e-10 8.495309e-06 0
2.520000e-10 1.034694e-05 0
2.525000e-10 1.188143e-05 0
2.530000e-10 1.321025e-05 0
2.535000e-10 1.439093e-05 0
2.540000e-10 1.545786e-05 0
2.545000e-10 1.643360e-05 0
2.550000e-10 1.733390e-05 0
2.555000e-10 1.817030e-05 0
2.560000e-10 1.895160e-05 0
2.565000e-10 1.968463e-05 0
2.570000e-10 2.037491e-05 0
2.575000e-10 2.102690e-05 0
2.580000e-10 2.164433e-05 0
2.585000e-10 2.223032e-05 0
2.590000e-10 2.278754e-05 0
2.595000e-10 2.331828e-05 0
2.600000e-10 2.382453e-05 0
2.605000e-10 2.430803e-05 0
2.610000e-10 2.477032e-05 0
2.615000e-10 2.521277e-05 0
2.620000e-10 2.563660e-05 0
2.625000e-10 2.604290e-05 0
2.630000e-10 2.643267e-05 0
2.635000e-10 2.680680e-05 0
2.640000e-10 2.716610e-05 0
2.645000e-10 2.751134e-05 0
2.650000e-10 2.784319e-05 0
2.655000e-10 2.816228e-05 0
2.660000e-10 2.846921e-05 0
2.665000e-10 2.876449e-05 0
2.670000e-10 2.904865e-05 0
2.675000e-10 2.932214e-05 0
2.680000e-10 2.958541e-05 0
2.685000e-10 2.983884e-05 0
2.690000e-10 3.008284e-05 0
2.695000e-10 3.031776e-05 0
2.700000e-10 3.054392e-05 0
2.705000e-10 3.076166e-05 0
2.710000e-10 3.097127e-05 0
2.715000e-10 3.117302e-05 0
2.720000e-10 3.136720e-05 0
2.725000e-10 3.155405e-05 0
2.730000e-10 3.173382e-05 0
2.735000e-10 3.190672e-05 0
2.740000e-10 3.207299e-05 0
2.745000e-10 3.223283e-05 0
2.750000e-10 3.238643e-05 0
2.755000e-10 3.253399e-05 0
2.760000e-10 3.267568e-05 0
2.765000e-10 3.281168e-05 0
2.770000e-10 3.294215e-05 0
2.775000e-10 3.306726e-05 0
2.780000e-10 3.318715e-05 0
2.785000e-10 3.330196e-05 0
2.790000e-10 3.341185e-05 0
2.795000e-10 3.351694e-05 0
2.800000e-10 3.361736e-05 0
2.805000e-10 3.371324e-05 0.000000e+00
2.810000e-10 3.380469e-05 3.717265e-06
2.815000e-10 3.389184e-05 5.227882e-06
2.820000e-10 3.397480e-05 6.367349e-06
2.825000e-10 3.405366e-05 7.311648e-06
2.830000e-10 3.412854e-05 8.129382e-06
2.835000e-10 3.419954e-05 8.855956e-06
2.840000e-10 3.426676e-05 9.512531e-06
2.845000e-10 3.433028e-05 1.011298e-05
2.850000e-10 3.439020e-05 1.066701e-05
2.855000e-10 3.444660e-05 1.118173e-05
2.860000e-10 3.449958e-05 1.166252e-05
2.865000e-10 3.454921e-05 1.211362e-05
2.870000e-10 3.459557e-05 1.253840e-05
2.875000e-10 3.463875e-05 1.293963e-05
2.880000e-10 3.467882e-05 1.331959e-05
2.885000e-10 3.471584e-05 1.368020e-05
2.890000e-10 3.474989e-05 1.402310e-05
2.895000e-10 3.478105e-05 1.434971e-05
2.900000e-10 3.480937e-05 1.466125e-05
2.905000e-10 3.483492e-05 1.495879e-05
2.910000e-10 3.485777e-05 1.524327e-05
2.915000e-10 3.487798e-05 1.551555e-05
2.920000e-10 3.489560e-05 1.577637e-05
2.925000e-10 3.491070e-05 1.602640e-05
2.930000e-10 3.492333e-05 1.626626e-05
2.935000e-10 3.493354e-05 1.649649e-05
2.940000e-10 3.494140e-05 1.671760e-05
2.945000e-10 3.494695e-05 1.693006e-05
2.950000e-10 3.495024e-05 1.713427e-05
2.955000e-10 3.495133e-05 1.733064e-05
2.960000e-10 3.495026e-05 1.751951e-05
2.965000e-10 3.494708e-05 1.770123e-05
2.970000e-10 3.494183e-05 1.787609e-05
2.975000e-10 3.493457e-05 1.804440e-05
2.980000e-10 3.492533e-05 1.820640e-05
2.985000e-10 3.491416e-05 1.836237e-05
2.990000e-10 3.490109e-05 1.851252e-05
2.995000e-10 3.488618e-05 1.865708e-05
3.000000e-10 3.486947e-05 1.879626e-05
3.005000e-10 3.485098e-05 1.893025e-05
3.010000e-10 3.483075e-05 1.905924e-05
3.015000e-10 3.480884e-05 1.918340e-05
3.020000e-10 3.478526e-05 1.930289e-05
3.025000e-10 3.476007e-05 1.941788e-05
3.030000e-10 3.473328e-05 1.952850e-05
3.035000e-10 3.470495e-05 1.963491e-05
3.040000e-10 3.467509e-05 1.973723e-05
3.045000e-10 3.464375e-05 1.983559e-05
3.050000e-10 3.461095e-05 1.993011e-05
3.055000e-10 3.457672e-05 2.002092e-05
3.060000e-10 3.454110e-05 2.010811e-05
3.065000e-10 3.450412e-05 2.019180e-05
3.070000e-10 3.446581e-05 2.027209e-05
3.075000e-10 3.442619e-05 2.034908e-05
3.080000e-10 3.438529e-05 2.042286e-05
3.085000e-10 3.434314e-05 2.049352e-05
3.090000e-10 3.429977e-05 2.056114e-05
3.095000e-10 3.425520e-05 2.062581e-05
3.100000e-10 3.420946e-05 2.068760e-05
3.105000e-10 3.416258e-05 2.074661e-05
3.110000e-10 3.411457e-05 2.080289e-05
3.115000e-10 3.406547e-05 2.085652e-05
3.120000e-10 3.401530e-05 2.090757e-05
3.125000e-10 3.396408e-05 2.095610e-05
3.130000e-10 3.391183e-05 2.100218e-05
3.135000e-10 3.385858e-05 2.104587e-05
3.140000e-10 3.380435e-05 2.108723e-05
3.145000e-10 3.374916e-05 2.112632e-05
3.150000e-10 3.369303e-05 2.116320e-05
3.155000e-10 3.363599e-05 2.119791e-05
3.160000e-10 3.357805e-05 2.123051e-05
3.165000e-10 3.351923e-05 2.126105e-05
3.170000e-10 3.345955e-05 2.128958e-05
3.175000e-10 3.339904e-05 2.131615e-05
3.180000e-10 3.333770e-05 2.134081e-05
3.185000e-10 3.327557e-05 2.136359e-05
3.190000e-10 3.321265e-05 2.138455e-05
3.195000e-10 3.314897e-05 2.140372e-05
3.200000e-10 3.308455e-05 2.142115e-05
3.205000e-10 3.301939e-05 2.143688e-05
3.210000e-10 3.295352e-05 2.145094e-05
3.215000e-10 3.288696e-05 2.146337e-05
3.220000e-10 3.281972e-05 2.147422e-05
3.225000e-10 3.275181e-05 2.148351e-05
3.230000e-10 3.268326e-05 2.149128e-05
3.235000e-10 3.261407e-05 2.149756e-05
3.240000e-10 3.254427e-05 2.150240e-05
3.245000e-10 3.247386e-05 2.150581e-05
3.250000e-10 3.240287e-05 2.150784e-05
3.255000e-10 3.233130e-05 2.150851e-05
3.260000e-10 3.225918e-05 2.150785e-05
3.265000e-10 3.218651e-05 2.150589e-05
3.270000e-10 3.211331e-05 2.150266e-05
3.275000e-10 3.203959e-05 2.149819e-05
3.280000e-10 3.196537e-05 2.149251e-05
3.285000e-10 3.189065e-05 2.148563e-05
3.290000e-10 3.181546e-05 2.147760e-05
3.295000e-10 3.173980e-05 2.146842e-05
3.300000e-10 3.166368e-05 2.145813e-05
3.305000e-10 3.158713e-05 2.144675e-05
3.310000e-10 3.151014e-05 2.143431e-05
3.315000e-10 3.143273e-05 2.142082e-05
3.320000e-10 3.135492e-05 2.140632e-05
3.325000e-10 3.127671e-05 2.139081e-05
3.330000e-10 3.119811e-05 2.137433e-05
3.335000e-10 3.111915e-05 2.135689e-05
3.340000e-10 3.103981e-05 2.133852e-05
3.345000e-10 3.096013e-05 2.131923e-05
3.350000e-10 3.088010e-05 2.129904e-05
3.355000e-10 3.079974e-05 2.127798e-05
3.360000e-10 3.071906e-05 2.125606e-05
3.365000e-10 3.063807e-05 2.123331e-05
3.370000e-10 3.055677e-05 2.120973e-05
3.375000e-10 3.047518e-05 2.118535e-05
3.380000e-10 3.039331e-05 2.116018e-05
3.385000e-10 3.031116e-05 2.113424e-05
3.390000e-10 3.022874e-05 2.110755e-05
3.395000e-10 3.014607e-05 2.108012e-05
3.400000e-10 3.006315e-05 2.105198e-05
3.405000e-10 2.997999e-05 2.102312e-05
3.410000e-10 2.989659e-05 2.099358e-05
3.415000e-10 2.981298e-05 2.096337e-05
3.420000e-10 2.972915e-05 2.093249e-05
3.425000e-10 2.964511e-05 2.090097e-05
3.430000e-10 2.956088e-05 2.086882e-05
3.435000e-10 2.947645e-05 2.083605e-05
3.440000e-10 2.939184e-05 2.080268e-05
3.445000e-10 2.930705e-05 2.076872e-05
3.450000e-10 2.922210e-05 2.073418e-05
3.455000e-10 2.913698e-05 2.069907e-05
3.460000e-10 2.905171e-05 2.066341e-05
3.465000e-10 2.896629e-05 2.062722e-05
3.470000e-10 2.888073e-05 2.059049e-05
3.475000e-10 2.879503e-05 2.055325e-05
3.480000e-10 2.870921e-05 2.051551e-05
3.485000e-10 2.862327e-05 2.047727e-05
3.490000e-10 2.853721e-05 2.043856e-05
3.495000e-10 2.845105e-05 2.039937e-05
3.500000e-10 2.836479e-05 2.035972e-05
3.505000e-10 2.827843e-05 2.031963e-05
3.510000e-10 2.819198e-05 2.027909e-05
3.515000e-10 2.810544e-05 2.023813e-05
3.520000e-10 2.801883e-05 2.019675e-05
3.525000e-10 2.793215e-05 2.015496e-05
3.530000e-10 2.784540e-05 2.011277e-05
3.535000e-10 2.775859e-05 2.007020e-05
3.540000e-10 2.767172e-05 2.002724e-05
3.545000e-10 2.758481e-05 1.998391e-05
3.550000e-10 2.749784e-05 1.994023e-05
3.555000e-10 2.741084e-05 1.989619e-05
3.560000e-10 2.732381e-05 1.985180e-05
3.565000e-10 2.723674e-05 1.980708e-05
3.570000e-10 2.714966e-05 1.976204e-05
3.575000e-10 2.706255e-05 1.971667e-05
3.580000e-10 2.697542e-05 1.967100e-05
3.585000e-10 2.688829e-05 1.962502e-05
3.590000e-10 2.680115e-05 1.957874e-05
3.595000e-10 2.671401e-05 1.953218e-05
3.600000e-10 2.662687e-05 1.948534e-05
3.605000e-10 2.653974e-05 1.943823e-05
3.610000e-10 2.645262e-05 1.939085e-05
3.615000e-10 2.636552e-05 1.934322e-05
3.620000e-10 2.627843e-05 1.929533e-05
3.625000e-10 2.619138e-05 1.924721e-05
3.630000e-10 2.610435e-05 1.919884e-05
3.635000e-10 2.601735e-05 1.915024e-05
3.640000e-10 2.593039e-05 1.910142e-05
3.645000e-10 2.584346e-05 1.905239e-05
3.650000e-10 2.575659e-05 1.900314e-05
3.655000e-10 2.566976e-05 1.895369e-05
3.660000e-10 2.558298e-05 1.890404e-05
3.665000e-10 2.549625e-05 1.885420e-05
3.670000e-10 2.540958e-05 1.880417e-05
3.675000e-10 2.532298e-05 1.875396e-05
3.680000e-10 2.523644e-05 1.870357e-05
3.685000e-10 2.514996e-05 1.865302e-05
3.690000e-10 2.506356e-05 1.860230e-05
3.695000e-10 2.497723e-05 1.855143e-05
3.700000e-10 2.489098e-05 1.850040e-05
3.705000e-10 2.480481e-05 1.844922e-05
3.710000e-10 2.471873e-05 1.839790e-05
3.715000e-10 2.463273e-05 1.834645e-05
3.720000e-10 2.454682e-05 1.829486e-05
3.725000e-10 2.446100e-05 1.824315e-05
3.730000e-10 2.437528e-05 1.819131e-05
3.735000e-10 2.428966e-05 1.813935e-05
3.740000e-10 2.420414e-05 1.808728e-05
3.745000e-10 2.411872e-05 1.803511e-05
3.750000e-10 2.403340e-05 1.798283e-05
3.755000e-10 2.394820e-05 1.793045e-05
3.760000e-10 2.386311e-05 1.787797e-05
3.765000e-10 2.377813e-05 1.782541e-05
3.770000e-10 2.369326e-05 1.777275e-05
3.775000e-10 2.360852e-05 1.772002e-05
3.780000e-10 2.352389e-05 1.766721e-05
3.785000e-10 2.343939e-05 1.761432e-05
3.790000e-10 2.335502e-05 1.756136e-05
3.795000e-10 2.327077e-05 1.750834e-05
3.800000e-10 2.318665e-05 1.745525e-05
3.805000e-10 2.310266e-05 1.740211e-05
3.810000e-10 2.301881e-05 1.734891e-05
3.815000e-10 2.293510e-05 1.729566e-05
3.820000e-10 2.285152e-05 1.724236e-05
3.825000e-10 2.276808e-05 1.718901e-05
3.830000e-10 2.268478e-05 1.713563e-05
3.835000e-10 2.260163e-05 1.708221e-05
3.840000e-10 2.251862e-05 1.702875e-05
3.845000e-10 2.243576e-05 1.697526e-05
3.850000e-10 2.235305e-05 1.692175e-05
3.855000e-10 2.227049e-05 1.686821e-05
3.860000e-10 2.218809e-05 1.681465e-05
3.865000e-10 2.210583e-05 1.676107e-05
3.870000e-10 2.202374e-05 1.670748e-05
3.875000e-10 2.194180e-05 1.665387e-05
3.880000e-10 2.186002e-05 1.660026e-05
3.885000e-10 2.177840e-05 1.654664e-05
3.890000e-10 2.169694e-05 1.649301e-05
3.895000e-10 2.161565e-05 1.643939e-05
3.900000e-10 2.153453e-05 1.638577e-05
3.905000e-10 2.145357e-05 1.633215e-05
3.910000e-10 2.137277e-05 1.627853e-05
3.915000e-10 2.129215e-05 1.622493e-05
3.920000e-10 2.121170e-05 1.617134e-05
3.925000e-10 2.113142e-05 1.611777e-05
3.930000e-10 2.105131e-05 1.606421e-05
3.935000e-10 2.097138e-05 1.601068e-05
3.940000e-10 2.089162e-05 1.595716e-05
3.945000e-10 2.081204e-05 1.590367e-05
3.950000e-10 2.073264e-05 1.585021e-05
3.955000e-10 2.065342e-05 1.579677e-05
3.960000e-10 2.057438e-05 1.574337e-05
3.965000e-10 2.049552e-05 1.569000e-05
3.970000e-10 2.041684e-05 1.563667e-05
3.975000e-10 2.033835e-05 1.558337e-05
3.980000e-10 2.026004e-05 1.553011e-05
3.985000e-10 2.018191e-05 1.547690e-05
3.990000e-10 2.010398e-05 1.542373e-05
3.995000e-10 2.002623e-05 1.537060e-05
4.000000e-10 1.994867e-05 1.531753e-05
4.005000e-10 1.987129e-05 1.526450e-05
4.010000e-10 1.979411e-05 1.521152e-05
4.015000e-10 1.971712e-05 1.515860e-05
4.020000e-10 1.964032e-05 1.510574e-05
4.025000e-10 1.956371e-05 1.505293e-05
4.030000e-10 1.948730e-05 1.500017e-05
4.035000e-10 1.941108e-05 1.494748e-05
4.040000e-10 1.933506e-05 1.489485e-05
4.045000e-10 1.925923e-05 1.484229e-05
4.050000e-10 1.918360e-05 1.478979e-05
4.055000e-10 1.910816e-05 1.473735e-05
4.060000e-10 1.903292e-05 1.468499e-05
4.065000e-10 1.895788e-05 1.463269e-05
4.070000e-10 1.888304e-05 1.458047e-05
4.075000e-10 1.880840e-05 1.452832e-05
4.080000e-10 1.873396e-05 1.447624e-05
4.085000e-10 1.865972e-05 1.442424e-05
4.090000e-10 1.858568e-05 1.437232e-05
4.095000e-10 1.851184e-05 1.432047e-05
4.100000e-10 1.843821e-05 1.426871e-05
4.105000e-10 1.836477e-05 1.421702e-05
4.110000e-10 1.829154e-05 1.416542e-05
4.115000e-10 1.821852e-05 1.411390e-05
4.120000e-10 1.814569e-05 1.406247e-05
4.125000e-10 1.807308e-05 1.401113e-05
4.130000e-10 1.800066e-05 1.395987e-05
4.135000e-10 1.792846e-05 1.390869e-05
4.140000e-10 1.785645e-05 1.385761e-05
4.145000e-10 1.778466e-05 1.380662e-05
4.150000e-10 1.771307e-05 1.375572e-05
4.155000e-10 1.764169e-05 1.370492e-05
4.160000e-10 1.757051e-05 1.365421e-05
4.165000e-10 1.749954e-05 1.360359e-05
4.170000e-10 1.742878e-05 1.355307e-05
4.175000e-10 1.735823e-05 1.350265e-05
4.180000e-10 1.728788e-05 1.345232e-05
4.185000e-10 1.721774e-05 1.340209e-05
4.190000e-10 1.714782e-05 1.335197e-05
4.195000e-10 1.707810e-05 1.330194e-05
4.200000e-10 1.700859e-05 1.325202e-05
4.205000e-10 1.693929e-05 1.320219e-05
4.210000e-10 1.687019e-05 1.315248e-05
4.215000e-10 1.680131e-05 1.310286e-05
4.220000e-10 1.673264e-05 1.305335e-05
4.225000e-10 1.666418e-05 1.300395e-05
4.230000e-10 1.659592e-05 1.295465e-05
4.235000e-10 1.652788e-05 1.290546e-05
4.240000e-10 1.646005e-05 1.285638e-05
4.245000e-10 1.639243e-05 1.280741e-05
4.250000e-10 1.632502e-05 1.275855e-05
4.255000e-10 1.625782e-05 1.270980e-05
4.260000e-10 1.619082e-05 1.266116e-05
4.265000e-10 1.612404e-05 1.261263e-05
4.270000e-10 1.605748e-05 1.256421e-05
4.275000e-10 1.599112e-05 1.251591e-05
4.280000e-10 1.592497e-05 1.246772e-05
4.285000e-10 1.585903e-05 1.241964e-05
4.290000e-10 1.579331e-05 1.237168e-05
4.295000e-10 1.572779e-05 1.232383e-05
4.300000e-10 1.566248e-05 1.227610e-05
4.305000e-10 1.559739e-05 1.222849e-05
4.310000e-10 1.553251e-05 1.218099e-05
4.315000e-10 1.546783e-05 1.213361e-05
4.320000e-10 1.540337e-05 1.208635e-05
4.325000e-10 1.533912e-05 1.203921e-05
4.330000e-10 1.527508e-05 1.199219e-05
4.335000e-10 1.521124e-05 1.194528e-05
4.340000e-10 1.514762e-05 1.189850e-05
4.345000e-10 1.508421e-05 1.185183e-05
4.350000e-10 1.502101e-05 1.180529e-05
4.355000e-10 1.495802e-05 1.175887e-05
4.360000e-10 1.489524e-05 1.171257e-05
4.365000e-10 1.483267e-05 1.166639e-05
4.370000e-10 1.477030e-05 1.162033e-05
4.375000e-10 1.470815e-05 1.157440e-05
4.380000e-10 1.464621e-05 1.152859e-05
4.385000e-10 1.458447e-05 1.148290e-05
4.390000e-10 1.452294e-05 1.143734e-05
4.395000e-10 1.446163e-05 1.139190e-05
4.400000e-10 1.440052e-05 1.134659e-05
4.405000e-10 1.433962e-05 1.130140e-05
4.410000e-10 1.427892e-05 1.125633e-05
4.415000e-10 1.421844e-05 1.121139e-05
4.420000e-10 1.415816e-05 1.116658e-05
4.425000e-10 1.409809e-05 1.112189e-05
4.430000e-10 1.403823e-05 1.107733e-05
4.435000e-10 1.397858e-05 1.103290e-05
4.440000e-10 1.391913e-05 1.098859e-05
4.445000e-10 1.385989e-05 1.094440e-05
4.450000e-10 1.380085e-05 1.090035e-05
4.455000e-10 1.374202e-05 1.085642e-05
4.460000e-10 1.368340e-05 1.081262e-05
4.465000e-10 1.362498e-05 1.076895e-05
4.470000e-10 1.356677e-05 1.072540e-05
4.475000e-10 1.350876e-05 1.068199e-05
4.480000e-10 1.345095e-05 1.063870e-05
4.485000e-10 1.339336e-05 1.059554e-05
4.490000e-10 1.333596e-05 1.055250e-05
4.495000e-10 1.327877e-05 1.050960e-05
4.500000e-10 1.322178e-05 1.046682e-05
4.505000e-10 1.316500e-05 1.042418e-05
4.510000e-10 1.310842e-05 1.038166e-05
4.515000e-10 1.305204e-05 1.033927e-05
4.520000e-10 1.299586e-05 1.029701e-05
4.525000e-10 1.293989e-05 1.025488e-05
4.530000e-10 1.288411e-05 1.021288e-05
4.535000e-10 1.282854e-05 1.017100e-05
4.540000e-10 1.277317e-05 1.012926e-05
4.545000e-10 1.271800e-05 1.008765e-05
4.550000e-10 1.266303e-05 1.004616e-05
4.555000e-10 1.260826e-05 1.000481e-05
4.560000e-10 1.255369e-05 9.963584e-06
4.565000e-10 1.249932e-05 9.922489e-06
4.570000e-10 1.244515e-05 9.881523e-06
4.575000e-10 1.239118e-05 9.840687e-06
4.580000e-10 1.233740e-05 9.799981e-06
4.585000e-10 1.228382e-05 9.759404e-06
4.590000e-10 1.223044e-05 9.718957e-06
4.595000e-10 1.217726e-05 9.678640e-06
4.600000e-10 1.212427e-05 9.638452e-06
4.605000e-10 1.207148e-05 9.598394e-06
4.610000e-10 1.201888e-05 9.558466e-06
4.615000e-10 1.196648e-05 9.518667e-06
4.620000e-10 1.191428e-05 9.478997e-06
4.625000e-10 1.186227e-05 9.439457e-06
4.630000e-10 1.181045e-05 9.400047e-06
4.635000e-10 1.175883e-05 9.360766e-06
4.640000e-10 1.170740e-05 9.321614e-06
4.645000e-10 1.165617e-05 9.282592e-06
4.650000e-10 1.160512e-05 9.243699e-06
4.655000e-10 1.155427e-05 9.204935e-06
4.660000e-10 1.150361e-05 9.166300e-06
4.665000e-10 1.145315e-05 9.127794e-06
4.670000e-10 1.140287e-05 9.089417e-06
4.675000e-10 1.135278e-05 9.051169e-06
4.680000e-10 1.130288e-05 9.013049e-06
4.685000e-10 1.125318e-05 8.975059e-06
4.690000e-10 1.120366e-05 8.937196e-06
4.695000e-10 1.115433e-05 8.899462e-06
4.700000e-10 1.110519e-05 8.861857e-06
4.705000e-10 1.105623e-05 8.824380e-06
4.710000e-10 1.100747e-05 8.787030e-06
4.715000e-10 1.095889e-05 8.749809e-06
4.720000e-10 1.091050e-05 8.712715e-06
4.725000e-10 1.086229e-05 8.675750e-06
4.730000e-10 1.081427e-05 8.638911e-06
4.735000e-10 1.076643e-05 8.602200e-06
4.740000e-10 1.071878e-05 8.565617e-06
4.745000e-10 1.067132e-05 8.529160e-06
4.750000e-10 1.062403e-05 8.492831e-06
4.755000e-10 1.057693e-05 8.456628e-06
4.760000e-10 1.053001e-05 8.420552e-06
4.765000e-10 1.048328e-05 8.384602e-06
4.770000e-10 1.043673e-05 8.348779e-06
4.775000e-10 1.039036e-05 8.313081e-06
4.780000e-10 1.034416e-05 8.277510e-06
4.785000e-10 1.029815e-05 8.242065e-06
4.790000e-10 1.025232e-05 8.206745e-06
4.795000e-10 1.020667e-05 8.171551e-06
4.800000e-10 1.016120e-05 8.136481e-06
4.805000e-10 1.011591e-05 8.101537e-06
4.810000e-10 1.007079e-05 8.066718e-06
4.815000e-10 1.002586e-05 8.032024e-06
4.820000e-10 9.981096e-06 7.997453e-06
4.825000e-10 9.936512e-06 7.963008e-06
4.830000e-10 9.892105e-06 7.928686e-06
4.835000e-10 9.847873e-06 7.894488e-06
4.840000e-10 9.803817e-06 7.860414e-06
4.845000e-10 9.759935e-06 7.826463e-06
4.850000e-10 9.716228e-06 7.792636e-06
4.855000e-10 9.672694e-06 7.758931e-06
4.860000e-10 9.629333e-06 7.725349e-06
4.865000e-10 9.586145e-06 7.691890e-06
4.870000e-10 9.543130e-06 7.658554e-06
4.875000e-10 9.500286e-06 7.625339e-06
4.880000e-10 9.457614e-06 7.592246e-06
4.885000e-10 9.415112e-06 7.559275e-06
4.890000e-10 9.372781e-06 7.526425e-06
4.895000e-10 9.330619e-06 7.493697e-06
4.900000e-10 9.288627e-06 7.461090e-06
4.905000e-10 9.246804e-06 7.428603e-06
4.910000e-10 9.205149e-06 7.396237e-06
4.915000e-10 9.163662e-06 7.363991e-06
4.920000e-10 9.122342e-06 7.331865e-06
4.925000e-10 9.081189e-06 7.299858e-06
4.930000e-10 9.040203e-06 7.267972e-06
4.935000e-10 8.999382e-06 7.236204e-06
4.940000e-10 8.958727e-06 7.204556e-06
4.945000e-10 8.918236e-06 7.173026e-06
4.950000e-10 8.877910e-06 7.141615e-06
4.955000e-10 8.837748e-06 7.110322e-06
4.960000e-10 8.797749e-06 7.079147e-06
4.965000e-10 8.757913e-06 7.048089e-06
4.970000e-10 8.718239e-06 7.017150e-06
4.975000e-10 8.678727e-06 6.986327e-06
4.980000e-10 8.639377e-06 6.955621e-06
4.985000e-10 8.600188e-06 6.925032e-06
4.990000e-10 8.561158e-06 6.894559e-06
4.995000e-10 8.522289e-06 6.864203e-06
5.000000e-10 8.483579e-06 6.833962e-06
5.005000e-10 8.445028e-06 6.803837e-06
5.010000e-10 8.406635e-06 6.773827e-06
5.015000e-10 8.368401e-06 6.743932e-06
5.020000e-10 8.330323e-06 6.714152e-06
5.025000e-10 8.292402e-06 6.684487e-06
5.030000e-10 8.254638e-06 6.654935e-06
5.035000e-10 8.217030e-06 6.625498e-06
5.040000e-10 8.179577e-06 6.596174e-06
5.045000e-10 8.142279e-06 6.566963e-06
5.050000e-10 8.105135e-06 6.537866e-06
5.055000e-10 8.068145e-06 6.508881e-06
5.060000e-10 8.031309e-06 6.480009e-06
5.065000e-10 7.994625e-06 6.451249e-06
5.070000e-10 7.958094e-06 6.422601e-06
5.075000e-10 7.921715e-06 6.394065e-06
5.080000e-10 7.885487e-06 6.365640e-06
5.085000e-10 7.849410e-06 6.337326e-06
5.090000e-10 7.813483e-06 6.309122e-06
5.095000e-10 7.777706e-06 6.281030e-06
5.100000e-10 7.742079e-06 6.253047e-06
5.105000e-10 7.706600e-06 6.225174e-06
5.110000e-10 7.671270e-06 6.197411e-06
5.115000e-10 7.636088e-06 6.169758e-06
5.120000e-10 7.601053e-06 6.142213e-06
5.125000e-10 7.566165e-06 6.114777e-06
5.130000e-10 7.531423e-06 6.087449e-06
5.135000e-10 7.496828e-06 6.060230e-06
5.140000e-10 7.462378e-06 6.033118e-06
5.145000e-10 7.428073e-06 6.006114e-06
5.150000e-10 7.393912e-06 5.979217e-06
5.155000e-10 7.359895e-06 5.952427e-06
5.160000e-10 7.326022e-06 5.925743e-06
5.165000e-10 7.292291e-06 5.899166e-06
5.170000e-10 7.258703e-06 5.872695e-06
5.175000e-10 7.225257e-06 5.846330e-06
5.180000e-10 7.191953e-06 5.820070e-06
5.185000e-10 7.158789e-06 5.793915e-06
5.190000e-10 7.125767e-06 5.767865e-06
5.195000e-10 7.092884e-06 5.741920e-06
5.200000e-10 7.060140e-06 5.716078e-06
5.205000e-10 7.027536e-06 5.690341e-06
5.210000e-10 6.995070e-06 5.664707e-06
5.215000e-10 6.962743e-06 5.639177e-06
5.220000e-10 6.930553e-06 5.613749e-06
5.225000e-10 6.898500e-06 5.588424e-06
5.230000e-10 6.866584e-06 5.563202e-06
5.235000e-10 6.834804e-06 5.538081e-06
5.240000e-10 6.803159e-06 5.513063e-06
5.245000e-10 6.771650e-06 5.488145e-06
5.250000e-10 6.740276e-06 5.463329e-06
5.255000e-10 6.709035e-06 5.438614e-06
5.260000e-10 6.677929e-06 5.413999e-06
5.265000e-10 6.646956e-06 5.389485e-06
5.270000e-10 6.616115e-06 5.365070e-06
5.275000e-10 6.585407e-06 5.340755e-06
5.280000e-10 6.554831e-06 5.316540e-06
5.285000e-10 6.524386e-06 5.292423e-06
5.290000e-10 6.494072e-06 5.268405e-06
5.295000e-10 6.463889e-06 5.244486e-06
5.300000e-10 6.433835e-06 5.220664e-06
5.305000e-10 6.403911e-06 5.196940e-06
5.310000e-10 6.374116e-06 5.173314e-06
5.315000e-10 6.344449e-06 5.149785e-06
5.320000e-10 6.314911e-06 5.126353e-06
5.325000e-10 6.285500e-06 5.103017e-06
5.330000e-10 6.256216e-06 5.079777e-06
5.335000e-10 6.227059e-06 5.056634e-06
5.340000e-10 6.198028e-06 5.033586e-06
5.345000e-10 6.169123e-06 5.010633e-06
5.350000e-10 6.140344e-06 4.987775e-06
5.355000e-10 6.111689e-06 4.965012e-06
5.360000e-10 6.083158e-06 4.942344e-06
5.365000e-10 6.054751e-06 4.919769e-06
5.370000e-10 6.026468e-06 4.897289e-06
5.375000e-10 5.998308e-06 4.874901e-06
5.380000e-10 5.970270e-06 4.852607e-06
5.385000e-10 5.942354e-06 4.830406e-06
5.390000e-10 5.914560e-06 4.808297e-06
5.395000e-10 5.886888e-06 4.786281e-06
5.400000e-10 5.859335e-06 4.764356e-06
5.405000e-10 5.831903e-06 4.742523e-06
5.410000e-10 5.804591e-06 4.720782e-06
5.415000e-10 5.777398e-06 4.699131e-06
5.420000e-10 5.750325e-06 4.677571e-06
5.425000e-10 5.723369e-06 4.656102e-06
5.430000e-10 5.696532e-06 4.634722e-06
5.435000e-10 5.669812e-06 4.613433e-06
5.440000e-10 5.643209e-06 4.592232e-06
5.445000e-10 5.616723e-06 4.571122e-06
5.450000e-10 5.590353e-06 4.550100e-06
5.455000e-10 5.564099e-06 4.529166e-06
5.460000e-10 5.537960e-06 4.508321e-06
5.465000e-10 5.511937e-06 4.487564e-06
5.470000e-10 5.486027e-06 4.466894e-06
5.475000e-10 5.460232e-06 4.446312e-06
5.480000e-10 5.434550e-06 4.425817e-06
5.485000e-10 5.408982e-06 4.405409e-06
5.490000e-10 5.383526e-06 4.385087e-06
5.495000e-10 5.358182e-06 4.364852e-06
5.500000e-10 5.332950e-06 4.344702e-06
5.505000e-10 5.307830e-06 4.324638e-06
5.510000e-10 5.282821e-06 4.304659e-06
5.515000e-10 5.257922e-06 4.284765e-06
5.520000e-10 5.233133e-06 4.264956e-06
5.525000e-10 5.208454e-06 4.245231e-06
5.530000e-10 5.183885e-06 4.225590e-06
5.535000e-10 5.159424e-06 4.206033e-06
5.540000e-10 5.135072e-06 4.186560e-06
5.545000e-10 5.110827e-06 4.167169e-06
5.550000e-10 5.086690e-06 4.147862e-06
5.555000e-10 5.062661e-06 4.128637e-06
5.560000e-10 5.038738e-06 4.109495e-06
5.565000e-10 5.014921e-06 4.090434e-06
5.570000e-10 4.991211e-06 4.071456e-06
5.575000e-10 4.967606e-06 4.052558e-06
5.580000e-10 4.944106e-06 4.033742e-06
5.585000e-10 4.920710e-06 4.015007e-06
5.590000e-10 4.897419e-06 3.996352e-06
5.595000e-10 4.874232e-06 3.977778e-06
5.600000e-10 4.851148e-06 3.959283e-06
5.605000e-10 4.828167e-06 3.940868e-06
5.610000e-10 4.805289e-06 3.922533e-06
5.615000e-10 4.782513e-06 3.904276e-06
5.620000e-10 4.759839e-06 3.886099e-06
5.625000e-10 4.737266e-06 3.868000e-06
5.630000e-10 4.714794e-06 3.849979e-06
5.635000e-10 4.692423e-06 3.832036e-06
5.640000e-10 4.670152e-06 3.814171e-06
5.645000e-10 4.647980e-06 3.796384e-06
5.650000e-10 4.625908e-06 3.778673e-06
5.655000e-10 4.603936e-06 3.761039e-06
5.660000e-10 4.582061e-06 3.743482e-06
5.665000e-10 4.560285e-06 3.726001e-06
5.670000e-10 4.538607e-06 3.708596e-06
5.675000e-10 4.517026e-06 3.691266e-06
5.680000e-10 4.495542e-06 3.674012e-06
5.685000e-10 4.474155e-06 3.656834e-06
5.690000e-10 4.452864e-06 3.639729e-06
5.695000e-10 4.431669e-06 3.622700e-06
5.700000e-10 4.410570e-06 3.605745e-06
5.705000e-10 4.389565e-06 3.588864e-06
5.710000e-10 4.368655e-06 3.572056e-06
5.715000e-10 4.347840e-06 3.555322e-06
5.720000e-10 4.327118e-06 3.538661e-06
5.725000e-10 4.306490e-06 3.522073e-06
5.730000e-10 4.285955e-06 3.505558e-06
5.735000e-10 4.265513e-06 3.489115e-06
5.740000e-10 4.245163e-06 3.472744e-06
5.745000e-10 4.224906e-06 3.456445e-06
5.750000e-10 4.204740e-06 3.440217e-06
5.755000e-10 4.184665e-06 3.424061e-06
5.760000e-10 4.164681e-06 3.407976e-06
5.765000e-10 4.144788e-06 3.391961e-06
5.770000e-10 4.124985e-06 3.376017e-06
5.775000e-10 4.105272e-06 3.360143e-06
5.780000e-10 4.085648e-06 3.344339e-06
5.785000e-10 4.066113e-06 3.328604e-06
5.790000e-10 4.046667e-06 3.312939e-06
5.795000e-10 4.027309e-06 3.297343e-06
5.800000e-10 4.008040e-06 3.281816e-06
5.805000e-10 3.988857e-06 3.266357e-06
5.810000e-10 3.969763e-06 3.250967e-06
5.815000e-10 3.950755e-06 3.235644e-06
5.820000e-10 3.931833e-06 3.220390e-06
5.825000e-10 3.912998e-06 3.205203e-06
5.830000e-10 3.894248e-06 3.190083e-06
5.835000e-10 3.875584e-06 3.175030e-06
5.840000e-10 3.857005e-06 3.160044e-06
5.845000e-10 3.838511e-06 3.145124e-06
5.850000e-10 3.820101e-06 3.130271e-06
5.855000e-10 3.801776e-06 3.115484e-06
5.860000e-10 3.783534e-06 3.100762e-06
5.865000e-10 3.765375e-06 3.086105e-06
5.870000e-10 3.747299e-06 3.071514e-06
5.875000e-10 3.729306e-06 3.056988e-06
5.880000e-10 3.711395e-06 3.042526e-06
5.885000e-10 3.693567e-06 3.028129e-06
5.890000e-10 3.675820e-06 3.013796e-06
5.895000e-10 3.658154e-06 2.999527e-06
5.900000e-10 3.640569e-06 2.985322e-06
5.905000e-10 3.623065e-06 2.971180e-06
5.910000e-10 3.605640e-06 2.957101e-06
5.915000e-10 3.588296e-06 2.943085e-06
5.920000e-10 3.571032e-06 2.929131e-06
5.925000e-10 3.553847e-06 2.915240e-06
5.930000e-10 3.536740e-06 2.901412e-06
5.935000e-10 3.519712e-06 2.887645e-06
5.940000e-10 3.502763e-06 2.873939e-06
5.945000e-10 3.485891e-06 2.860296e-06
5.950000e-10 3.469097e-06 2.846713e-06
5.955000e-10 3.452381e-06 2.833191e-06
5.960000e-10 3.435741e-06 2.819730e-06
5.965000e-10 3.419178e-06 2.806329e-06
5.970000e-10 3.402691e-06 2.792989e-06
5.975000e-10 3.386280e-06 2.779708e-06
5.980000e-10 3.369945e-06 2.766488e-06
5.985000e-10 3.353685e-06 2.753326e-06
5.990000e-10 3.337500e-06 2.740224e-06
5.995000e-10 3.321390e-06 2.727181e-06
6.000000e-10 3.305354e-06 2.714197e-06
6.005000e-10 3.289392e-06 2.701271e-06
6.010000e-10 3.273504e-06 2.688403e-06
6.015000e-10 3.257690e-06 2.675594e-06
6.020000e-10 3.241948e-06 2.662842e-06
6.025000e-10 3.226280e-06 2.650148e-06
6.030000e-10 3.210683e-06 2.637511e-06
6.035000e-10 3.195159e-06 2.624931e-06
6.040000e-10 3.179707e-06 2.612408e-06
6.045000e-10 3.164327e-06 2.599942e-06
6.050000e-10 3.149017e-06 2.587532e-06
6.055000e-10 3.133779e-06 2.575179e-06
6.060000e-10 3.118611e-06 2.562881e-06
6.065000e-10 3.103514e-06 2.550639e-06
6.070000e-10 3.088487e-06 2.538452e-06
6.075000e-10 3.073529e-06 2.526321e-06
6.080000e-10 3.058641e-06 2.514245e-06
6.085000e-10 3.043822e-06 2.502223e-06
6.090000e-10 3.029072e-06 2.490257e-06
6.095000e-10 3.014390e-06 2.478344e-06
6.100000e-10 2.999777e-06 2.466486e-06
6.105000e-10 2.985231e-06 2.454682e-06
6.110000e-10 2.970753e-06 2.442931e-06
6.115000e-10 2.956343e-06 2.431234e-06
6.120000e-10 2.942000e-06 2.419590e-06
6.125000e-10 2.927723e-06 2.407999e-06
6.130000e-10 2.913513e-06 2.396461e-06
6.135000e-10 2.899369e-06 2.384975e-06
6.140000e-10 2.885292e-06 2.373542e-06
6.145000e-10 2.871279e-06 2.362161e-06
6.150000e-10 2.857332e-06 2.350832e-06
6.155000e-10 2.843451e-06 2.339554e-06
6.160000e-10 2.829634e-06 2.328328e-06
6.165000e-10 2.815881e-06 2.317154e-06
6.170000e-10 2.802193e-06 2.306030e-06
6.175000e-10 2.788568e-06 2.294958e-06
6.180000e-10 2.775008e-06 2.283936e-06
6.185000e-10 2.761510e-06 2.272964e-06
6.190000e-10 2.748076e-06 2.262043e-06
6.195000e-10 2.734705e-06 2.251172e-06
6.200000e-10 2.721396e-06 2.240350e-06
6.205000e-10 2.708150e-06 2.229578e-06
6.210000e-10 2.694965e-06 2.218856e-06
6.215000e-10 2.681842e-06 2.208182e-06
6.220000e-10 2.668781e-06 2.197558e-06
6.225000e-10 2.655781e-06 2.186983e-06
6.230000e-10 2.642842e-06 2.176456e-06
6.235000e-10 2.629963e-06 2.165977e-06
6.240000e-10 2.617145e-06 2.155546e-06
6.245000e-10 2.604388e-06 2.145164e-06
6.250000e-10 2.591689e-06 2.134829e-06
6.255000e-10 2.579051e-06 2.124542e-06
6.260000e-10 2.566472e-06 2.114302e-06
6.265000e-10 2.553952e-06 2.104109e-06
6.270000e-10 2.541491e-06 2.093964e-06
6.275000e-10 2.529088e-06 2.083865e-06
6.280000e-10 2.516744e-06 2.073812e-06
6.285000e-10 2.504458e-06 2.063806e-06
6.290000e-10 2.492229e-06 2.053846e-06
6.295000e-10 2.480059e-06 2.043932e-06
6.300000e-10 2.467945e-06 2.034064e-06
6.305000e-10 2.455888e-06 2.024241e-06
6.310000e-10 2.443889e-06 2.014464e-06
6.315000e-10 2.431945e-06 2.004732e-06
6.320000e-10 2.420059e-06 1.995045e-06
6.325000e-10 2.408228e-06 1.985403e-06
6.330000e-10 2.396452e-06 1.975805e-06
6.335000e-10 2.384733e-06 1.966252e-06
6.340000e-10 2.373069e-06 1.956743e-06
6.345000e-10 2.361459e-06 1.947278e-06
6.350000e-10 2.349905e-06 1.937857e-06
6.355000e-10 2.338405e-06 1.928479e-06
6.360000e-10 2.326959e-06 1.919145e-06
6.365000e-10 2.315568e-06 1.909855e-06
6.370000e-10 2.304230e-06 1.900607e-06
6.375000e-10 2.292946e-06 1.891402e-06
6.380000e-10 2.281715e-06 1.882241e-06
6.385000e-10 2.270538e-06 1.873121e-06
6.390000e-10 2.259413e-06 1.864044e-06
6.395000e-10 2.248341e-06 1.855009e-06
6.400000e-10 2.237321e-06 1.846016e-06
6.405000e-10 2.226354e-06 1.837065e-06
6.410000e-10 2.215438e-06 1.828156e-06
6.415000e-10 2.204575e-06 1.819288e-06
6.420000e-10 2.193762e-06 1.810461e-06
6.425000e-10 2.183001e-06 1.801676e-06
6.430000e-10 2.172291e-06 1.792931e-06
6.435000e-10 2.161632e-06 1.784227e-06
6.440000e-10 2.151023e-06 1.775564e-06
6.445000e-10 2.140465e-06 1.766941e-06
6.450000e-10 2.129956e-06 1.758358e-06
6.455000e-10 2.119498e-06 1.749816e-06
6.460000e-10 2.109089e-06 1.741313e-06
6.465000e-10 2.098730e-06 1.732850e-06
6.470000e-10 2.088420e-06 1.724426e-06
6.475000e-10 2.078159e-06 1.716042e-06
6.480000e-10 2.067946e-06 1.707697e-06
6.485000e-10 2.057783e-06 1.699391e-06
6.490000e-10 2.047667e-06 1.691124e-06
6.495000e-10 2.037600e-06 1.682895e-06
6.500000e-10 2.027580e-06 1.674705e-06
6.505000e-10 2.017609e-06 1.666554e-06
6.510000e-10 2.007685e-06 1.658440e-06
6.515000e-10 1.997808e-06 1.650365e-06
6.520000e-10 1.987978e-06 1.642327e-06
6.525000e-10 1.978195e-06 1.634327e-06
6.530000e-10 1.968458e-06 1.626364e-06
6.535000e-10 1.958768e-06 1.618439e-06
6.540000e-10 1.949124e-06 1.610551e-06
6.545000e-10 1.939526e-06 1.602700e-06
6.550000e-10 1.929974e-06 1.594886e-06
6.555000e-10 1.920468e-06 1.587108e-06
6.560000e-10 1.911007e-06 1.579367e-06
6.565000e-10 1.901591e-06 1.571663e-06
6.570000e-10 1.892220e-06 1.563994e-06
6.575000e-10 1.882893e-06 1.556362e-06
6.580000e-10 1.873612e-06 1.548766e-06
6.585000e-10 1.864374e-06 1.541205e-06
6.590000e-10 1.855181e-06 1.533680e-06
6.595000e-10 1.846032e-06 1.526190e-06
6.600000e-10 1.836926e-06 1.518735e-06
6.605000e-10 1.827864e-06 1.511316e-06
6.610000e-10 1.818846e-06 1.503932e-06
6.615000e-10 1.809870e-06 1.496582e-06
6.620000e-10 1.800938e-06 1.489267e-06
6.625000e-10 1.792048e-06 1.481986e-06
6.630000e-10 1.783201e-06 1.474740e-06
6.635000e-10 1.774396e-06 1.467528e-06
6.640000e-10 1.765633e-06 1.460350e-06
6.645000e-10 1.756913e-06 1.453206e-06
6.650000e-10 1.748234e-06 1.446095e-06
6.655000e-10 1.739597e-06 1.439018e-06
6.660000e-10 1.731001e-06 1.431975e-06
6.665000e-10 1.722446e-06 1.424965e-06
6.670000e-10 1.713933e-06 1.417988e-06
6.675000e-10 1.705460e-06 1.411044e-06
6.680000e-10 1.697028e-06 1.404133e-06
6.685000e-10 1.688637e-06 1.397254e-06
6.690000e-10 1.680285e-06 1.390408e-06
6.695000e-10 1.671974e-06 1.383594e-06
6.700000e-10 1.663703e-06 1.376813e-06
6.705000e-10 1.655472e-06 1.370064e-06
6.710000e-10 1.647280e-06 1.363347e-06
6.715000e-10 1.639127e-06 1.356661e-06
6.720000e-10 1.631014e-06 1.350007e-06
6.725000e-10 1.622939e-06 1.343385e-06
6.730000e-10 1.614904e-06 1.336794e-06
6.735000e-10 1.606907e-06 1.330235e-06
6.740000e-10 1.598949e-06 1.323706e-06
6.745000e-10 1.591029e-06 1.317209e-06
6.750000e-10 1.583147e-06 1.310742e-06
6.755000e-10 1.575303e-06 1.304306e-06
6.760000e-10 1.567497e-06 1.297901e-06
6.765000e-10 1.559728e-06 1.291526e-06
6.770000e-10 1.551997e-06 1.285181e-06
6.775000e-10 1.544303e-06 1.278867e-06
6.780000e-10 1.536646e-06 1.272582e-06
6.785000e-10 1.529026e-06 1.266328e-06
6.790000e-10 1.521443e-06 1.260103e-06
6.795000e-10 1.513897e-06 1.253908e-06
6.800000e-10 1.506387e-06 1.247742e-06
6.805000e-10 1.498913e-06 1.241605e-06
6.810000e-10 1.491475e-06 1.235498e-06
6.815000e-10 1.484073e-06 1.229420e-06
6.820000e-10 1.476707e-06 1.223371e-06
6.825000e-10 1.469376e-06 1.217350e-06
6.830000e-10 1.462081e-06 1.211359e-06
6.835000e-10 1.454821e-06 1.205396e-06
6.840000e-10 1.447596e-06 1.199461e-06
6.845000e-10 1.440406e-06 1.193555e-06
6.850000e-10 1.433251e-06 1.187676e-06
6.855000e-10 1.426131e-06 1.181826e-06
6.860000e-10 1.419044e-06 1.176004e-06
6.865000e-10 1.411993e-06 1.170210e-06
6.870000e-10 1.404975e-06 1.164443e-06
6.875000e-10 1.397991e-06 1.158704e-06
6.880000e-10 1.391041e-06 1.152992e-06
6.885000e-10 1.384125e-06 1.147307e-06
6.890000e-10 1.377242e-06 1.141650e-06
6.895000e-10 1.370392e-06 1.136020e-06
6.900000e-10 1.363576e-06 1.130416e-06
6.905000e-10 1.356793e-06 1.124840e-06
6.910000e-10 1.350042e-06 1.119290e-06
6.915000e-10 1.343325e-06 1.113766e-06
6.920000e-10 1.336640e-06 1.108269e-06
6.925000e-10 1.329987e-06 1.102799e-06
6.930000e-10 1.323366e-06 1.097354e-06
6.935000e-10 1.316778e-06 1.091936e-06
6.940000e-10 1.310222e-06 1.086544e-06
6.945000e-10 1.303697e-06 1.081177e-06
6.950000e-10 1.297204e-06 1.075836e-06
6.955000e-10 1.290743e-06 1.070521e-06
6.960000e-10 1.284313e-06 1.065231e-06
6.965000e-10 1.277914e-06 1.059967e-06
6.970000e-10 1.271546e-06 1.054728e-06
6.975000e-10 1.265210e-06 1.049514e-06
6.980000e-10 1.258904e-06 1.044325e-06
6.985000e-10 1.252628e-06 1.039161e-06
6.990000e-10 1.246384e-06 1.034022e-06
6.995000e-10 1.240169e-06 1.028907e-06
7.000000e-10 1.233985e-06 1.023817e-06
7.005000e-10 1.227831e-06 1.018752e-06
7.010000e-10 1.221707e-06 1.013711e-06
7.015000e-10 1.215612e-06 1.008694e-06
7.020000e-10 1.209547e-06 1.003701e-06
7.025000e-10 1.203512e-06 9.987319e-07
7.030000e-10 1.197506e-06 9.937870e-07
7.035000e-10 1.191530e-06 9.888659e-07
7.040000e-10 1.185582e-06 9.839685e-07
7.045000e-10 1.179664e-06 9.790946e-07
7.050000e-10 1.173774e-06 9.742442e-07
7.055000e-10 1.167913e-06 9.694171e-07
7.060000e-10 1.162081e-06 9.646133e-07
7.065000e-10 1.156276e-06 9.598327e-07
7.070000e-10 1.150501e-06 9.550751e-07
7.075000e-10 1.144753e-06 9.503404e-07
7.080000e-10 1.139034e-06 9.456285e-07
7.085000e-10 1.133342e-06 9.409394e-07
7.090000e-10 1.127678e-06 9.362728e-07
7.095000e-10 1.122042e-06 9.316288e-07
7.100000e-10 1.116433e-06 9.270072e-07
7.105000e-10 1.110852e-06 9.224078e-07
7.110000e-10 1.105298e-06 9.178307e-07
7.115000e-10 1.099771e-06 9.132757e-07
7.120000e-10 1.094271e-06 9.087427e-07
7.125000e-10 1.088798e-06 9.042315e-07
7.130000e-10 1.083352e-06 8.997422e-07
7.135000e-10 1.077932e-06 8.952745e-07
7.140000e-10 1.072539e-06 8.908285e-07
7.145000e-10 1.067172e-06 8.864039e-07
7.150000e-10 1.061831e-06 8.820007e-07
7.155000e-10 1.056517e-06 8.776188e-07
7.160000e-10 1.051228e-06 8.732581e-07
7.165000e-10 1.045965e-06 8.689185e-07
7.170000e-10 1.040728e-06 8.645999e-07
7.175000e-10 1.035517e-06 8.603022e-07
7.180000e-10 1.030331e-06 8.560253e-07
7.185000e-10 1.025171e-06 8.517691e-07
7.190000e-10 1.020036e-06 8.475335e-07
7.195000e-10 1.014926e-06 8.433184e-07
7.200000e-10 1.009841e-06 8.391237e-07
7.205000e-10 1.004781e-06 8.349494e-07
7.210000e-10 9.997454e-07 8.307953e-07
7.215000e-10 9.947348e-07 8.266613e-07
7.220000e-10 9.897488e-07 8.225474e-07
7.225000e-10 9.847871e-07 8.184534e-07
7.230000e-10 9.798498e-07 8.143793e-07
7.235000e-10 9.749368e-07 8.103249e-07
7.240000e-10 9.700478e-07 8.062902e-07
7.245000e-10 9.651827e-07 8.022751e-07
7.250000e-10 9.603416e-07 7.982795e-07
7.255000e-10 9.555242e-07 7.943033e-07
7.260000e-10 9.507304e-07 7.903464e-07
7.265000e-10 9.459602e-07 7.864087e-07
7.270000e-10 9.412134e-07 7.824901e-07
7.275000e-10 9.364899e-07 7.785905e-07
7.280000e-10 9.317896e-07 7.747099e-07
7.285000e-10 9.271123e-07 7.708482e-07
7.290000e-10 9.224581e-07 7.670053e-07
7.295000e-10 9.178267e-07 7.631810e-07
7.300000e-10 9.132180e-07 7.593753e-07
7.305000e-10 9.086320e-07 7.555881e-07
7.310000e-10 9.040686e-07 7.518194e-07
7.315000e-10 8.995275e-07 7.480690e-07
7.320000e-10 8.950088e-07 7.443368e-07
7.325000e-10 8.905123e-07 7.406228e-07
7.330000e-10 8.860380e-07 7.369269e-07
7.335000e-10 8.815856e-07 7.332490e-07
7.340000e-10 8.771552e-07 7.295890e-07
7.345000e-10 8.727465e-07 7.259469e-07
7.350000e-10 8.683595e-07 7.223224e-07
7.355000e-10 8.639942e-07 7.187157e-07
7.360000e-10 8.596503e-07 7.151265e-07
7.365000e-10 8.553278e-07 7.115548e-07
7.370000e-10 8.510266e-07 7.080005e-07
7.375000e-10 8.467466e-07 7.044635e-07
7.380000e-10 8.424876e-07 7.009438e-07
7.385000e-10 8.382496e-07 6.974413e-07
7.390000e-10 8.340325e-07 6.939559e-07
7.395000e-10 8.298362e-07 6.904874e-07
7.400000e-10 8.256606e-07 6.870359e-07
7.405000e-10 8.215056e-07 6.836013e-07
7.410000e-10 8.173710e-07 6.801834e-07
7.415000e-10 8.132568e-07 6.767822e-07
7.420000e-10 8.091630e-07 6.733976e-07
7.425000e-10 8.050893e-07 6.700295e-07
7.430000e-10 8.010357e-07 6.666779e-07
7.435000e-10 7.970021e-07 6.633427e-07
7.440000e-10 7.929884e-07 6.600238e-07
7.445000e-10 7.889945e-07 6.567211e-07
7.450000e-10 7.850203e-07 6.534345e-07
7.455000e-10 7.810658e-07 6.501640e-07
7.460000e-10 7.771307e-07 6.469095e-07
7.465000e-10 7.732151e-07 6.436710e-07
7.470000e-10 7.693189e-07 6.404483e-07
7.475000e-10 7.654419e-07 6.372413e-07
7.480000e-10 7.615840e-07 6.340500e-07
7.485000e-10 7.577452e-07 6.308744e-07
7.490000e-10 7.539254e-07 6.277143e-07
7.495000e-10 7.501244e-07 6.245697e-07
7.500000e-10 7.463422e-07 6.214405e-07
7.505000e-10 7.425788e-07 6.183266e-07
7.510000e-10 7.388339e-07 6.152280e-07
7.515000e-10 7.351076e-07 6.121445e-07
7.520000e-10 7.313997e-07 6.090762e-07
7.525000e-10 7.277101e-07 6.060229e-07
7.530000e-10 7.240388e-07 6.029845e-07
7.535000e-10 7.203856e-07 5.999611e-07
7.540000e-10 7.167506e-07 5.969525e-07
7.545000e-10 7.131335e-07 5.939586e-07
7.550000e-10 7.095343e-07 5.909794e-07
7.555000e-10 7.059529e-07 5.880149e-07
7.560000e-10 7.023893e-07 5.850649e-07
7.565000e-10 6.988433e-07 5.821294e-07
7.570000e-10 6.953149e-07 5.792082e-07
7.575000e-10 6.918040e-07 5.763015e-07
7.580000e-10 6.883104e-07 5.734090e-07
7.585000e-10 6.848342e-07 5.705307e-07
7.590000e-10 6.813752e-07 5.676665e-07
7.595000e-10 6.779333e-07 5.648164e-07
7.600000e-10 6.745085e-07 5.619803e-07
7.605000e-10 6.711007e-07 5.591582e-07
7.610000e-10 6.677097e-07 5.563499e-07
7.615000e-10 6.643356e-07 5.535554e-07
7.620000e-10 6.609782e-07 5.507747e-07
7.625000e-10 6.576375e-07 5.480076e-07
7.630000e-10 6.543134e-07 5.452541e-07
7.635000e-10 6.510057e-07 5.425142e-07
7.640000e-10 6.477144e-07 5.397878e-07
7.645000e-10 6.444395e-07 5.370748e-07
7.650000e-10 6.411809e-07 5.343751e-07
7.655000e-10 6.379384e-07 5.316887e-07
7.660000e-10 6.347120e-07 5.290156e-07
7.665000e-10 6.315016e-07 5.263556e-07
7.670000e-10 6.283072e-07 5.237087e-07
7.675000e-10 6.251286e-07 5.210748e-07
7.680000e-10 6.219659e-07 5.184539e-07
7.685000e-10 6.188188e-07 5.158459e-07
7.690000e-10 6.156874e-07 5.132508e-07
7.695000e-10 6.125715e-07 5.106685e-07
7.700000e-10 6.094712e-07 5.080988e-07
7.705000e-10 6.063862e-07 5.055419e-07
7.710000e-10 6.033166e-07 5.029975e-07
7.715000e-10 6.002622e-07 5.004657e-07
7.720000e-10 5.972230e-07 4.979464e-07
7.725000e-10 5.941990e-07 4.954395e-07
7.730000e-10 5.911900e-07 4.929450e-07
7.735000e-10 5.881959e-07 4.904628e-07
7.740000e-10 5.852168e-07 4.879928e-07
7.745000e-10 5.822524e-07 4.855351e-07
7.750000e-10 5.793029e-07 4.830894e-07
7.755000e-10 5.763680e-07 4.806559e-07
7.760000e-10 5.734477e-07 4.782343e-07
7.765000e-10 5.705419e-07 4.758247e-07
7.770000e-10 5.676506e-07 4.734270e-07
7.775000e-10 5.647737e-07 4.710411e-07
7.780000e-10 5.619112e-07 4.686671e-07
7.785000e-10 5.590629e-07 4.663047e-07
7.790000e-10 5.562288e-07 4.639541e-07
7.795000e-10 5.534088e-07 4.616150e-07
7.800000e-10 5.506028e-07 4.592875e-07
7.805000e-10 5.478109e-07 4.569716e-07
7.810000e-10 5.450328e-07 4.546670e-07
7.815000e-10 5.422686e-07 4.523739e-07
7.820000e-10 5.395182e-07 4.500921e-07
7.825000e-10 5.367815e-07 4.478216e-07
7.830000e-10 5.340584e-07 4.455623e-07
7.835000e-10 5.313489e-07 4.433142e-07
7.840000e-10 5.286530e-07 4.410773e-07
7.845000e-10 5.259705e-07 4.388514e-07
7.850000e-10 5.233013e-07 4.366365e-07
7.855000e-10 5.206455e-07 4.344326e-07
7.860000e-10 5.180029e-07 4.322396e-07
7.865000e-10 5.153736e-07 4.300574e-07
7.870000e-10 5.127573e-07 4.278861e-07
7.875000e-10 5.101541e-07 4.257255e-07
7.880000e-10 5.075639e-07 4.235756e-07
7.885000e-10 5.049866e-07 4.214364e-07
7.890000e-10 5.024222e-07 4.193078e-07
7.895000e-10 4.998706e-07 4.171897e-07
7.900000e-10 4.973318e-07 4.150822e-07
7.905000e-10 4.948056e-07 4.129850e-07
7.910000e-10 4.922921e-07 4.108983e-07
7.915000e-10 4.897911e-07 4.088219e-07
7.920000e-10 4.873026e-07 4.067558e-07
7.925000e-10 4.848266e-07 4.047000e-07
7.930000e-10 4.823629e-07 4.026544e-07
7.935000e-10 4.799115e-07 4.006189e-07
7.940000e-10 4.774724e-07 3.985935e-07
7.945000e-10 4.750455e-07 3.965782e-07
7.950000e-10 4.726308e-07 3.945728e-07
7.955000e-10 4.702281e-07 3.925775e-07
7.960000e-10 4.678374e-07 3.905920e-07
7.965000e-10 4.654587e-07 3.886164e-07
7.970000e-10 4.630918e-07 3.866506e-07
7.975000e-10 4.607369e-07 3.846946e-07
7.980000e-10 4.583937e-07 3.827482e-07
7.985000e-10 4.560622e-07 3.808116e-07
7.990000e-10 4.537424e-07 3.788846e-07
7.995000e-10 4.514342e-07 3.769671e-07
8.000000e-10 4.491376e-07 3.750592e-07
8.005000e-10 4.468525e-07 3.731607e-07
8.010000e-10 4.445788e-07 3.712717e-07
8.015000e-10 4.423165e-07 3.693921e-07
8.020000e-10 4.400655e-07 3.675219e-07
8.025000e-10 4.378258e-07 3.656609e-07
8.030000e-10 4.355973e-07 3.638092e-07
8.035000e-10 4.333800e-07 3.619667e-07
8.040000e-10 4.311738e-07 3.601334e-07
8.045000e-10 4.289787e-07 3.583092e-07
8.050000e-10 4.267946e-07 3.564941e-07
8.055000e-10 4.246214e-07 3.546880e-07
8.060000e-10 4.224591e-07 3.528909e-07
8.065000e-10 4.203076e-07 3.511027e-07
8.070000e-10 4.181669e-07 3.493235e-07
8.075000e-10 4.160370e-07 3.475531e-07
8.080000e-10 4.139177e-07 3.457915e-07
8.085000e-10 4.118091e-07 3.440387e-07
8.090000e-10 4.097111e-07 3.422946e-07
8.095000e-10 4.076236e-07 3.405592e-07
8.100000e-10 4.055465e-07 3.388325e-07
8.105000e-10 4.034799e-07 3.371144e-07
8.110000e-10 4.014236e-07 3.354048e-07
8.115000e-10 3.993777e-07 3.337038e-07
8.120000e-10 3.973420e-07 3.320112e-07
8.125000e-10 3.953166e-07 3.303271e-07
8.130000e-10 3.933013e-07 3.286513e-07
8.135000e-10 3.912962e-07 3.269840e-07
8.140000e-10 3.893011e-07 3.253249e-07
8.145000e-10 3.873160e-07 3.236741e-07
8.150000e-10 3.853409e-07 3.220316e-07
8.155000e-10 3.833757e-07 3.203972e-07
8.160000e-10 3.814204e-07 3.187710e-07
8.165000e-10 3.794750e-07 3.171530e-07
8.170000e-10 3.775393e-07 3.155430e-07
8.175000e-10 3.756133e-07 3.139410e-07
8.180000e-10 3.736970e-07 3.123470e-07
8.185000e-10 3.717903e-07 3.107610e-07
8.190000e-10 3.698933e-07 3.091829e-07
8.195000e-10 3.680057e-07 3.076127e-07
8.200000e-10 3.661277e-07 3.060503e-07
8.205000e-10 3.642591e-07 3.044958e-07
8.210000e-10 3.623999e-07 3.029490e-07
8.215000e-10 3.605500e-07 3.014099e-07
8.220000e-10 3.587094e-07 2.998785e-07
8.225000e-10 3.568782e-07 2.983548e-07
8.230000e-10 3.550561e-07 2.968387e-07
8.235000e-10 3.532432e-07 2.953302e-07
8.240000e-10 3.514394e-07 2.938292e-07
8.245000e-10 3.496447e-07 2.923357e-07
8.250000e-10 3.478590e-07 2.908497e-07
8.255000e-10 3.460823e-07 2.893711e-07
8.260000e-10 3.443146e-07 2.878999e-07
8.265000e-10 3.425557e-07 2.864361e-07
8.270000e-10 3.408057e-07 2.849796e-07
8.275000e-10 3.390645e-07 2.835304e-07
8.280000e-10 3.373321e-07 2.820884e-07
8.285000e-10 3.356085e-07 2.806537e-07
8.290000e-10 3.338935e-07 2.792261e-07
8.295000e-10 3.321871e-07 2.778057e-07
8.300000e-10 3.304893e-07 2.763924e-07
8.305000e-10 3.288001e-07 2.749861e-07
8.310000e-10 3.271194e-07 2.735869e-07
8.315000e-10 3.254472e-07 2.721948e-07
8.320000e-10 3.237834e-07 2.708095e-07
8.325000e-10 3.221280e-07 2.694313e-07
8.330000e-10 3.204810e-07 2.680599e-07
8.335000e-10 3.188422e-07 2.666954e-07
8.340000e-10 3.172117e-07 2.653377e-07
8.345000e-10 3.155894e-07 2.639869e-07
8.350000e-10 3.139753e-07 2.626428e-07
8.355000e-10 3.123694e-07 2.613055e-07
8.360000e-10 3.107715e-07 2.599748e-07
8.365000e-10 3.091817e-07 2.586508e-07
8.370000e-10 3.076000e-07 2.573335e-07
8.375000e-10 3.060262e-07 2.560228e-07
8.380000e-10 3.044603e-07 2.547186e-07
8.385000e-10 3.029024e-07 2.534210e-07
8.390000e-10 3.013523e-07 2.521299e-07
8.395000e-10 2.998101e-07 2.508453e-07
8.400000e-10 2.982756e-07 2.495671e-07
8.405000e-10 2.967489e-07 2.482953e-07
8.410000e-10 2.952298e-07 2.470299e-07
8.415000e-10 2.937185e-07 2.457709e-07
8.420000e-10 2.922148e-07 2.445182e-07
8.425000e-10 2.907187e-07 2.432718e-07
8.430000e-10 2.892301e-07 2.420316e-07
8.435000e-10 2.877491e-07 2.407976e-07
8.440000e-10 2.862755e-07 2.395699e-07
8.445000e-10 2.848094e-07 2.383483e-07
8.450000e-10 2.833507e-07 2.371329e-07
8.455000e-10 2.818993e-07 2.359235e-07
8.460000e-10 2.804553e-07 2.347203e-07
8.465000e-10 2.790186e-07 2.335231e-07
8.470000e-10 2.775892e-07 2.323319e-07
8.475000e-10 2.761670e-07 2.311466e-07
8.480000e-10 2.747520e-07 2.299674e-07
8.485000e-10 2.733441e-07 2.287940e-07
8.490000e-10 2.719433e-07 2.276266e-07
8.495000e-10 2.705497e-07 2.264651e-07
8.500000e-10 2.691631e-07 2.253093e-07
8.505000e-10 2.677834e-07 2.241594e-07
8.510000e-10 2.664108e-07 2.230153e-07
8.515000e-10 2.650451e-07 2.218769e-07
8.520000e-10 2.636864e-07 2.207443e-07
8.525000e-10 2.623345e-07 2.196173e-07
8.530000e-10 2.609894e-07 2.184960e-07
8.535000e-10 2.596512e-07 2.173804e-07
8.540000e-10 2.583197e-07 2.162704e-07
8.545000e-10 2.569950e-07 2.151659e-07
8.550000e-10 2.556769e-07 2.140671e-07
8.555000e-10 2.543656e-07 2.129737e-07
8.560000e-10 2.530608e-07 2.118859e-07
8.565000e-10 2.517627e-07 2.108035e-07
8.570000e-10 2.504712e-07 2.097266e-07
8.575000e-10 2.491862e-07 2.086551e-07
8.580000e-10 2.479077e-07 2.075890e-07
8.585000e-10 2.466357e-07 2.065283e-07
8.590000e-10 2.453701e-07 2.054729e-07
8.595000e-10 2.441110e-07 2.044228e-07
8.600000e-10 2.428582e-07 2.033781e-07
8.605000e-10 2.416118e-07 2.023385e-07
8.610000e-10 2.403717e-07 2.013043e-07
8.615000e-10 2.391378e-07 2.002752e-07
8.620000e-10 2.379102e-07 1.992513e-07
8.625000e-10 2.366889e-07 1.982326e-07
8.630000e-10 2.354737e-07 1.972190e-07
8.635000e-10 2.342647e-07 1.962106e-07
8.640000e-10 2.330619e-07 1.952072e-07
8.645000e-10 2.318651e-07 1.942089e-07
8.650000e-10 2.306744e-07 1.932156e-07
8.655000e-10 2.294897e-07 1.922273e-07
8.660000e-10 2.283111e-07 1.912440e-07
8.665000e-10 2.271384e-07 1.902657e-07
8.670000e-10 2.259717e-07 1.892923e-07
8.675000e-10 2.248109e-07 1.883238e-07
8.680000e-10 2.236559e-07 1.873602e-07
8.685000e-10 2.225069e-07 1.864015e-07
8.690000e-10 2.213637e-07 1.854476e-07
8.695000e-10 2.202262e-07 1.844985e-07
8.700000e-10 2.190946e-07 1.835542e-07
8.705000e-10 2.179687e-07 1.826147e-07
8.710000e-10 2.168485e-07 1.816799e-07
8.715000e-10 2.157340e-07 1.807498e-07
8.720000e-10 2.146251e-07 1.798245e-07
8.725000e-10 2.135219e-07 1.789038e-07
8.730000e-10 2.124243e-07 1.779878e-07
8.735000e-10 2.113322e-07 1.770763e-07
8.740000e-10 2.102457e-07 1.761695e-07
8.745000e-10 2.091648e-07 1.752673e-07
8.750000e-10 2.080893e-07 1.743696e-07
8.755000e-10 2.070193e-07 1.734765e-07
8.760000e-10 2.059547e-07 1.725879e-07
8.765000e-10 2.048955e-07 1.717038e-07
8.770000e-10 2.038417e-07 1.708241e-07
8.775000e-10 2.027933e-07 1.699489e-07
8.780000e-10 2.017502e-07 1.690781e-07
8.785000e-10 2.007123e-07 1.682117e-07
8.790000e-10 1.996798e-07 1.673497e-07
8.795000e-10 1.986525e-07 1.664921e-07
8.800000e-10 1.976305e-07 1.656388e-07
8.805000e-10 1.966136e-07 1.647898e-07
8.810000e-10 1.956019e-07 1.639451e-07
8.815000e-10 1.945954e-07 1.631047e-07
8.820000e-10 1.935939e-07 1.622685e-07
8.825000e-10 1.925976e-07 1.614366e-07
8.830000e-10 1.916063e-07 1.606089e-07
8.835000e-10 1.906201e-07 1.597853e-07
8.840000e-10 1.896389e-07 1.589660e-07
8.845000e-10 1.886627e-07 1.581507e-07
8.850000e-10 1.876914e-07 1.573396e-07
8.855000e-10 1.867251e-07 1.565327e-07
8.860000e-10 1.857637e-07 1.557298e-07
8.865000e-10 1.848072e-07 1.549309e-07
8.870000e-10 1.838556e-07 1.541361e-07
8.875000e-10 1.829088e-07 1.533454e-07
8.880000e-10 1.819668e-07 1.525586e-07
8.885000e-10 1.810296e-07 1.517758e-07
8.890000e-10 1.800972e-07 1.509970e-07
8.895000e-10 1.791696e-07 1.502221e-07
8.900000e-10 1.782466e-07 1.494512e-07
8.905000e-10 1.773284e-07 1.486842e-07
8.910000e-10 1.764149e-07 1.479210e-07
8.915000e-10 1.755060e-07 1.471617e-07
8.920000e-10 1.746017e-07 1.464063e-07
8.925000e-10 1.737020e-07 1.456547e-07
8.930000e-10 1.728069e-07 1.449069e-07
8.935000e-10 1.719164e-07 1.441629e-07
8.940000e-10 1.710304e-07 1.434227e-07
8.945000e-10 1.701490e-07 1.426862e-07
8.950000e-10 1.692720e-07 1.419535e-07
8.955000e-10 1.683995e-07 1.412244e-07
8.960000e-10 1.675314e-07 1.404991e-07
8.965000e-10 1.666678e-07 1.397775e-07
8.970000e-10 1.658085e-07 1.390595e-07
8.975000e-10 1.649537e-07 1.383451e-07
8.980000e-10 1.641032e-07 1.376344e-07
8.985000e-10 1.632570e-07 1.369273e-07
8.990000e-10 1.624152e-07 1.362238e-07
8.995000e-10 1.615776e-07 1.355238e-07
9.000000e-10 1.607444e-07 1.348274e-07
9.005000e-10 1.599153e-07 1.341346e-07
9.010000e-10 1.590905e-07 1.334452e-07
9.015000e-10 1.582699e-07 1.327594e-07
9.020000e-10 1.574535e-07 1.320770e-07
9.025000e-10 1.566413e-07 1.313981e-07
9.030000e-10 1.558332e-07 1.307226e-07
9.035000e-10 1.550292e-07 1.300506e-07
9.040000e-10 1.542293e-07 1.293820e-07
9.045000e-10 1.534335e-07 1.287168e-07
9.050000e-10 1.526418e-07 1.280549e-07
9.055000e-10 1.518541e-07 1.273965e-07
9.060000e-10 1.510705e-07 1.267413e-07
9.065000e-10 1.502908e-07 1.260895e-07
9.070000e-10 1.495151e-07 1.254411e-07
9.075000e-10 1.487434e-07 1.247959e-07
9.080000e-10 1.479756e-07 1.241539e-07
9.085000e-10 1.472117e-07 1.235153e-07
9.090000e-10 1.464518e-07 1.228799e-07
9.095000e-10 1.456957e-07 1.222477e-07
9.100000e-10 1.449435e-07 1.216187e-07
9.105000e-10 1.441951e-07 1.209930e-07
9.110000e-10 1.434505e-07 1.203704e-07
9.115000e-10 1.427098e-07 1.197510e-07
9.120000e-10 1.419728e-07 1.191347e-07
9.125000e-10 1.412396e-07 1.185216e-07
9.130000e-10 1.405101e-07 1.179116e-07
9.135000e-10 1.397844e-07 1.173047e-07
9.140000e-10 1.390624e-07 1.167008e-07
9.145000e-10 1.383441e-07 1.161001e-07
9.150000e-10 1.376294e-07 1.155024e-07
9.155000e-10 1.369184e-07 1.149077e-07
9.160000e-10 1.362110e-07 1.143161e-07
9.165000e-10 1.355073e-07 1.137275e-07
9.170000e-10 1.348071e-07 1.131419e-07
9.175000e-10 1.341105e-07 1.125592e-07
9.180000e-10 1.334175e-07 1.119796e-07
9.185000e-10 1.327281e-07 1.114028e-07
9.190000e-10 1.320421e-07 1.108291e-07
9.195000e-10 1.313597e-07 1.102582e-07
9.200000e-10 1.306807e-07 1.096902e-07
9.205000e-10 1.300053e-07 1.091252e-07
9.210000e-10 1.293332e-07 1.085630e-07
9.215000e-10 1.286647e-07 1.080037e-07
9.220000e-10 1.279995e-07 1.074472e-07
9.225000e-10 1.273377e-07 1.068935e-07
9.230000e-10 1.266794e-07 1.063427e-07
9.235000e-10 1.260244e-07 1.057947e-07
9.240000e-10 1.253727e-07 1.052495e-07
9.245000e-10 1.247244e-07 1.047071e-07
9.250000e-10 1.240794e-07 1.041674e-07
9.255000e-10 1.234377e-07 1.036304e-07
9.260000e-10 1.227993e-07 1.030963e-07
9.265000e-10 1.221642e-07 1.025648e-07
9.270000e-10 1.215323e-07 1.020360e-07
9.275000e-10 1.209036e-07 1.015100e-07
9.280000e-10 1.202782e-07 1.009866e-07
9.285000e-10 1.196560e-07 1.004659e-07
9.290000e-10 1.190369e-07 9.994780e-08
9.295000e-10 1.184211e-07 9.943239e-08
9.300000e-10 1.178083e-07 9.891960e-08
9.305000e-10 1.171988e-07 9.840943e-08
9.310000e-10 1.165923e-07 9.790186e-08
9.315000e-10 1.159890e-07 9.739688e-08
9.320000e-10 1.153887e-07 9.689447e-08
9.325000e-10 1.147915e-07 9.639463e-08
9.330000e-10 1.141974e-07 9.589734e-08
9.335000e-10 1.136063e-07 9.540258e-08
9.340000e-10 1.130183e-07 9.491035e-08
9.345000e-10 1.124332e-07 9.442064e-08
9.350000e-10 1.118512e-07 9.393342e-08
9.355000e-10 1.112721e-07 9.344869e-08
9.360000e-10 1.106960e-07 9.296643e-08
9.365000e-10 1.101229e-07 9.248664e-08
9.370000e-10 1.095527e-07 9.200929e-08
9.375000e-10 1.089854e-07 9.153438e-08
9.380000e-10 1.084211e-07 9.106190e-08
9.385000e-10 1.078596e-07 9.059183e-08
9.390000e-10 1.073010e-07 9.012416e-08
9.395000e-10 1.067453e-07 8.965888e-08
9.400000e-10 1.061924e-07 8.919597e-08
9.405000e-10 1.056424e-07 8.873543e-08
9.410000e-10 1.050952e-07 8.827724e-08
9.415000e-10 1.045508e-07 8.782139e-08
9.420000e-10 1.040091e-07 8.736787e-08
9.425000e-10 1.034703e-07 8.691667e-08
9.430000e-10 1.029342e-07 8.646778e-08
9.435000e-10 1.024009e-07 8.602117e-08
9.440000e-10 1.018703e-07 8.557685e-08
9.445000e-10 1.013424e-07 8.513481e-08
9.450000e-10 1.008173e-07 8.469502e-08
9.455000e-10 1.002948e-07 8.425747e-08
9.460000e-10 9.977505e-08 8.382217e-08
9.465000e-10 9.925794e-08 8.338909e-08
9.470000e-10 9.874349e-08 8.295822e-08
9.475000e-10 9.823168e-08 8.252956e-08
9.480000e-10 9.772249e-08 8.210309e-08
9.485000e-10 9.721592e-08 8.167880e-08
9.490000e-10 9.671195e-08 8.125668e-08
9.495000e-10 9.621056e-08 8.083672e-08
9.500000e-10 9.571176e-08 8.041891e-08
9.505000e-10 9.521551e-08 8.000323e-08
9.510000e-10 9.472181e-08 7.958969e-08
9.515000e-10 9.423065e-08 7.917825e-08
9.520000e-10 9.374201e-08 7.876892e-08
9.525000e-10 9.325589e-08 7.836169e-08
9.530000e-10 9.277225e-08 7.795654e-08
9.535000e-10 9.229111e-08 7.755346e-08
9.540000e-10 9.181243e-08 7.715245e-08
9.545000e-10 9.133622e-08 7.675349e-08
9.550000e-10 9.086245e-08 7.635657e-08
9.555000e-10 9.039112e-08 7.596168e-08
9.560000e-10 8.992221e-08 7.556881e-08
9.565000e-10 8.945571e-08 7.517796e-08
9.570000e-10 8.899161e-08 7.478910e-08
9.575000e-10 8.852989e-08 7.440224e-08
9.580000e-10 8.807055e-08 7.401736e-08
9.585000e-10 8.761357e-08 7.363445e-08
9.590000e-10 8.715893e-08 7.325350e-08
9.595000e-10 8.670664e-08 7.287450e-08
9.600000e-10 8.625667e-08 7.249744e-08
9.605000e-10 8.580901e-08 7.212231e-08
9.610000e-10 8.536366e-08 7.174911e-08
9.615000e-10 8.492060e-08 7.137782e-08
9.620000e-10 8.447981e-08 7.100843e-08
9.625000e-10 8.404130e-08 7.064093e-08
9.630000e-10 8.360504e-08 7.027531e-08
9.635000e-10 8.317102e-08 6.991157e-08
9.640000e-10 8.273923e-08 6.954970e-08
9.645000e-10 8.230967e-08 6.918967e-08
9.650000e-10 8.188232e-08 6.883150e-08
9.655000e-10 8.145716e-08 6.847515e-08
9.660000e-10 8.103420e-08 6.812064e-08
9.665000e-10 8.061341e-08 6.776794e-08
9.670000e-10 8.019478e-08 6.741705e-08
9.675000e-10 7.977831e-08 6.706796e-08
9.680000e-10 7.936399e-08 6.672066e-08
9.685000e-10 7.895179e-08 6.637514e-08
9.690000e-10 7.854172e-08 6.603139e-08
9.695000e-10 7.813376e-08 6.568941e-08
9.700000e-10 7.772790e-08 6.534918e-08
9.705000e-10 7.732413e-08 6.501069e-08
9.710000e-10 7.692244e-08 6.467394e-08
9.715000e-10 7.652281e-08 6.433892e-08
9.720000e-10 7.612525e-08 6.400562e-08
9.725000e-10 7.572973e-08 6.367403e-08
9.730000e-10 7.533625e-08 6.334414e-08
9.735000e-10 7.494479e-08 6.301594e-08
9.740000e-10 7.455535e-08 6.268942e-08
9.745000e-10 7.416792e-08 6.236458e-08
9.750000e-10 7.378248e-08 6.204141e-08
9.755000e-10 7.339903e-08 6.171990e-08
9.760000e-10 7.301756e-08 6.140003e-08
9.765000e-10 7.263804e-08 6.108181e-08
9.770000e-10 7.226049e-08 6.076522e-08
9.775000e-10 7.188488e-08 6.045026e-08
9.780000e-10 7.151120e-08 6.013692e-08
9.785000e-10 7.113945e-08 5.982518e-08
9.790000e-10 7.076962e-08 5.951504e-08
9.795000e-10 7.040169e-08 5.920650e-08
9.800000e-10 7.003566e-08 5.889954e-08
9.805000e-10 6.967152e-08 5.859416e-08
9.810000e-10 6.930925e-08 5.829035e-08
9.815000e-10 6.894885e-08 5.798809e-08
9.820000e-10 6.859031e-08 5.768739e-08
9.825000e-10 6.823362e-08 5.738824e-08
9.830000e-10 6.787877e-08 5.709062e-08
9.835000e-10 6.752574e-08 5.679453e-08
9.840000e-10 6.717454e-08 5.649996e-08
9.845000e-10 6.682514e-08 5.620690e-08
9.850000e-10 6.647755e-08 5.591536e-08
9.855000e-10 6.613176e-08 5.562530e-08
9.860000e-10 6.578774e-08 5.533674e-08
9.865000e-10 6.544550e-08 5.504967e-08
9.870000e-10 6.510503e-08 5.476407e-08
9.875000e-10 6.476631e-08 5.447993e-08
9.880000e-10 6.442934e-08 5.419726e-08
9.885000e-10 6.409410e-08 5.391604e-08
9.890000e-10 6.376060e-08 5.363627e-08
9.895000e-10 6.342882e-08 5.335793e-08
9.900000e-10 6.309875e-08 5.308103e-08
9.905000e-10 6.277038e-08 5.280555e-08
9.910000e-10 6.244371e-08 5.253148e-08
9.915000e-10 6.211872e-08 5.225883e-08
9.920000e-10 6.179541e-08 5.198758e-08
9.925000e-10 6.147377e-08 5.171772e-08
9.930000e-10 6.115379e-08 5.144925e-08
9.935000e-10 6.083547e-08 5.118217e-08
9.940000e-10 6.051878e-08 5.091645e-08
9.945000e-10 6.020373e-08 5.065211e-08
9.950000e-10 5.989031e-08 5.038912e-08
9.955000e-10 5.957850e-08 5.012749e-08
9.960000e-10 5.926831e-08 4.986720e-08
9.965000e-10 5.895971e-08 4.960825e-08
9.970000e-10 5.865271e-08 4.935064e-08
9.975000e-10 5.834730e-08 4.909435e-08
9.980000e-10 5.804346e-08 4.883938e-08
9.985000e-10 5.774119e-08 4.858572e-08
9.990000e-10 5.744049e-08 4.833337e-08
9.995000e-10 5.714133e-08 4.808232e-08
1.000000e-09 5.684373e-08 4.783255e-08
1.000500e-09 5.654766e-08 4.758408e-08
1.001000e-09 5.625311e-08 4.733689e-08
1.001500e-09 5.596010e-08 4.709096e-08
1.002000e-09 5.566859e-08 4.684631e-08
1.002500e-09 5.537859e-08 4.660291e-08
1.003000e-09 5.509009e-08 4.636077e-08
1.003500e-09 5.480308e-08 4.611987e-08
1.004000e-09 5.451755e-08 4.588022e-08
1.004500e-09 5.423350e-08 4.564180e-08
1.005000e-09 5.395092e-08 4.540461e-08
1.005500e-09 5.366980e-08 4.516863e-08
1.006000e-09 5.339013e-08 4.493388e-08
1.006500e-09 5.311191e-08 4.470033e-08
1.007000e-09 5.283512e-08 4.446799e-08
1.007500e-09 5.255977e-08 4.423685e-08
1.008000e-09 5.228584e-08 4.400689e-08
1.008500e-09 5.201333e-08 4.377813e-08
1.009000e-09 5.174222e-08 4.355054e-08
1.009500e-09 5.147252e-08 4.332412e-08
1.010000e-09 5.120421e-08 4.309887e-08
1.010500e-09 5.093729e-08 4.287478e-08
1.011000e-09 5.067175e-08 4.265185e-08
1.011500e-09 5.040758e-08 4.243006e-08
1.012000e-09 5.014478e-08 4.220942e-08
1.012500e-09 4.988334e-08 4.198992e-08
1.013000e-09 4.962325e-08 4.177155e-08
1.013500e-09 4.936451e-08 4.155430e-08
1.014000e-09 4.910710e-08 4.133818e-08
1.014500e-09 4.885103e-08 4.112317e-08
1.015000e-09 4.859628e-08 4.090926e-08
1.015500e-09 4.834285e-08 4.069647e-08
1.016000e-09 4.809073e-08 4.048476e-08
1.016500e-09 4.783992e-08 4.027415e-08
1.017000e-09 4.759040e-08 4.006463e-08
1.017500e-09 4.734218e-08 3.985619e-08
1.018000e-09 4.709524e-08 3.964882e-08
1.018500e-09 4.684958e-08 3.944253e-08
1.019000e-09 4.660519e-08 3.923729e-08
1.019500e-09 4.636206e-08 3.903312e-08
1.020000e-09 4.612020e-08 3.883000e-08
1.020500e-09 4.587958e-08 3.862793e-08
1.021000e-09 4.564021e-08 3.842690e-08
1.021500e-09 4.540208e-08 3.822691e-08
1.022000e-09 4.516519e-08 3.802795e-08
1.022500e-09 4.492952e-08 3.783001e-08
1.023000e-09 4.469507e-08 3.763310e-08
1.023500e-09 4.446183e-08 3.743721e-08
1.024000e-09 4.422980e-08 3.724233e-08
1.024500e-09 4.399898e-08 3.704845e-08
1.025000e-09 4.376935e-08 3.685557e-08
1.025500e-09 4.354091e-08 3.666369e-08
1.026000e-09 4.331365e-08 3.647280e-08
1.026500e-09 4.308757e-08 3.628290e-08
1.027000e-09 4.286266e-08 3.609398e-08
1.027500e-09 4.263891e-08 3.590603e-08
1.028000e-09 4.241633e-08 3.571905e-08
1.028500e-09 4.219490e-08 3.553304e-08
1.029000e-09 4.197461e-08 3.534799e-08
1.029500e-09 4.175547e-08 3.516390e-08
1.030000e-09 4.153746e-08 3.498075e-08
1.030500e-09 4.132058e-08 3.479856e-08
1.031000e-09 4.110483e-08 3.461730e-08
1.031500e-09 4.089019e-08 3.443698e-08
1.032000e-09 4.067667e-08 3.425759e-08
1.032500e-09 4.046425e-08 3.407913e-08
1.033000e-09 4.025294e-08 3.390159e-08
1.033500e-09 4.004272e-08 3.372497e-08
1.034000e-09 3.983359e-08 3.354926e-08
1.034500e-09 3.962554e-08 3.337446e-08
1.035000e-09 3.941857e-08 3.320057e-08
1.035500e-09 3.921268e-08 3.302757e-08
1.036000e-09 3.900785e-08 3.285547e-08
1.036500e-09 3.880409e-08 3.268425e-08
1.037000e-09 3.860138e-08 3.251392e-08
1.037500e-09 3.839972e-08 3.234447e-08
1.038000e-09 3.819911e-08 3.217590e-08
1.038500e-09 3.799954e-08 3.200820e-08
1.039000e-09 3.780100e-08 3.184137e-08
1.039500e-09 3.760349e-08 3.167540e-08
1.040000e-09 3.740701e-08 3.151028e-08
1.040500e-09 3.721155e-08 3.134602e-08
1.041000e-09 3.701710e-08 3.118261e-08
1.041500e-09 3.682366e-08 3.102005e-08
1.042000e-09 3.663122e-08 3.085833e-08
1.042500e-09 3.643978e-08 3.069744e-08
1.043000e-09 3.624934e-08 3.053739e-08
1.043500e-09 3.605988e-08 3.037816e-08
1.044000e-09 3.587141e-08 3.021976e-08
1.044500e-09 3.568391e-08 3.006217e-08
1.045000e-09 3.549739e-08 2.990540e-08
1.045500e-09 3.531184e-08 2.974945e-08
1.046000e-09 3.512724e-08 2.959430e-08
1.046500e-09 3.494361e-08 2.943995e-08
1.047000e-09 3.476093e-08 2.928640e-08
1.047500e-09 3.457920e-08 2.913365e-08
1.048000e-09 3.439841e-08 2.898169e-08
1.048500e-09 3.421856e-08 2.883051e-08
1.049000e-09 3.403964e-08 2.868012e-08
1.049500e-09 3.386165e-08 2.853050e-08
1.050000e-09 3.368459e-08 2.838166e-08
1.050500e-09 3.350844e-08 2.823359e-08
1.051000e-09 3.333321e-08 2.808628e-08
1.051500e-09 3.315889e-08 2.793974e-08
1.052000e-09 3.298548e-08 2.779396e-08
1.052500e-09 3.281296e-08 2.764893e-08
1.053000e-09 3.264134e-08 2.750466e-08
1.053500e-09 3.247062e-08 2.736113e-08
1.054000e-09 3.230078e-08 2.721834e-08
1.054500e-09 3.213182e-08 2.707629e-08
1.055000e-09 3.196374e-08 2.693498e-08
1.055500e-09 3.179653e-08 2.679440e-08
1.056000e-09 3.163019e-08 2.665455e-08
1.056500e-09 3.146472e-08 2.651543e-08
1.057000e-09 3.130010e-08 2.637702e-08
1.057500e-09 3.113634e-08 2.623933e-08
1.058000e-09 3.097343e-08 2.610236e-08
1.058500e-09 3.081137e-08 2.596609e-08
1.059000e-09 3.065015e-08 2.583053e-08
1.059500e-09 3.048976e-08 2.569567e-08
1.060000e-09 3.033021e-08 2.556151e-08
1.060500e-09 3.017149e-08 2.542805e-08
1.061000e-09 3.001360e-08 2.529528e-08
1.061500e-09 2.985652e-08 2.516320e-08
1.062000e-09 2.970027e-08 2.503180e-08
1.062500e-09 2.954482e-08 2.490108e-08
1.063000e-09 2.939018e-08 2.477104e-08
1.063500e-09 2.923635e-08 2.464167e-08
1.064000e-09 2.908331e-08 2.451298e-08
1.064500e-09 2.893107e-08 2.438495e-08
1.065000e-09 2.877963e-08 2.425758e-08
1.065500e-09 2.862897e-08 2.413088e-08
1.066000e-09 2.847909e-08 2.400483e-08
1.066500e-09 2.832999e-08 2.387944e-08
1.067000e-09 2.818167e-08 2.375469e-08
1.067500e-09 2.803412e-08 2.363060e-08
1.068000e-09 2.788733e-08 2.350714e-08
1.068500e-09 2.774131e-08 2.338433e-08
1.069000e-09 2.759605e-08 2.326215e-08
1.069500e-09 2.745155e-08 2.314061e-08
1.070000e-09 2.730779e-08 2.301970e-08
1.070500e-09 2.716479e-08 2.289941e-08
1.071000e-09 2.702252e-08 2.277975e-08
1.071500e-09 2.688100e-08 2.266071e-08
1.072000e-09 2.674022e-08 2.254229e-08
1.072500e-09 2.660016e-08 2.242448e-08
1.073000e-09 2.646084e-08 2.230729e-08
1.073500e-09 2.632224e-08 2.219070e-08
1.074000e-09 2.618436e-08 2.207471e-08
1.074500e-09 2.604720e-08 2.195933e-08
1.075000e-09 2.591075e-08 2.184455e-08
1.075500e-09 2.577501e-08 2.173036e-08
1.076000e-09 2.563998e-08 2.161677e-08
1.076500e-09 2.550565e-08 2.150376e-08
1.077000e-09 2.537202e-08 2.139134e-08
1.077500e-09 2.523909e-08 2.127951e-08
1.078000e-09 2.510685e-08 2.116825e-08
1.078500e-09 2.497529e-08 2.105757e-08
1.079000e-09 2.484442e-08 2.094747e-08
1.079500e-09 2.471424e-08 2.083794e-08
1.080000e-09 2.458473e-08 2.072898e-08
1.080500e-09 2.445589e-08 2.062058e-08
1.081000e-09 2.432773e-08 2.051275e-08
1.081500e-09 2.420023e-08 2.040547e-08
1.082000e-09 2.407339e-08 2.029876e-08
1.082500e-09 2.394722e-08 2.019259e-08
1.083000e-09 2.382170e-08 2.008698e-08
1.083500e-09 2.369684e-08 1.998192e-08
1.084000e-09 2.357263e-08 1.987740e-08
1.084500e-09 2.344906e-08 1.977343e-08
1.085000e-09 2.332614e-08 1.966999e-08
1.085500e-09 2.320386e-08 1.956710e-08
1.086000e-09 2.308221e-08 1.946473e-08
1.086500e-09 2.296120e-08 1.936290e-08
1.087000e-09 2.284082e-08 1.926160e-08
1.087500e-09 2.272107e-08 1.916082e-08
1.088000e-09 2.260194e-08 1.906057e-08
1.088500e-09 2.248343e-08 1.896084e-08
1.089000e-09 2.236553e-08 1.886163e-08
1.089500e-09 2.224826e-08 1.876293e-08
1.090000e-09 2.213159e-08 1.866475e-08
1.090500e-09 2.201553e-08 1.856707e-08
1.091000e-09 2.190007e-08 1.846991e-08
1.091500e-09 2.178522e-08 1.837325e-08
1.092000e-09 2.167097e-08 1.827709e-08
1.092500e-09 2.155731e-08 1.818143e-08
1.093000e-09 2.144424e-08 1.808627e-08
1.093500e-09 2.133177e-08 1.799160e-08
1.094000e-09 2.121987e-08 1.789742e-08
1.094500e-09 2.110857e-08 1.780374e-08
1.095000e-09 2.099784e-08 1.771054e-08
1.095500e-09 2.088769e-08 1.761782e-08
1.096000e-09 2.077811e-08 1.752559e-08
1.096500e-09 2.066911e-08 1.743384e-08
1.097000e-09 2.056067e-08 1.734257e-08
1.097500e-09 2.045280e-08 1.725176e-08
1.098000e-09 2.034549e-08 1.716144e-08
1.098500e-09 2.023874e-08 1.707158e-08
1.099000e-09 2.013255e-08 1.698219e-08
1.099500e-09 2.002691e-08 1.689326e-08
1.100000e-09 1.992182e-08 1.680480e-08
1.100500e-09 1.981728e-08 1.671679e-08
1.101000e-09 1.971328e-08 1.662925e-08
1.101500e-09 1.960983e-08 1.654216e-08
1.102000e-09 1.950692e-08 1.645552e-08
1.102500e-09 1.940454e-08 1.636933e-08
1.103000e-09 1.930270e-08 1.628359e-08
1.103500e-09 1.920139e-08 1.619830e-08
1.104000e-09 1.910060e-08 1.611345e-08
1.104500e-09 1.900035e-08 1.602904e-08
1.105000e-09 1.890061e-08 1.594508e-08
1.105500e-09 1.880140e-08 1.586155e-08
1.106000e-09 1.870270e-08 1.577845e-08
1.106500e-09 1.860452e-08 1.569579e-08
1.107000e-09 1.850685e-08 1.561355e-08
1.107500e-09 1.840969e-08 1.553175e-08
1.108000e-09 1.831304e-08 1.545037e-08
1.108500e-09 1.821689e-08 1.536941e-08
1.109000e-09 1.812124e-08 1.528888e-08
1.109500e-09 1.802610e-08 1.520876e-08
1.110000e-09 1.793145e-08 1.512906e-08
1.110500e-09 1.783729e-08 1.504978e-08
1.111000e-09 1.774362e-08 1.497091e-08
1.111500e-09 1.765045e-08 1.489245e-08
1.112000e-09 1.755776e-08 1.481440e-08
1.112500e-09 1.746555e-08 1.473675e-08
1.113000e-09 1.737382e-08 1.465951e-08
1.113500e-09 1.728258e-08 1.458267e-08
1.114000e-09 1.719181e-08 1.450623e-08
1.114500e-09 1.710151e-08 1.443019e-08
1.115000e-09 1.701169e-08 1.435455e-08
1.115500e-09 1.692233e-08 1.427930e-08
1.116000e-09 1.683344e-08 1.420444e-08
1.116500e-09 1.674502e-08 1.412997e-08
1.117000e-09 1.665705e-08 1.405589e-08
1.117500e-09 1.656955e-08 1.398219e-08
1.118000e-09 1.648250e-08 1.390888e-08
1.118500e-09 1.639591e-08 1.383595e-08
1.119000e-09 1.630977e-08 1.376341e-08
1.119500e-09 1.622408e-08 1.369123e-08
1.120000e-09 1.613884e-08 1.361944e-08
1.120500e-09 1.605404e-08 1.354802e-08
1.121000e-09 1.596968e-08 1.347697e-08
1.121500e-09 1.588577e-08 1.340629e-08
1.122000e-09 1.580229e-08 1.333598e-08
1.122500e-09 1.571925e-08 1.326604e-08
1.123000e-09 1.563665e-08 1.319646e-08
1.123500e-09 1.555447e-08 1.312724e-08
1.124000e-09 1.547273e-08 1.305838e-08
1.124500e-09 1.539141e-08 1.298989e-08
1.125000e-09 1.531052e-08 1.292175e-08
1.125500e-09 1.523005e-08 1.285396e-08
1.126000e-09 1.515000e-08 1.278653e-08
1.126500e-09 1.507036e-08 1.271945e-08
1.127000e-09 1.499115e-08 1.265272e-08
1.127500e-09 1.491235e-08 1.258634e-08
1.128000e-09 1.483396e-08 1.252030e-08
1.128500e-09 1.475598e-08 1.245461e-08
1.129000e-09 1.467840e-08 1.238926e-08
1.129500e-09 1.460124e-08 1.232425e-08
1.130000e-09 1.452447e-08 1.225958e-08
1.130500e-09 1.444811e-08 1.219525e-08
1.131000e-09 1.437215e-08 1.213125e-08
1.131500e-09 1.429658e-08 1.206759e-08
1.132000e-09 1.422141e-08 1.200426e-08
1.132500e-09 1.414663e-08 1.194126e-08
1.133000e-09 1.407224e-08 1.187858e-08
1.133500e-09 1.399824e-08 1.181624e-08
1.134000e-09 1.392463e-08 1.175422e-08
1.134500e-09 1.385141e-08 1.169252e-08
1.135000e-09 1.377856e-08 1.163115e-08
1.135500e-09 1.370610e-08 1.157009e-08
1.136000e-09 1.363402e-08 1.150935e-08
1.136500e-09 1.356231e-08 1.144894e-08
1.137000e-09 1.349098e-08 1.138883e-08
1.137500e-09 1.342002e-08 1.132904e-08
1.138000e-09 1.334943e-08 1.126956e-08
1.138500e-09 1.327921e-08 1.121039e-08
1.139000e-09 1.320936e-08 1.115153e-08
1.139500e-09 1.313987e-08 1.109298e-08
1.140000e-09 1.307075e-08 1.103474e-08
1.140500e-09 1.300199e-08 1.097679e-08
1.141000e-09 1.293359e-08 1.091915e-08
1.141500e-09 1.286554e-08 1.086181e-08
1.142000e-09 1.279786e-08 1.080477e-08
1.142500e-09 1.273052e-08 1.074803e-08
1.143000e-09 1.266354e-08 1.069158e-08
1.143500e-09 1.259691e-08 1.063543e-08
1.144000e-09 1.253063e-08 1.057957e-08
1.144500e-09 1.246469e-08 1.052401e-08
1.145000e-09 1.239910e-08 1.046873e-08
1.145500e-09 1.233385e-08 1.041374e-08
1.146000e-09 1.226895e-08 1.035904e-08
1.146500e-09 1.220438e-08 1.030463e-08
1.147000e-09 1.214015e-08 1.025049e-08
1.147500e-09 1.207626e-08 1.019665e-08
1.148000e-09 1.201270e-08 1.014308e-08
1.148500e-09 1.194948e-08 1.008979e-08
1.149000e-09 1.188659e-08 1.003678e-08
1.149500e-09 1.182402e-08 9.984048e-09
1.150000e-09 1.176178e-08 9.931591e-09
1.150500e-09 1.169987e-08 9.879408e-09
1.151000e-09 1.163828e-08 9.827497e-09
1.151500e-09 1.157702e-08 9.775858e-09
1.152000e-09 1.151607e-08 9.724488e-09
1.152500e-09 1.145545e-08 9.673387e-09
1.153000e-09 1.139514e-08 9.622552e-09
1.153500e-09 1.133515e-08 9.571983e-09
1.154000e-09 1.127547e-08 9.521679e-09
1.154500e-09 1.121611e-08 9.471637e-09
1.155000e-09 1.115705e-08 9.421856e-09
1.155500e-09 1.109830e-08 9.372336e-09
1.156000e-09 1.103987e-08 9.323074e-09
1.156500e-09 1.098174e-08 9.274070e-09
1.157000e-09 1.092391e-08 9.225322e-09
1.157500e-09 1.086638e-08 9.176829e-09
1.158000e-09 1.080916e-08 9.128589e-09
1.158500e-09 1.075224e-08 9.080601e-09
1.159000e-09 1.069561e-08 9.032864e-09
1.159500e-09 1.063928e-08 8.985377e-09
1.160000e-09 1.058325e-08 8.938137e-09
1.160500e-09 1.052751e-08 8.891145e-09
1.161000e-09 1.047206e-08 8.844398e-09
1.161500e-09 1.041690e-08 8.797896e-09
1.162000e-09 1.036203e-08 8.751636e-09
1.162500e-09 1.030745e-08 8.705619e-09
1.163000e-09 1.025316e-08 8.659842e-09
1.163500e-09 1.019915e-08 8.614305e-09
1.164000e-09 1.014542e-08 8.569005e-09
1.164500e-09 1.009197e-08 8.523942e-09
1.165000e-09 1.003881e-08 8.479115e-09
1.165500e-09 9.985917e-09 8.434523e-09
1.166000e-09 9.933307e-09 8.390163e-09
1.166500e-09 9.880972e-09 8.346036e-09
1.167000e-09 9.828911e-09 8.302139e-09
1.167500e-09 9.777123e-09 8.258472e-09
1.168000e-09 9.725607e-09 8.215033e-09
1.168500e-09 9.674361e-09 8.171822e-09
1.169000e-09 9.623383e-09 8.128836e-09
1.169500e-09 9.572672e-09 8.086075e-09
1.170000e-09 9.522228e-09 8.043538e-09
1.170500e-09 9.472047e-09 8.001224e-09
1.171000e-09 9.422130e-09 7.959130e-09
1.171500e-09 9.372475e-09 7.917257e-09
1.172000e-09 9.323079e-09 7.875603e-09
1.172500e-09 9.273943e-09 7.834167e-09
1.173000e-09 9.225064e-09 7.792948e-09
1.173500e-09 9.176442e-09 7.751945e-09
1.174000e-09 9.128074e-09 7.711155e-09
1.174500e-09 9.079960e-09 7.670580e-09
1.175000e-09 9.032099e-09 7.630216e-09
1.175500e-09 8.984488e-09 7.590064e-09
1.176000e-09 8.937127e-09 7.550122e-09
1.176500e-09 8.890015e-09 7.510389e-09
1.177000e-09 8.843149e-09 7.470864e-09
1.177500e-09 8.796529e-09 7.431546e-09
1.178000e-09 8.750154e-09 7.392434e-09
1.178500e-09 8.704022e-09 7.353526e-09
1.179000e-09 8.658132e-09 7.314822e-09
1.179500e-09 8.612483e-09 7.276320e-09
1.180000e-09 8.567073e-09 7.238020e-09
1.180500e-09 8.521901e-09 7.199921e-09
1.181000e-09 8.476966e-09 7.162021e-09
1.181500e-09 8.432267e-09 7.124319e-09
1.182000e-09 8.387802e-09 7.086815e-09
1.182500e-09 8.343571e-09 7.049507e-09
1.183000e-09 8.299572e-09 7.012394e-09
1.183500e-09 8.255803e-09 6.975476e-09
1.184000e-09 8.212265e-09 6.938751e-09
1.184500e-09 8.168954e-09 6.902219e-09
1.185000e-09 8.125871e-09 6.865877e-09
1.185500e-09 8.083014e-09 6.829726e-09
1.186000e-09 8.040382e-09 6.793764e-09
1.186500e-09 7.997974e-09 6.757991e-09
1.187000e-09 7.955788e-09 6.722405e-09
1.187500e-09 7.913823e-09 6.687005e-09
1.188000e-09 7.872079e-09 6.651791e-09
1.188500e-09 7.830554e-09 6.616761e-09
1.189000e-09 7.789246e-09 6.581914e-09
1.189500e-09 7.748156e-09 6.547251e-09
1.190000e-09 7.707281e-09 6.512768e-09
1.190500e-09 7.666621e-09 6.478467e-09
1.191000e-09 7.626174e-09 6.444345e-09
1.191500e-09 7.585940e-09 6.410401e-09
1.192000e-09 7.545916e-09 6.376636e-09
1.192500e-09 7.506103e-09 6.343047e-09
1.193000e-09 7.466499e-09 6.309635e-09
1.193500e-09 7.427103e-09 6.276397e-09
1.194000e-09 7.387913e-09 6.243334e-09
1.194500e-09 7.348930e-09 6.210444e-09
1.195000e-09 7.310151e-09 6.177726e-09
1.195500e-09 7.271575e-09 6.145180e-09
1.196000e-09 7.233202e-09 6.112804e-09
1.196500e-09 7.195031e-09 6.080598e-09
1.197000e-09 7.157060e-09 6.048561e-09
1.197500e-09 7.119289e-09 6.016691e-09
1.198000e-09 7.081715e-09 5.984989e-09
1.198500e-09 7.044339e-09 5.953453e-09
1.199000e-09 7.007160e-09 5.922082e-09
1.199500e-09 6.970176e-09 5.890875e-09
1.200000e-09 6.933386e-09 5.859832e-09
