0.000000e+00 0 0
5.000000e-13 0 0
1.000000e-12 0 0
1.500000e-12 0 0
2.000000e-12 0 0
2.500000e-12 0 0
3.000000e-12 0 0
3.500000e-12 0 0
4.000000e-12 0 0
4.500000e-12 0 0
5.000000e-12 0 0
5.500000e-12 0 0
6.000000e-12 0 0
6.500000e-12 0 0
7.000000e-12 0 0
7.500000e-12 0 0
8.000000e-12 0 0
8.500000e-12 0 0
9.000000e-12 0 0
9.500000e-12 0 0
1.000000e-11 0 0
1.050000e-11 0 0
1.100000e-11 0 0
1.150000e-11 0 0
1.200000e-11 0 0
1.250000e-11 0 0
1.300000e-11 0 0
1.350000e-11 0 0
1.400000e-11 0 0
1.450000e-11 0 0
1.500000e-11 0 0
1.550000e-11 0 0
1.600000e-11 0 0
1.650000e-11 0 0
1.700000e-11 0 0
1.750000e-11 0 0
1.800000e-11 0 0
1.850000e-11 0 0
1.900000e-11 0 0
1.950000e-11 0 0
2.000000e-11 0 0
2.050000e-11 0 0
2.100000e-11 0 0
2.150000e-11 0 0
2.200000e-11 0 0
2.250000e-11 0 0
2.300000e-11 0 0
2.350000e-11 0 0
2.400000e-11 0 0
2.450000e-11 0 0
2.500000e-11 0 0
2.550000e-11 0 0
2.600000e-11 0 0
2.650000e-11 0 0
2.700000e-11 0 0
2.750000e-11 0 0
2.800000e-11 0 0
2.850000e-11 0 0
2.900000e-11 0 0
2.950000e-11 0 0
3.000000e-11 0 0
3.050000e-11 0 0
3.100000e-11 0 0
3.150000e-11 0 0
3.200000e-11 0 0
3.250000e-11 0 0
3.300000e-11 0 0
3.350000e-11 0 0
3.400000e-11 0 0
3.450000e-11 0 0
3.500000e-11 0 0
3.550000e-11 0 0
3.600000e-11 0 0
3.650000e-11 0 0
3.700000e-11 0 0
3.750000e-11 0 0
3.800000e-11 0 0
3.850000e-11 0 0
3.900000e-11 0 0
3.950000e-11 0 0
4.000000e-11 0 0
4.050000e-11 0 0
4.100000e-11 0 0
4.150000e-11 0 0
4.200000e-11 0 0
4.250000e-11 0 0
4.300000e-11 0 0
4.350000e-11 0 0
4.400000e-11 0 0
4.450000e-11 0 0
4.500000e-11 0 0
4.550000e-11 0 0
4.600000e-11 0 0
4.650000e-11 0 0
4.700000e-11 0 0
4.750000e-11 0 0
4.800000e-11 0 0
4.850000e-11 0 0
4.900000e-11 0 0
4.950000e-11 0 0
5.000000e-11 0 0
5.050000e-11 0 0
5.100000e-11 0 0
5.150000e-11 0 0
5.200000e-11 0 0
5.250000e-11 0 0
5.300000e-11 0 0
5.350000e-11 0 0
5.400000e-11 0 0
5.450000e-11 0 0
5.500000e-11 0 0
5.550000e-11 0 0
5.600000e-11 0 0
5.650000e-11 0 0
5.700000e-11 0 0
5.750000e-11 0 0
5.800000e-11 0 0
5.850000e-11 0 0
5.900000e-11 0 0
5.950000e-11 0 0
6.000000e-11 0 0
6.050000e-11 0 0
6.100000e-11 0 0
6.150000e-11 0 0
6.200000e-11 0 0
6.250000e-11 0 0
6.300000e-11 0 0
6.350000e-11 0 0
6.400000e-11 0 0
6.450000e-11 0 0
6.500000e-11 0 0
6.550000e-11 0 0
6.600000e-11 0 0
6.650000e-11 0 0
6.700000e-11 0 0
6.750000e-11 0 0
6.800000e-11 0 0
6.850000e-11 0 0
6.900000e-11 0 0
6.950000e-11 0 0
7.000000e-11 0 0
7.050000e-11 0 0
7.100000e-11 0 0
7.150000e-11 0 0
7.200000e-11 0 0
7.250000e-11 0 0
7.300000e-11 0 0
7.350000e-11 0 0
7.400000e-11 0 0
7.450000e-11 0 0
7.500000e-11 0 0
7.550000e-11 0 0
7.600000e-11 0 0
7.650000e-11 0 0
7.700000e-11 0 0
7.750000e-11 0 0
7.800000e-11 0 0
7.850000e-11 0 0
7.900000e-11 0 0
7.950000e-11 0 0
8.000000e-11 0 0
8.050000e-11 0 0
8.100000e-11 0 0
8.150000e-11 0 0
8.200000e-11 0 0
8.250000e-11 0 0
8.300000e-11 0 0
8.350000e-11 0 0
8.400000e-11 0 0
8.450000e-11 0 0
8.500000e-11 0 0
8.550000e-11 0 0
8.600000e-11 0 0
8.650000e-11 0 0
8.700000e-11 0 0
8.750000e-11 0 0
8.800000e-11 0 0
8.850000e-11 0 0
8.900000e-11 0 0
8.950000e-11 0 0
9.000000e-11 0 0
9.050000e-11 0 0
9.100000e-11 0 0
9.150000e-11 0 0
9.200000e-11 0 0
9.250000e-11 0 0
9.300000e-11 0 0
9.350000e-11 0 0
9.400000e-11 0 0
9.450000e-11 0 0
9.500000e-11 0 0
9.550000e-11 0 0
9.600000e-11 0 0
9.650000e-11 0 0
9.700000e-11 0 0
9.750000e-11 0 0
9.800000e-11 0 0
9.850000e-11 0 0
9.900000e-11 0 0
9.950000e-11 0 0
1.000000e-10 0 0
1.005000e-10 0 0
1.010000e-10 0 0
1.015000e-10 0 0
1.020000e-10 0 0
1.025000e-10 0 0
1.030000e-10 0 0
1.035000e-10 0 0
1.040000e-10 0 0
1.045000e-10 0 0
1.050000e-10 0 0
1.055000e-10 0 0
1.060000e-10 0 0
1.065000e-10 0 0
1.070000e-10 0 0
1.075000e-10 0 0
1.080000e-10 0 0
1.085000e-10 0 0
1.090000e-10 0 0
1.095000e-10 0 0
1.100000e-10 0 0
1.105000e-10 0 0
1.110000e-10 0 0
1.115000e-10 0 0
1.120000e-10 0 0
1.125000e-10 0 0
1.130000e-10 0 0
1.135000e-10 0 0
1.140000e-10 0 0
1.145000e-10 0 0
1.150000e-10 0 0
1.155000e-10 0 0
1.160000e-10 0 0
1.165000e-10 0 0
1.170000e-10 0 0
1.175000e-10 0 0
1.180000e-10 0 0
1.185000e-10 0 0
1.190000e-10 0 0
1.195000e-10 0 0
1.200000e-10 0 0
1.205000e-10 0 0
1.210000e-10 0 0
1.215000e-10 0 0
1.220000e-10 0 0
1.225000e-10 0 0
1.230000e-10 0 0
1.235000e-10 0 0
1.240000e-10 0 0
1.245000e-10 0 0
1.250000e-10 0 0
1.255000e-10 0 0
1.260000e-10 0 0
1.265000e-10 0 0
1.270000e-10 0 0
1.275000e-10 0 0
1.280000e-10 0 0
1.285000e-10 0 0
1.290000e-10 0 0
1.295000e-10 0 0
1.300000e-10 0 0
1.305000e-10 0 0
1.310000e-10 0 0
1.315000e-10 0 0
1.320000e-10 0 0
1.325000e-10 0 0
1.330000e-10 0 0
1.335000e-10 0 0
1.340000e-10 0 0
1.345000e-10 0 0
1.350000e-10 0 0
1.355000e-10 0 0
1.360000e-10 0 0
1.365000e-10 0 0
1.370000e-10 0 0
1.375000e-10 0 0
1.380000e-10 0 0
1.385000e-10 0 0
1.390000e-10 0 0
1.395000e-10 0 0
1.400000e-10 0 0
1.405000e-10 0 0
1.410000e-10 0 0
1.415000e-10 0 0
1.420000e-10 0 0
1.425000e-10 0 0
1.430000e-10 0 0
1.435000e-10 0 0
1.440000e-10 0 0
1.445000e-10 0 0
1.450000e-10 0 0
1.455000e-10 0 0
1.460000e-10 0 0
1.465000e-10 0 0
1.470000e-10 0 0
1.475000e-10 0 0
1.480000e-10 0 0
1.485000e-10 0 0
1.490000e-10 0 0
1.495000e-10 0 0
1.500000e-10 0 0
1.505000e-10 0 0
1.510000e-10 0 0
1.515000e-10 0 0
1.520000e-10 0 0
1.525000e-10 0 0
1.530000e-10 0 0
1.535000e-10 0 0
1.540000e-10 0 0
1.545000e-10 0 0
1.550000e-10 0 0
1.555000e-10 0 0
1.560000e-10 0 0
1.565000e-10 0 0
1.570000e-10 0 0
1.575000e-10 0 0
1.580000e-10 0 0
1.585000e-10 0 0
1.590000e-10 0 0
1.595000e-10 0 0
1.600000e-10 0 0
1.605000e-10 0 0
1.610000e-10 0 0
1.615000e-10 0 0
1.620000e-10 0 0
1.625000e-10 0 0
1.630000e-10 0 0
1.635000e-10 0 0
1.640000e-10 0 0
1.645000e-10 0 0
1.650000e-10 0 0
1.655000e-10 0 0
1.660000e-10 0 0
1.665000e-10 0 0
1.670000e-10 0 0
1.675000e-10 0 0
1.680000e-10 0 0
1.685000e-10 0 0
1.690000e-10 0 0
1.695000e-10 0 0
1.700000e-10 0 0
1.705000e-10 0 0
1.710000e-10 0 0
1.715000e-10 0 0
1.720000e-10 0 0
1.725000e-10 0 0
1.730000e-10 0 0
1.735000e-10 0 0
1.740000e-10 0 0
1.745000e-10 0 0
1.750000e-10 0 0
1.755000e-10 0 0
1.760000e-10 0 0
1.765000e-10 0 0
1.770000e-10 0 0
1.775000e-10 0 0
1.780000e-10 0 0
1.785000e-10 0 0
1.790000e-10 0 0
1.795000e-10 0 0
1.800000e-10 0 0
1.805000e-10 0 0
1.810000e-10 0 0
1.815000e-10 0 0
1.820000e-10 0 0
1.825000e-10 0 0
1.830000e-10 0 0
1.835000e-10 0 0
1.840000e-10 0 0
1.845000e-10 0 0
1.850000e-10 0 0
1.855000e-10 0 0
1.860000e-10 0 0
1.865000e-10 0 0
1.870000e-10 0 0
1.875000e-10 0 0
1.880000e-10 0 0
1.885000e-10 0 0
1.890000e-10 0 0
1.895000e-10 0 0
1.900000e-10 0 0
1.905000e-10 0 0
1.910000e-10 0 0
1.915000e-10 0 0
1.920000e-10 0 0
1.925000e-10 0 0
1.930000e-10 0 0
1.935000e-10 0 0
1.940000e-10 0 0
1.945000e-10 0 0
1.950000e-10 0 0
1.955000e-10 0 0
1.960000e-10 0 0
1.965000e-10 0 0
1.970000e-10 0 0
1.975000e-10 0 0
1.980000e-10 0 0
1.985000e-10 0 0
1.990000e-10 0 0
1.995000e-10 0 0
2.000000e-10 0 0
2.005000e-10 0 0
2.010000e-10 0 0
2.015000e-10 0 0
2.020000e-10 0 0
2.025000e-10 0 0
2.030000e-10 0 0
2.035000e-10 0 0
2.040000e-10 0 0
2.045000e-10 0 0
2.050000e-10 0 0
2.055000e-10 0 0
2.060000e-10 0 0
2.065000e-10 0 0
2.070000e-10 0 0
2.075000e-10 0 0
2.080000e-10 0 0
2.085000e-10 0 0
2.090000e-10 0 0
2.095000e-10 0 0
2.100000e-10 0 0
2.105000e-10 0 0
2.110000e-10 0 0
2.115000e-10 0 0
2.120000e-10 0 0
2.125000e-10 0 0
2.130000e-10 0 0
2.135000e-10 0 0
2.140000e-10 0 0
2.145000e-10 0 0
2.150000e-10 0 0
2.155000e-10 0 0
2.160000e-10 0 0
2.165000e-10 0 0
2.170000e-10 0 0
2.175000e-10 0 0
2.180000e-10 0 0
2.185000e-10 0 0
2.190000e-10 0 0
2.195000e-10 0 0
2.200000e-10 0 0
2.205000e-10 0 0
2.210000e-10 0 0
2.215000e-10 0 0
2.220000e-10 0 0
2.225000e-10 0 0
2.230000e-10 0 0
2.235000e-10 0 0
2.240000e-10 0 0
2.245000e-10 0 0
2.250000e-10 0 0
2.255000e-10 0 0
2.260000e-10 0 0
2.265000e-10 0 0
2.270000e-10 0 0
2.275000e-10 0 0
2.280000e-10 0 0
2.285000e-10 0 0
2.290000e-10 0 0
2.295000e-10 0 0
2.300000e-10 0 0
2.305000e-10 0 0
2.310000e-10 0 0
2.315000e-10 0 0
2.320000e-10 0 0
2.325000e-10 0 0
2.330000e-10 0 0
2.335000e-10 0 0
2.340000e-10 0 0
2.345000e-10 0 0
2.350000e-10 0 0
2.355000e-10 0 0
2.360000e-10 0 0
2.365000e-10 0 0
2.370000e-10 0 0
2.375000e-10 0 0
2.380000e-10 0 0
2.385000e-10 0 0
2.390000e-10 0 0
2.395000e-10 0 0
2.400000e-10 0 0
2.405000e-10 0 0
2.410000e-10 0 0
2.415000e-10 0 0
2.420000e-10 0 0
2.425000e-10 0 0
2.430000e-10 0 0
2.435000e-10 0 0
2.440000e-10 0 0
2.445000e-10 0 0
2.450000e-10 0 0
2.455000e-10 0 0
2.460000e-10 0 0
2.465000e-10 0 0
2.470000e-10 0 0
2.475000e-10 0 0
2.480000e-10 0 0
2.485000e-10 0 0
2.490000e-10 0 0
2.495000e-10 0 0
2.505000e-10 0.000000e+00 0
2.510000e-10 1.022248e-05 0
2.515000e-10 1.437668e-05 0
2.520000e-10 1.751021e-05 0
2.525000e-10 2.010703e-05 0
2.530000e-10 2.235580e-05 0
2.535000e-10 2.435388e-05 0
2.540000e-10 2.615946e-05 0
2.545000e-10 2.781071e-05 0
2.550000e-10 2.933429e-05 0
2.555000e-10 3.074974e-05 0
2.560000e-10 3.207193e-05 0
2.565000e-10 3.331246e-05 0
2.570000e-10 3.448061e-05 0
2.575000e-10 3.558398e-05 0
2.580000e-10 3.662886e-05 0
2.585000e-10 3.762054e-05 0
2.590000e-10 3.856353e-05 0
2.595000e-10 3.946170e-05 0
2.600000e-10 4.031843e-05 0
2.605000e-10 4.113666e-05 0
2.610000e-10 4.191900e-05 0
2.615000e-10 4.266776e-05 0
2.620000e-10 4.338501e-05 0
2.625000e-10 4.407260e-05 0
2.630000e-10 4.473221e-05 0
2.635000e-10 4.536535e-05 0
2.640000e-10 4.597341e-05 0
2.645000e-10 4.655765e-05 0
2.650000e-10 4.711924e-05 0
2.655000e-10 4.765925e-05 0
2.660000e-10 4.817865e-05 0
2.665000e-10 4.867837e-05 0
2.670000e-10 4.915926e-05 0
2.675000e-10 4.962209e-05 0
2.680000e-10 5.006761e-05 0
2.685000e-10 5.049651e-05 0
2.690000e-10 5.090943e-05 0
2.695000e-10 5.130697e-05 0
2.700000e-10 5.168972e-05 0
2.705000e-10 5.205819e-05 0
2.710000e-10 5.241291e-05 0
2.715000e-10 5.275435e-05 0
2.720000e-10 5.308295e-05 0
2.725000e-10 5.339916e-05 0
2.730000e-10 5.370338e-05 0
2.735000e-10 5.399599e-05 0
2.740000e-10 5.427737e-05 0
2.745000e-10 5.454786e-05 0
2.750000e-10 5.480781e-05 0
2.755000e-10 5.505752e-05 0
2.760000e-10 5.529731e-05 0
2.765000e-10 5.552746e-05 0
2.770000e-10 5.574826e-05 0
2.775000e-10 5.595998e-05 0
2.780000e-10 5.616286e-05 0
2.785000e-10 5.635717e-05 0
2.790000e-10 5.654313e-05 0
2.795000e-10 5.672097e-05 0
2.800000e-10 5.689091e-05 0
2.805000e-10 5.705317e-05 0.000000e+00
2.810000e-10 5.720794e-05 7.434530e-06
2.815000e-10 5.735543e-05 1.045576e-05
2.820000e-10 5.749581e-05 1.273470e-05
2.825000e-10 5.762927e-05 1.462330e-05
2.830000e-10 5.775600e-05 1.625876e-05
2.835000e-10 5.787615e-05 1.771191e-05
2.840000e-10 5.798990e-05 1.902506e-05
2.845000e-10 5.809739e-05 2.022597e-05
2.850000e-10 5.819879e-05 2.133403e-05
2.855000e-10 5.829425e-05 2.236345e-05
2.860000e-10 5.838390e-05 2.332504e-05
2.865000e-10 5.846789e-05 2.422724e-05
2.870000e-10 5.854636e-05 2.507681e-05
2.875000e-10 5.861943e-05 2.587926e-05
2.880000e-10 5.868723e-05 2.663917e-05
2.885000e-10 5.874988e-05 2.736039e-05
2.890000e-10 5.880751e-05 2.804620e-05
2.895000e-10 5.886024e-05 2.869942e-05
2.900000e-10 5.890817e-05 2.932249e-05
2.905000e-10 5.895141e-05 2.991757e-05
2.910000e-10 5.899008e-05 3.048655e-05
2.915000e-10 5.902427e-05 3.103110e-05
2.920000e-10 5.905409e-05 3.155274e-05
2.925000e-10 5.907964e-05 3.205280e-05
2.930000e-10 5.910102e-05 3.253251e-05
2.935000e-10 5.911830e-05 3.299298e-05
2.940000e-10 5.913160e-05 3.343521e-05
2.945000e-10 5.914099e-05 3.386011e-05
2.950000e-10 5.914656e-05 3.426854e-05
2.955000e-10 5.914840e-05 3.466127e-05
2.960000e-10 5.914659e-05 3.503902e-05
2.965000e-10 5.914120e-05 3.540245e-05
2.970000e-10 5.913233e-05 3.575219e-05
2.975000e-10 5.912003e-05 3.608879e-05
2.980000e-10 5.910440e-05 3.641281e-05
2.985000e-10 5.908549e-05 3.672473e-05
2.990000e-10 5.906339e-05 3.702504e-05
2.995000e-10 5.903816e-05 3.731416e-05
3.000000e-10 5.900986e-05 3.759252e-05
3.005000e-10 5.897857e-05 3.786050e-05
3.010000e-10 5.894435e-05 3.811848e-05
3.015000e-10 5.890727e-05 3.836680e-05
3.020000e-10 5.886737e-05 3.860578e-05
3.025000e-10 5.882473e-05 3.883575e-05
3.030000e-10 5.877940e-05 3.905700e-05
3.035000e-10 5.873145e-05 3.926981e-05
3.040000e-10 5.868092e-05 3.947445e-05
3.045000e-10 5.862788e-05 3.967117e-05
3.050000e-10 5.857237e-05 3.986022e-05
3.055000e-10 5.851445e-05 4.004183e-05
3.060000e-10 5.845418e-05 4.021622e-05
3.065000e-10 5.839159e-05 4.038361e-05
3.070000e-10 5.832675e-05 4.054419e-05
3.075000e-10 5.825970e-05 4.069816e-05
3.080000e-10 5.819049e-05 4.084572e-05
3.085000e-10 5.811916e-05 4.098703e-05
3.090000e-10 5.804576e-05 4.112227e-05
3.095000e-10 5.797034e-05 4.125161e-05
3.100000e-10 5.789293e-05 4.137521e-05
3.105000e-10 5.781359e-05 4.149321e-05
3.110000e-10 5.773235e-05 4.160578e-05
3.115000e-10 5.764926e-05 4.171304e-05
3.120000e-10 5.756435e-05 4.181513e-05
3.125000e-10 5.747767e-05 4.191220e-05
3.130000e-10 5.738926e-05 4.200436e-05
3.135000e-10 5.729914e-05 4.209175e-05
3.140000e-10 5.720737e-05 4.217447e-05
3.145000e-10 5.711397e-05 4.225265e-05
3.150000e-10 5.701898e-05 4.232639e-05
3.155000e-10 5.692244e-05 4.239582e-05
3.160000e-10 5.682439e-05 4.246102e-05
3.165000e-10 5.672485e-05 4.252210e-05
3.170000e-10 5.662386e-05 4.257917e-05
3.175000e-10 5.652145e-05 4.263231e-05
3.180000e-10 5.641765e-05 4.268162e-05
3.185000e-10 5.631250e-05 4.272719e-05
3.190000e-10 5.620603e-05 4.276910e-05
3.195000e-10 5.609826e-05 4.280745e-05
3.200000e-10 5.598923e-05 4.284230e-05
3.205000e-10 5.587897e-05 4.287375e-05
3.210000e-10 5.576750e-05 4.290188e-05
3.215000e-10 5.565486e-05 4.292674e-05
3.220000e-10 5.554106e-05 4.294843e-05
3.225000e-10 5.542614e-05 4.296701e-05
3.230000e-10 5.531013e-05 4.298256e-05
3.235000e-10 5.519304e-05 4.299513e-05
3.240000e-10 5.507491e-05 4.300480e-05
3.245000e-10 5.495577e-05 4.301163e-05
3.250000e-10 5.483562e-05 4.301568e-05
3.255000e-10 5.471451e-05 4.301702e-05
3.260000e-10 5.459246e-05 4.301570e-05
3.265000e-10 5.446948e-05 4.301178e-05
3.270000e-10 5.434560e-05 4.300533e-05
3.275000e-10 5.422085e-05 4.299639e-05
3.280000e-10 5.409524e-05 4.298502e-05
3.285000e-10 5.396880e-05 4.297127e-05
3.290000e-10 5.384154e-05 4.295519e-05
3.295000e-10 5.371350e-05 4.293684e-05
3.300000e-10 5.358469e-05 4.291626e-05
3.305000e-10 5.345514e-05 4.289351e-05
3.310000e-10 5.332485e-05 4.286862e-05
3.315000e-10 5.319385e-05 4.284165e-05
3.320000e-10 5.306217e-05 4.281263e-05
3.325000e-10 5.292982e-05 4.278162e-05
3.330000e-10 5.279681e-05 4.274866e-05
3.335000e-10 5.266317e-05 4.271378e-05
3.340000e-10 5.252892e-05 4.267703e-05
3.345000e-10 5.239407e-05 4.263846e-05
3.350000e-10 5.225864e-05 4.259809e-05
3.355000e-10 5.212264e-05 4.255597e-05
3.360000e-10 5.198611e-05 4.251213e-05
3.365000e-10 5.184904e-05 4.246661e-05
3.370000e-10 5.171146e-05 4.241945e-05
3.375000e-10 5.157338e-05 4.237069e-05
3.380000e-10 5.143482e-05 4.232035e-05
3.385000e-10 5.129580e-05 4.226848e-05
3.390000e-10 5.115633e-05 4.221510e-05
3.395000e-10 5.101642e-05 4.216025e-05
3.400000e-10 5.087609e-05 4.210395e-05
3.405000e-10 5.073536e-05 4.204625e-05
3.410000e-10 5.059424e-05 4.198717e-05
3.415000e-10 5.045273e-05 4.192674e-05
3.420000e-10 5.031087e-05 4.186499e-05
3.425000e-10 5.016865e-05 4.180194e-05
3.430000e-10 5.002610e-05 4.173764e-05
3.435000e-10 4.988322e-05 4.167210e-05
3.440000e-10 4.974003e-05 4.160536e-05
3.445000e-10 4.959655e-05 4.153743e-05
3.450000e-10 4.945278e-05 4.146835e-05
3.455000e-10 4.930873e-05 4.139814e-05
3.460000e-10 4.916443e-05 4.132683e-05
3.465000e-10 4.901987e-05 4.125443e-05
3.470000e-10 4.887508e-05 4.118099e-05
3.475000e-10 4.873006e-05 4.110651e-05
3.480000e-10 4.858482e-05 4.103102e-05
3.485000e-10 4.843938e-05 4.095455e-05
3.490000e-10 4.829375e-05 4.087711e-05
3.495000e-10 4.814793e-05 4.079874e-05
3.500000e-10 4.800195e-05 4.071944e-05
3.505000e-10 4.785580e-05 4.063925e-05
3.510000e-10 4.770950e-05 4.055818e-05
3.515000e-10 4.756306e-05 4.047626e-05
3.520000e-10 4.741648e-05 4.039350e-05
3.525000e-10 4.726979e-05 4.030992e-05
3.530000e-10 4.712298e-05 4.022555e-05
3.535000e-10 4.697607e-05 4.014039e-05
3.540000e-10 4.682907e-05 4.005448e-05
3.545000e-10 4.668198e-05 3.996783e-05
3.550000e-10 4.653481e-05 3.988045e-05
3.555000e-10 4.638758e-05 3.979237e-05
3.560000e-10 4.624029e-05 3.970361e-05
3.565000e-10 4.609295e-05 3.961417e-05
3.570000e-10 4.594557e-05 3.952407e-05
3.575000e-10 4.579816e-05 3.943334e-05
3.580000e-10 4.565071e-05 3.934199e-05
3.585000e-10 4.550326e-05 3.925003e-05
3.590000e-10 4.535579e-05 3.915749e-05
3.595000e-10 4.520832e-05 3.906437e-05
3.600000e-10 4.506085e-05 3.897069e-05
3.605000e-10 4.491340e-05 3.887646e-05
3.610000e-10 4.476597e-05 3.878171e-05
3.615000e-10 4.461857e-05 3.868644e-05
3.620000e-10 4.447120e-05 3.859067e-05
3.625000e-10 4.432387e-05 3.849441e-05
3.630000e-10 4.417658e-05 3.839768e-05
3.635000e-10 4.402936e-05 3.830049e-05
3.640000e-10 4.388219e-05 3.820285e-05
3.645000e-10 4.373509e-05 3.810478e-05
3.650000e-10 4.358807e-05 3.800628e-05
3.655000e-10 4.344112e-05 3.790738e-05
3.660000e-10 4.329427e-05 3.780808e-05
3.665000e-10 4.314750e-05 3.770839e-05
3.670000e-10 4.300083e-05 3.760833e-05
3.675000e-10 4.285427e-05 3.750791e-05
3.680000e-10 4.270781e-05 3.740714e-05
3.685000e-10 4.256147e-05 3.730604e-05
3.690000e-10 4.241526e-05 3.720460e-05
3.695000e-10 4.226916e-05 3.710285e-05
3.700000e-10 4.212320e-05 3.700080e-05
3.705000e-10 4.197738e-05 3.689844e-05
3.710000e-10 4.183169e-05 3.679581e-05
3.715000e-10 4.168616e-05 3.669290e-05
3.720000e-10 4.154077e-05 3.658972e-05
3.725000e-10 4.139554e-05 3.648629e-05
3.730000e-10 4.125048e-05 3.638262e-05
3.735000e-10 4.110558e-05 3.627871e-05
3.740000e-10 4.096085e-05 3.617457e-05
3.745000e-10 4.081629e-05 3.607022e-05
3.750000e-10 4.067192e-05 3.596566e-05
3.755000e-10 4.052772e-05 3.586090e-05
3.760000e-10 4.038372e-05 3.575595e-05
3.765000e-10 4.023991e-05 3.565081e-05
3.770000e-10 4.009629e-05 3.554551e-05
3.775000e-10 3.995288e-05 3.544004e-05
3.780000e-10 3.980967e-05 3.533441e-05
3.785000e-10 3.966667e-05 3.522864e-05
3.790000e-10 3.952388e-05 3.512273e-05
3.795000e-10 3.938130e-05 3.501668e-05
3.800000e-10 3.923895e-05 3.491051e-05
3.805000e-10 3.909682e-05 3.480422e-05
3.810000e-10 3.895491e-05 3.469782e-05
3.815000e-10 3.881324e-05 3.459131e-05
3.820000e-10 3.867180e-05 3.448471e-05
3.825000e-10 3.853059e-05 3.437803e-05
3.830000e-10 3.838963e-05 3.427126e-05
3.835000e-10 3.824891e-05 3.416441e-05
3.840000e-10 3.810844e-05 3.405750e-05
3.845000e-10 3.796821e-05 3.395053e-05
3.850000e-10 3.782824e-05 3.384350e-05
3.855000e-10 3.768853e-05 3.373642e-05
3.860000e-10 3.754907e-05 3.362930e-05
3.865000e-10 3.740987e-05 3.352215e-05
3.870000e-10 3.727094e-05 3.341496e-05
3.875000e-10 3.713227e-05 3.330775e-05
3.880000e-10 3.699388e-05 3.320052e-05
3.885000e-10 3.685576e-05 3.309328e-05
3.890000e-10 3.671791e-05 3.298603e-05
3.895000e-10 3.658034e-05 3.287878e-05
3.900000e-10 3.644304e-05 3.277153e-05
3.905000e-10 3.630603e-05 3.266429e-05
3.910000e-10 3.616931e-05 3.255707e-05
3.915000e-10 3.603287e-05 3.244987e-05
3.920000e-10 3.589672e-05 3.234269e-05
3.925000e-10 3.576086e-05 3.223554e-05
3.930000e-10 3.562530e-05 3.212843e-05
3.935000e-10 3.549003e-05 3.202135e-05
3.940000e-10 3.535505e-05 3.191432e-05
3.945000e-10 3.522038e-05 3.180734e-05
3.950000e-10 3.508601e-05 3.170041e-05
3.955000e-10 3.495194e-05 3.159355e-05
3.960000e-10 3.481818e-05 3.148674e-05
3.965000e-10 3.468472e-05 3.138000e-05
3.970000e-10 3.455158e-05 3.127333e-05
3.975000e-10 3.441874e-05 3.116674e-05
3.980000e-10 3.428622e-05 3.106023e-05
3.985000e-10 3.415401e-05 3.095380e-05
3.990000e-10 3.402212e-05 3.084746e-05
3.995000e-10 3.389054e-05 3.074121e-05
4.000000e-10 3.375928e-05 3.063506e-05
4.005000e-10 3.362834e-05 3.052900e-05
4.010000e-10 3.349773e-05 3.042305e-05
4.015000e-10 3.336744e-05 3.031721e-05
4.020000e-10 3.323747e-05 3.021147e-05
4.025000e-10 3.310782e-05 3.010585e-05
4.030000e-10 3.297851e-05 3.000035e-05
4.035000e-10 3.284952e-05 2.989496e-05
4.040000e-10 3.272087e-05 2.978971e-05
4.045000e-10 3.259254e-05 2.968458e-05
4.050000e-10 3.246455e-05 2.957957e-05
4.055000e-10 3.233689e-05 2.947471e-05
4.060000e-10 3.220956e-05 2.936998e-05
4.065000e-10 3.208257e-05 2.926539e-05
4.070000e-10 3.195592e-05 2.916094e-05
4.075000e-10 3.182960e-05 2.905664e-05
4.080000e-10 3.170362e-05 2.895249e-05
4.085000e-10 3.157799e-05 2.884848e-05
4.090000e-10 3.145269e-05 2.874464e-05
4.095000e-10 3.132773e-05 2.864095e-05
4.100000e-10 3.120312e-05 2.853742e-05
4.105000e-10 3.107885e-05 2.843405e-05
4.110000e-10 3.095492e-05 2.833085e-05
4.115000e-10 3.083134e-05 2.822781e-05
4.120000e-10 3.070810e-05 2.812494e-05
4.125000e-10 3.058521e-05 2.802225e-05
4.130000e-10 3.046266e-05 2.791973e-05
4.135000e-10 3.034046e-05 2.781739e-05
4.140000e-10 3.021861e-05 2.771523e-05
4.145000e-10 3.009711e-05 2.761325e-05
4.150000e-10 2.997596e-05 2.751145e-05
4.155000e-10 2.985516e-05 2.740984e-05
4.160000e-10 2.973471e-05 2.730841e-05
4.165000e-10 2.961461e-05 2.720718e-05
4.170000e-10 2.949486e-05 2.710614e-05
4.175000e-10 2.937546e-05 2.700529e-05
4.180000e-10 2.925641e-05 2.690464e-05
4.185000e-10 2.913772e-05 2.680419e-05
4.190000e-10 2.901938e-05 2.670393e-05
4.195000e-10 2.890139e-05 2.660388e-05
4.200000e-10 2.878376e-05 2.650403e-05
4.205000e-10 2.866648e-05 2.640439e-05
4.210000e-10 2.854956e-05 2.630495e-05
4.215000e-10 2.843299e-05 2.620572e-05
4.220000e-10 2.831677e-05 2.610671e-05
4.225000e-10 2.820091e-05 2.600790e-05
4.230000e-10 2.808541e-05 2.590931e-05
4.235000e-10 2.797026e-05 2.581093e-05
4.240000e-10 2.785547e-05 2.571277e-05
4.245000e-10 2.774103e-05 2.561482e-05
4.250000e-10 2.762695e-05 2.551710e-05
4.255000e-10 2.751323e-05 2.541959e-05
4.260000e-10 2.739986e-05 2.532231e-05
4.265000e-10 2.728685e-05 2.522525e-05
4.270000e-10 2.717419e-05 2.512842e-05
4.275000e-10 2.706189e-05 2.503181e-05
4.280000e-10 2.694995e-05 2.493543e-05
4.285000e-10 2.683836e-05 2.483928e-05
4.290000e-10 2.672713e-05 2.474336e-05
4.295000e-10 2.661626e-05 2.464766e-05
4.300000e-10 2.650574e-05 2.455220e-05
4.305000e-10 2.639558e-05 2.445698e-05
4.310000e-10 2.628578e-05 2.436198e-05
4.315000e-10 2.617633e-05 2.426723e-05
4.320000e-10 2.606724e-05 2.417270e-05
4.325000e-10 2.595851e-05 2.407842e-05
4.330000e-10 2.585013e-05 2.398437e-05
4.335000e-10 2.574211e-05 2.389056e-05
4.340000e-10 2.563444e-05 2.379699e-05
4.345000e-10 2.552713e-05 2.370367e-05
4.350000e-10 2.542017e-05 2.361058e-05
4.355000e-10 2.531357e-05 2.351774e-05
4.360000e-10 2.520732e-05 2.342514e-05
4.365000e-10 2.510143e-05 2.333278e-05
4.370000e-10 2.499590e-05 2.324067e-05
4.375000e-10 2.489071e-05 2.314880e-05
4.380000e-10 2.478589e-05 2.305718e-05
4.385000e-10 2.468141e-05 2.296581e-05
4.390000e-10 2.457729e-05 2.287468e-05
4.395000e-10 2.447352e-05 2.278381e-05
4.400000e-10 2.437011e-05 2.269318e-05
4.405000e-10 2.426704e-05 2.260280e-05
4.410000e-10 2.416433e-05 2.251267e-05
4.415000e-10 2.406197e-05 2.242279e-05
4.420000e-10 2.395997e-05 2.233316e-05
4.425000e-10 2.385831e-05 2.224379e-05
4.430000e-10 2.375701e-05 2.215466e-05
4.435000e-10 2.365605e-05 2.206579e-05
4.440000e-10 2.355545e-05 2.197717e-05
4.445000e-10 2.345519e-05 2.188881e-05
4.450000e-10 2.335528e-05 2.180070e-05
4.455000e-10 2.325573e-05 2.171284e-05
4.460000e-10 2.315652e-05 2.162524e-05
4.465000e-10 2.305766e-05 2.153790e-05
4.470000e-10 2.295914e-05 2.145081e-05
4.475000e-10 2.286097e-05 2.136397e-05
4.480000e-10 2.276315e-05 2.127739e-05
4.485000e-10 2.266568e-05 2.119107e-05
4.490000e-10 2.256855e-05 2.110500e-05
4.495000e-10 2.247176e-05 2.101920e-05
4.500000e-10 2.237532e-05 2.093365e-05
4.505000e-10 2.227923e-05 2.084835e-05
4.510000e-10 2.218347e-05 2.076332e-05
4.515000e-10 2.208806e-05 2.067854e-05
4.520000e-10 2.199300e-05 2.059402e-05
4.525000e-10 2.189827e-05 2.050976e-05
4.530000e-10 2.180389e-05 2.042575e-05
4.535000e-10 2.170984e-05 2.034201e-05
4.540000e-10 2.161614e-05 2.025852e-05
4.545000e-10 2.152277e-05 2.017530e-05
4.550000e-10 2.142975e-05 2.009233e-05
4.555000e-10 2.133706e-05 2.000962e-05
4.560000e-10 2.124471e-05 1.992717e-05
4.565000e-10 2.115270e-05 1.984498e-05
4.570000e-10 2.106102e-05 1.976305e-05
4.575000e-10 2.096968e-05 1.968137e-05
4.580000e-10 2.087868e-05 1.959996e-05
4.585000e-10 2.078801e-05 1.951881e-05
4.590000e-10 2.069767e-05 1.943791e-05
4.595000e-10 2.060767e-05 1.935728e-05
4.600000e-10 2.051800e-05 1.927690e-05
4.605000e-10 2.042866e-05 1.919679e-05
4.610000e-10 2.033965e-05 1.911693e-05
4.615000e-10 2.025097e-05 1.903733e-05
4.620000e-10 2.016263e-05 1.895799e-05
4.625000e-10 2.007461e-05 1.887891e-05
4.630000e-10 1.998692e-05 1.880009e-05
4.635000e-10 1.989956e-05 1.872153e-05
4.640000e-10 1.981253e-05 1.864323e-05
4.645000e-10 1.972582e-05 1.856518e-05
4.650000e-10 1.963944e-05 1.848740e-05
4.655000e-10 1.955338e-05 1.840987e-05
4.660000e-10 1.946765e-05 1.833260e-05
4.665000e-10 1.938225e-05 1.825559e-05
4.670000e-10 1.929716e-05 1.817883e-05
4.675000e-10 1.921240e-05 1.810234e-05
4.680000e-10 1.912796e-05 1.802610e-05
4.685000e-10 1.904384e-05 1.795012e-05
4.690000e-10 1.896004e-05 1.787439e-05
4.695000e-10 1.887656e-05 1.779892e-05
4.700000e-10 1.879340e-05 1.772371e-05
4.705000e-10 1.871055e-05 1.764876e-05
4.710000e-10 1.862802e-05 1.757406e-05
4.715000e-10 1.854581e-05 1.749962e-05
4.720000e-10 1.846392e-05 1.742543e-05
4.725000e-10 1.838234e-05 1.735150e-05
4.730000e-10 1.830107e-05 1.727782e-05
4.735000e-10 1.822012e-05 1.720440e-05
4.740000e-10 1.813948e-05 1.713123e-05
4.745000e-10 1.805915e-05 1.705832e-05
4.750000e-10 1.797913e-05 1.698566e-05
4.755000e-10 1.789942e-05 1.691326e-05
4.760000e-10 1.782002e-05 1.684110e-05
4.765000e-10 1.774093e-05 1.676920e-05
4.770000e-10 1.766215e-05 1.669756e-05
4.775000e-10 1.758368e-05 1.662616e-05
4.780000e-10 1.750551e-05 1.655502e-05
4.785000e-10 1.742765e-05 1.648413e-05
4.790000e-10 1.735009e-05 1.641349e-05
4.795000e-10 1.727283e-05 1.634310e-05
4.800000e-10 1.719588e-05 1.627296e-05
4.805000e-10 1.711923e-05 1.620307e-05
4.810000e-10 1.704288e-05 1.613344e-05
4.815000e-10 1.696683e-05 1.606405e-05
4.820000e-10 1.689109e-05 1.599491e-05
4.825000e-10 1.681564e-05 1.592602e-05
4.830000e-10 1.674049e-05 1.585737e-05
4.835000e-10 1.666563e-05 1.578898e-05
4.840000e-10 1.659107e-05 1.572083e-05
4.845000e-10 1.651681e-05 1.565293e-05
4.850000e-10 1.644285e-05 1.558527e-05
4.855000e-10 1.636917e-05 1.551786e-05
4.860000e-10 1.629579e-05 1.545070e-05
4.865000e-10 1.622271e-05 1.538378e-05
4.870000e-10 1.614991e-05 1.531711e-05
4.875000e-10 1.607741e-05 1.525068e-05
4.880000e-10 1.600519e-05 1.518449e-05
4.885000e-10 1.593327e-05 1.511855e-05
4.890000e-10 1.586163e-05 1.505285e-05
4.895000e-10 1.579028e-05 1.498739e-05
4.900000e-10 1.571922e-05 1.492218e-05
4.905000e-10 1.564844e-05 1.485721e-05
4.910000e-10 1.557794e-05 1.479247e-05
4.915000e-10 1.550774e-05 1.472798e-05
4.920000e-10 1.543781e-05 1.466373e-05
4.925000e-10 1.536817e-05 1.459972e-05
4.930000e-10 1.529880e-05 1.453594e-05
4.935000e-10 1.522972e-05 1.447241e-05
4.940000e-10 1.516092e-05 1.440911e-05
4.945000e-10 1.509240e-05 1.434605e-05
4.950000e-10 1.502416e-05 1.428323e-05
4.955000e-10 1.495619e-05 1.422064e-05
4.960000e-10 1.488850e-05 1.415829e-05
4.965000e-10 1.482108e-05 1.409618e-05
4.970000e-10 1.475394e-05 1.403430e-05
4.975000e-10 1.468708e-05 1.397265e-05
4.980000e-10 1.462048e-05 1.391124e-05
4.985000e-10 1.455416e-05 1.385006e-05
4.990000e-10 1.448811e-05 1.378912e-05
4.995000e-10 1.442234e-05 1.372841e-05
5.000000e-10 1.435683e-05 1.366792e-05
5.005000e-10 1.429159e-05 1.360767e-05
5.010000e-10 1.422661e-05 1.354765e-05
5.015000e-10 1.416191e-05 1.348786e-05
5.020000e-10 1.409747e-05 1.342830e-05
5.025000e-10 1.403330e-05 1.336897e-05
5.030000e-10 1.396939e-05 1.330987e-05
5.035000e-10 1.390574e-05 1.325100e-05
5.040000e-10 1.384236e-05 1.319235e-05
5.045000e-10 1.377924e-05 1.313393e-05
5.050000e-10 1.371638e-05 1.307573e-05
5.055000e-10 1.365378e-05 1.301776e-05
5.060000e-10 1.359145e-05 1.296002e-05
5.065000e-10 1.352937e-05 1.290250e-05
5.070000e-10 1.346754e-05 1.284520e-05
5.075000e-10 1.340598e-05 1.278813e-05
5.080000e-10 1.334467e-05 1.273128e-05
5.085000e-10 1.328362e-05 1.267465e-05
5.090000e-10 1.322282e-05 1.261824e-05
5.095000e-10 1.316227e-05 1.256206e-05
5.100000e-10 1.310198e-05 1.250609e-05
5.105000e-10 1.304194e-05 1.245035e-05
5.110000e-10 1.298215e-05 1.239482e-05
5.115000e-10 1.292261e-05 1.233952e-05
5.120000e-10 1.286332e-05 1.228443e-05
5.125000e-10 1.280428e-05 1.222955e-05
5.130000e-10 1.274549e-05 1.217490e-05
5.135000e-10 1.268694e-05 1.212046e-05
5.140000e-10 1.262864e-05 1.206624e-05
5.145000e-10 1.257058e-05 1.201223e-05
5.150000e-10 1.251277e-05 1.195843e-05
5.155000e-10 1.245521e-05 1.190485e-05
5.160000e-10 1.239788e-05 1.185149e-05
5.165000e-10 1.234080e-05 1.179833e-05
5.170000e-10 1.228396e-05 1.174539e-05
5.175000e-10 1.222736e-05 1.169266e-05
5.180000e-10 1.217100e-05 1.164014e-05
5.185000e-10 1.211487e-05 1.158783e-05
5.190000e-10 1.205899e-05 1.153573e-05
5.195000e-10 1.200334e-05 1.148384e-05
5.200000e-10 1.194793e-05 1.143216e-05
5.205000e-10 1.189275e-05 1.138068e-05
5.210000e-10 1.183781e-05 1.132941e-05
5.215000e-10 1.178310e-05 1.127835e-05
5.220000e-10 1.172863e-05 1.122750e-05
5.225000e-10 1.167438e-05 1.117685e-05
5.230000e-10 1.162037e-05 1.112640e-05
5.235000e-10 1.156659e-05 1.107616e-05
5.240000e-10 1.151304e-05 1.102613e-05
5.245000e-10 1.145972e-05 1.097629e-05
5.250000e-10 1.140662e-05 1.092666e-05
5.255000e-10 1.135375e-05 1.087723e-05
5.260000e-10 1.130111e-05 1.082800e-05
5.265000e-10 1.124869e-05 1.077897e-05
5.270000e-10 1.119650e-05 1.073014e-05
5.275000e-10 1.114454e-05 1.068151e-05
5.280000e-10 1.109279e-05 1.063308e-05
5.285000e-10 1.104127e-05 1.058485e-05
5.290000e-10 1.098997e-05 1.053681e-05
5.295000e-10 1.093889e-05 1.048897e-05
5.300000e-10 1.088803e-05 1.044133e-05
5.305000e-10 1.083739e-05 1.039388e-05
5.310000e-10 1.078697e-05 1.034663e-05
5.315000e-10 1.073676e-05 1.029957e-05
5.320000e-10 1.068677e-05 1.025271e-05
5.325000e-10 1.063700e-05 1.020603e-05
5.330000e-10 1.058744e-05 1.015955e-05
5.335000e-10 1.053810e-05 1.011327e-05
5.340000e-10 1.048897e-05 1.006717e-05
5.345000e-10 1.044005e-05 1.002127e-05
5.350000e-10 1.039135e-05 9.975551e-06
5.355000e-10 1.034286e-05 9.930025e-06
5.360000e-10 1.029458e-05 9.884688e-06
5.365000e-10 1.024650e-05 9.839539e-06
5.370000e-10 1.019864e-05 9.794577e-06
5.375000e-10 1.015098e-05 9.749803e-06
5.380000e-10 1.010353e-05 9.705214e-06
5.385000e-10 1.005629e-05 9.660812e-06
5.390000e-10 1.000926e-05 9.616594e-06
5.395000e-10 9.962425e-06 9.572561e-06
5.400000e-10 9.915798e-06 9.528712e-06
5.405000e-10 9.869375e-06 9.485046e-06
5.410000e-10 9.823154e-06 9.441563e-06
5.415000e-10 9.777136e-06 9.398262e-06
5.420000e-10 9.731319e-06 9.355142e-06
5.425000e-10 9.685702e-06 9.312203e-06
5.430000e-10 9.640284e-06 9.269444e-06
5.435000e-10 9.595066e-06 9.226865e-06
5.440000e-10 9.550046e-06 9.184465e-06
5.445000e-10 9.505224e-06 9.142243e-06
5.450000e-10 9.460598e-06 9.100199e-06
5.455000e-10 9.416168e-06 9.058332e-06
5.460000e-10 9.371933e-06 9.016642e-06
5.465000e-10 9.327893e-06 8.975128e-06
5.470000e-10 9.284046e-06 8.933789e-06
5.475000e-10 9.240392e-06 8.892624e-06
5.480000e-10 9.196931e-06 8.851634e-06
5.485000e-10 9.153661e-06 8.810818e-06
5.490000e-10 9.110582e-06 8.770174e-06
5.495000e-10 9.067693e-06 8.729703e-06
5.500000e-10 9.024993e-06 8.689404e-06
5.505000e-10 8.982482e-06 8.649275e-06
5.510000e-10 8.940158e-06 8.609317e-06
5.515000e-10 8.898022e-06 8.569530e-06
5.520000e-10 8.856072e-06 8.529911e-06
5.525000e-10 8.814307e-06 8.490462e-06
5.530000e-10 8.772728e-06 8.451180e-06
5.535000e-10 8.731333e-06 8.412066e-06
5.540000e-10 8.690121e-06 8.373119e-06
5.545000e-10 8.649092e-06 8.334339e-06
5.550000e-10 8.608245e-06 8.295724e-06
5.555000e-10 8.567580e-06 8.257274e-06
5.560000e-10 8.527095e-06 8.218989e-06
5.565000e-10 8.486790e-06 8.180869e-06
5.570000e-10 8.446664e-06 8.142911e-06
5.575000e-10 8.406717e-06 8.105116e-06
5.580000e-10 8.366948e-06 8.067484e-06
5.585000e-10 8.327356e-06 8.030014e-06
5.590000e-10 8.287940e-06 7.992704e-06
5.595000e-10 8.248700e-06 7.955555e-06
5.600000e-10 8.209635e-06 7.918566e-06
5.605000e-10 8.170744e-06 7.881736e-06
5.610000e-10 8.132027e-06 7.845066e-06
5.615000e-10 8.093483e-06 7.808553e-06
5.620000e-10 8.055111e-06 7.772198e-06
5.625000e-10 8.016911e-06 7.736000e-06
5.630000e-10 7.978882e-06 7.699958e-06
5.635000e-10 7.941023e-06 7.664073e-06
5.640000e-10 7.903333e-06 7.628343e-06
5.645000e-10 7.865813e-06 7.592767e-06
5.650000e-10 7.828461e-06 7.557346e-06
5.655000e-10 7.791276e-06 7.522078e-06
5.660000e-10 7.754258e-06 7.486964e-06
5.665000e-10 7.717406e-06 7.452002e-06
5.670000e-10 7.680720e-06 7.417192e-06
5.675000e-10 7.644198e-06 7.382533e-06
5.680000e-10 7.607841e-06 7.348025e-06
5.685000e-10 7.571647e-06 7.313667e-06
5.690000e-10 7.535616e-06 7.279459e-06
5.695000e-10 7.499748e-06 7.245400e-06
5.700000e-10 7.464041e-06 7.211490e-06
5.705000e-10 7.428495e-06 7.177727e-06
5.710000e-10 7.393109e-06 7.144112e-06
5.715000e-10 7.357882e-06 7.110644e-06
5.720000e-10 7.322815e-06 7.077323e-06
5.725000e-10 7.287906e-06 7.044147e-06
5.730000e-10 7.253155e-06 7.011116e-06
5.735000e-10 7.218561e-06 6.978230e-06
5.740000e-10 7.184123e-06 6.945488e-06
5.745000e-10 7.149840e-06 6.912890e-06
5.750000e-10 7.115713e-06 6.880435e-06
5.755000e-10 7.081741e-06 6.848122e-06
5.760000e-10 7.047922e-06 6.815951e-06
5.765000e-10 7.014257e-06 6.783922e-06
5.770000e-10 6.980744e-06 6.752033e-06
5.775000e-10 6.947383e-06 6.720285e-06
5.780000e-10 6.914173e-06 6.688677e-06
5.785000e-10 6.881115e-06 6.657208e-06
5.790000e-10 6.848206e-06 6.625878e-06
5.795000e-10 6.815447e-06 6.594686e-06
5.800000e-10 6.782836e-06 6.563631e-06
5.805000e-10 6.750374e-06 6.532714e-06
5.810000e-10 6.718060e-06 6.501933e-06
5.815000e-10 6.685892e-06 6.471289e-06
5.820000e-10 6.653871e-06 6.440779e-06
5.825000e-10 6.621996e-06 6.410405e-06
5.830000e-10 6.590266e-06 6.380166e-06
5.835000e-10 6.558681e-06 6.350060e-06
5.840000e-10 6.527240e-06 6.320088e-06
5.845000e-10 6.495942e-06 6.290249e-06
5.850000e-10 6.464787e-06 6.260542e-06
5.855000e-10 6.433774e-06 6.230967e-06
5.860000e-10 6.402903e-06 6.201524e-06
5.865000e-10 6.372173e-06 6.172211e-06
5.870000e-10 6.341583e-06 6.143029e-06
5.875000e-10 6.311134e-06 6.113976e-06
5.880000e-10 6.280823e-06 6.085053e-06
5.885000e-10 6.250651e-06 6.056259e-06
5.890000e-10 6.220618e-06 6.027593e-06
5.895000e-10 6.190722e-06 5.999054e-06
5.900000e-10 6.160963e-06 5.970643e-06
5.905000e-10 6.131340e-06 5.942359e-06
5.910000e-10 6.101853e-06 5.914202e-06
5.915000e-10 6.072502e-06 5.886170e-06
5.920000e-10 6.043285e-06 5.858263e-06
5.925000e-10 6.014202e-06 5.830481e-06
5.930000e-10 5.985253e-06 5.802823e-06
5.935000e-10 5.956436e-06 5.775289e-06
5.940000e-10 5.927753e-06 5.747879e-06
5.945000e-10 5.899201e-06 5.720591e-06
5.950000e-10 5.870780e-06 5.693426e-06
5.955000e-10 5.842490e-06 5.666382e-06
5.960000e-10 5.814331e-06 5.639460e-06
5.965000e-10 5.786301e-06 5.612659e-06
5.970000e-10 5.758400e-06 5.585978e-06
5.975000e-10 5.730628e-06 5.559417e-06
5.980000e-10 5.702984e-06 5.532975e-06
5.985000e-10 5.675467e-06 5.506653e-06
5.990000e-10 5.648077e-06 5.480448e-06
5.995000e-10 5.620814e-06 5.454362e-06
6.000000e-10 5.593676e-06 5.428393e-06
6.005000e-10 5.566664e-06 5.402542e-06
6.010000e-10 5.539777e-06 5.376806e-06
6.015000e-10 5.513014e-06 5.351187e-06
6.020000e-10 5.486374e-06 5.325684e-06
6.025000e-10 5.459858e-06 5.300295e-06
6.030000e-10 5.433464e-06 5.275022e-06
6.035000e-10 5.407193e-06 5.249862e-06
6.040000e-10 5.381043e-06 5.224816e-06
6.045000e-10 5.355014e-06 5.199884e-06
6.050000e-10 5.329106e-06 5.175064e-06
6.055000e-10 5.303318e-06 5.150357e-06
6.060000e-10 5.277650e-06 5.125762e-06
6.065000e-10 5.252101e-06 5.101278e-06
6.070000e-10 5.226670e-06 5.076905e-06
6.075000e-10 5.201357e-06 5.052642e-06
6.080000e-10 5.176161e-06 5.028490e-06
6.085000e-10 5.151083e-06 5.004447e-06
6.090000e-10 5.126121e-06 4.980513e-06
6.095000e-10 5.101275e-06 4.956688e-06
6.100000e-10 5.076545e-06 4.932972e-06
6.105000e-10 5.051930e-06 4.909363e-06
6.110000e-10 5.027429e-06 4.885862e-06
6.115000e-10 5.003042e-06 4.862467e-06
6.120000e-10 4.978769e-06 4.839179e-06
6.125000e-10 4.954609e-06 4.815997e-06
6.130000e-10 4.930561e-06 4.792921e-06
6.135000e-10 4.906625e-06 4.769950e-06
6.140000e-10 4.882801e-06 4.747084e-06
6.145000e-10 4.859088e-06 4.724321e-06
6.150000e-10 4.835486e-06 4.701663e-06
6.155000e-10 4.811993e-06 4.679108e-06
6.160000e-10 4.788611e-06 4.656657e-06
6.165000e-10 4.765337e-06 4.634308e-06
6.170000e-10 4.742172e-06 4.612061e-06
6.175000e-10 4.719116e-06 4.589915e-06
6.180000e-10 4.696167e-06 4.567871e-06
6.185000e-10 4.673325e-06 4.545928e-06
6.190000e-10 4.650590e-06 4.524086e-06
6.195000e-10 4.627962e-06 4.502343e-06
6.200000e-10 4.605439e-06 4.480700e-06
6.205000e-10 4.583022e-06 4.459156e-06
6.210000e-10 4.560710e-06 4.437711e-06
6.215000e-10 4.538502e-06 4.416365e-06
6.220000e-10 4.516399e-06 4.395116e-06
6.225000e-10 4.494399e-06 4.373965e-06
6.230000e-10 4.472502e-06 4.352911e-06
6.235000e-10 4.450707e-06 4.331954e-06
6.240000e-10 4.429015e-06 4.311093e-06
6.245000e-10 4.407425e-06 4.290328e-06
6.250000e-10 4.385936e-06 4.269658e-06
6.255000e-10 4.364548e-06 4.249084e-06
6.260000e-10 4.343260e-06 4.228604e-06
6.265000e-10 4.322073e-06 4.208219e-06
6.270000e-10 4.300985e-06 4.187927e-06
6.275000e-10 4.279996e-06 4.167729e-06
6.280000e-10 4.259105e-06 4.147625e-06
6.285000e-10 4.238313e-06 4.127612e-06
6.290000e-10 4.217619e-06 4.107693e-06
6.295000e-10 4.197022e-06 4.087865e-06
6.300000e-10 4.176522e-06 4.068128e-06
6.305000e-10 4.156119e-06 4.048483e-06
6.310000e-10 4.135812e-06 4.028929e-06
6.315000e-10 4.115600e-06 4.009464e-06
6.320000e-10 4.095484e-06 3.990090e-06
6.325000e-10 4.075462e-06 3.970806e-06
6.330000e-10 4.055535e-06 3.951610e-06
6.335000e-10 4.035702e-06 3.932504e-06
6.340000e-10 4.015962e-06 3.913486e-06
6.345000e-10 3.996316e-06 3.894556e-06
6.350000e-10 3.976762e-06 3.875714e-06
6.355000e-10 3.957301e-06 3.856959e-06
6.360000e-10 3.937931e-06 3.838291e-06
6.365000e-10 3.918653e-06 3.819709e-06
6.370000e-10 3.899467e-06 3.801214e-06
6.375000e-10 3.880370e-06 3.782805e-06
6.380000e-10 3.861365e-06 3.764481e-06
6.385000e-10 3.842449e-06 3.746242e-06
6.390000e-10 3.823622e-06 3.728088e-06
6.395000e-10 3.804885e-06 3.710018e-06
6.400000e-10 3.786236e-06 3.692033e-06
6.405000e-10 3.767676e-06 3.674131e-06
6.410000e-10 3.749203e-06 3.656312e-06
6.415000e-10 3.730818e-06 3.638576e-06
6.420000e-10 3.712521e-06 3.620923e-06
6.425000e-10 3.694309e-06 3.603352e-06
6.430000e-10 3.676185e-06 3.585862e-06
6.435000e-10 3.658146e-06 3.568455e-06
6.440000e-10 3.640193e-06 3.551128e-06
6.445000e-10 3.622325e-06 3.533882e-06
6.450000e-10 3.604541e-06 3.516717e-06
6.455000e-10 3.586842e-06 3.499631e-06
6.460000e-10 3.569228e-06 3.482626e-06
6.465000e-10 3.551697e-06 3.465700e-06
6.470000e-10 3.534249e-06 3.448853e-06
6.475000e-10 3.516884e-06 3.432084e-06
6.480000e-10 3.499601e-06 3.415394e-06
6.485000e-10 3.482401e-06 3.398782e-06
6.490000e-10 3.465283e-06 3.382248e-06
6.495000e-10 3.448246e-06 3.365791e-06
6.500000e-10 3.431290e-06 3.349411e-06
6.505000e-10 3.414415e-06 3.333107e-06
6.510000e-10 3.397620e-06 3.316880e-06
6.515000e-10 3.380905e-06 3.300729e-06
6.520000e-10 3.364270e-06 3.284654e-06
6.525000e-10 3.347714e-06 3.268654e-06
6.530000e-10 3.331237e-06 3.252729e-06
6.535000e-10 3.314838e-06 3.236878e-06
6.540000e-10 3.298518e-06 3.221102e-06
6.545000e-10 3.282275e-06 3.205400e-06
6.550000e-10 3.266110e-06 3.189772e-06
6.555000e-10 3.250022e-06 3.174217e-06
6.560000e-10 3.234011e-06 3.158735e-06
6.565000e-10 3.218076e-06 3.143326e-06
6.570000e-10 3.202218e-06 3.127989e-06
6.575000e-10 3.186435e-06 3.112724e-06
6.580000e-10 3.170727e-06 3.097531e-06
6.585000e-10 3.155095e-06 3.082410e-06
6.590000e-10 3.139537e-06 3.067359e-06
6.595000e-10 3.124054e-06 3.052380e-06
6.600000e-10 3.108644e-06 3.037471e-06
6.605000e-10 3.093309e-06 3.022632e-06
6.610000e-10 3.078046e-06 3.007863e-06
6.615000e-10 3.062857e-06 2.993164e-06
6.620000e-10 3.047741e-06 2.978534e-06
6.625000e-10 3.032697e-06 2.963972e-06
6.630000e-10 3.017724e-06 2.949480e-06
6.635000e-10 3.002824e-06 2.935056e-06
6.640000e-10 2.987995e-06 2.920700e-06
6.645000e-10 2.973237e-06 2.906412e-06
6.650000e-10 2.958550e-06 2.892191e-06
6.655000e-10 2.943933e-06 2.878037e-06
6.660000e-10 2.929386e-06 2.863950e-06
6.665000e-10 2.914909e-06 2.849930e-06
6.670000e-10 2.900502e-06 2.835976e-06
6.675000e-10 2.886163e-06 2.822088e-06
6.680000e-10 2.871894e-06 2.808265e-06
6.685000e-10 2.857693e-06 2.794508e-06
6.690000e-10 2.843560e-06 2.780816e-06
6.695000e-10 2.829495e-06 2.767189e-06
6.700000e-10 2.815497e-06 2.753626e-06
6.705000e-10 2.801567e-06 2.740128e-06
6.710000e-10 2.787704e-06 2.726693e-06
6.715000e-10 2.773907e-06 2.713322e-06
6.720000e-10 2.760177e-06 2.700015e-06
6.725000e-10 2.746513e-06 2.686771e-06
6.730000e-10 2.732914e-06 2.673589e-06
6.735000e-10 2.719381e-06 2.660470e-06
6.740000e-10 2.705913e-06 2.647413e-06
6.745000e-10 2.692510e-06 2.634418e-06
6.750000e-10 2.679172e-06 2.621485e-06
6.755000e-10 2.665897e-06 2.608613e-06
6.760000e-10 2.652687e-06 2.595802e-06
6.765000e-10 2.639540e-06 2.583052e-06
6.770000e-10 2.626456e-06 2.570363e-06
6.775000e-10 2.613436e-06 2.557734e-06
6.780000e-10 2.600478e-06 2.545165e-06
6.785000e-10 2.587583e-06 2.532655e-06
6.790000e-10 2.574750e-06 2.520206e-06
6.795000e-10 2.561979e-06 2.507815e-06
6.800000e-10 2.549270e-06 2.495484e-06
6.805000e-10 2.536622e-06 2.483211e-06
6.810000e-10 2.524034e-06 2.470996e-06
6.815000e-10 2.511508e-06 2.458840e-06
6.820000e-10 2.499042e-06 2.446742e-06
6.825000e-10 2.486637e-06 2.434701e-06
6.830000e-10 2.474291e-06 2.422718e-06
6.835000e-10 2.462005e-06 2.410791e-06
6.840000e-10 2.449778e-06 2.398922e-06
6.845000e-10 2.437611e-06 2.387109e-06
6.850000e-10 2.425502e-06 2.375353e-06
6.855000e-10 2.413452e-06 2.363652e-06
6.860000e-10 2.401460e-06 2.352008e-06
6.865000e-10 2.389526e-06 2.340419e-06
6.870000e-10 2.377650e-06 2.328886e-06
6.875000e-10 2.365831e-06 2.317407e-06
6.880000e-10 2.354069e-06 2.305983e-06
6.885000e-10 2.342365e-06 2.294614e-06
6.890000e-10 2.330717e-06 2.283300e-06
6.895000e-10 2.319126e-06 2.272039e-06
6.900000e-10 2.307590e-06 2.260832e-06
6.905000e-10 2.296111e-06 2.249679e-06
6.910000e-10 2.284687e-06 2.238579e-06
6.915000e-10 2.273319e-06 2.227533e-06
6.920000e-10 2.262005e-06 2.216539e-06
6.925000e-10 2.250747e-06 2.205598e-06
6.930000e-10 2.239543e-06 2.194709e-06
6.935000e-10 2.228394e-06 2.183872e-06
6.940000e-10 2.217298e-06 2.173087e-06
6.945000e-10 2.206257e-06 2.162354e-06
6.950000e-10 2.195269e-06 2.151673e-06
6.955000e-10 2.184334e-06 2.141042e-06
6.960000e-10 2.173452e-06 2.130463e-06
6.965000e-10 2.162624e-06 2.119934e-06
6.970000e-10 2.151848e-06 2.109456e-06
6.975000e-10 2.141124e-06 2.099028e-06
6.980000e-10 2.130452e-06 2.088650e-06
6.985000e-10 2.119833e-06 2.078322e-06
6.990000e-10 2.109264e-06 2.068044e-06
6.995000e-10 2.098748e-06 2.057814e-06
7.000000e-10 2.088282e-06 2.047634e-06
7.005000e-10 2.077867e-06 2.037503e-06
7.010000e-10 2.067503e-06 2.027421e-06
7.015000e-10 2.057190e-06 2.017387e-06
7.020000e-10 2.046926e-06 2.007402e-06
7.025000e-10 2.036713e-06 1.997464e-06
7.030000e-10 2.026549e-06 1.987574e-06
7.035000e-10 2.016435e-06 1.977732e-06
7.040000e-10 2.006370e-06 1.967937e-06
7.045000e-10 1.996354e-06 1.958189e-06
7.050000e-10 1.986387e-06 1.948488e-06
7.055000e-10 1.976468e-06 1.938834e-06
7.060000e-10 1.966598e-06 1.929227e-06
7.065000e-10 1.956776e-06 1.919665e-06
7.070000e-10 1.947001e-06 1.910150e-06
7.075000e-10 1.937275e-06 1.900681e-06
7.080000e-10 1.927596e-06 1.891257e-06
7.085000e-10 1.917964e-06 1.881879e-06
7.090000e-10 1.908379e-06 1.872546e-06
7.095000e-10 1.898840e-06 1.863258e-06
7.100000e-10 1.889349e-06 1.854014e-06
7.105000e-10 1.879903e-06 1.844816e-06
7.110000e-10 1.870504e-06 1.835661e-06
7.115000e-10 1.861151e-06 1.826551e-06
7.120000e-10 1.851843e-06 1.817485e-06
7.125000e-10 1.842581e-06 1.808463e-06
7.130000e-10 1.833364e-06 1.799484e-06
7.135000e-10 1.824192e-06 1.790549e-06
7.140000e-10 1.815065e-06 1.781657e-06
7.145000e-10 1.805983e-06 1.772808e-06
7.150000e-10 1.796945e-06 1.764001e-06
7.155000e-10 1.787951e-06 1.755238e-06
7.160000e-10 1.779001e-06 1.746516e-06
7.165000e-10 1.770095e-06 1.737837e-06
7.170000e-10 1.761233e-06 1.729200e-06
7.175000e-10 1.752414e-06 1.720604e-06
7.180000e-10 1.743638e-06 1.712051e-06
7.185000e-10 1.734905e-06 1.703538e-06
7.190000e-10 1.726214e-06 1.695067e-06
7.195000e-10 1.717567e-06 1.686637e-06
7.200000e-10 1.708961e-06 1.678247e-06
7.205000e-10 1.700398e-06 1.669899e-06
7.210000e-10 1.691877e-06 1.661591e-06
7.215000e-10 1.683397e-06 1.653323e-06
7.220000e-10 1.674959e-06 1.645095e-06
7.225000e-10 1.666563e-06 1.636907e-06
7.230000e-10 1.658207e-06 1.628759e-06
7.235000e-10 1.649893e-06 1.620650e-06
7.240000e-10 1.641619e-06 1.612580e-06
7.245000e-10 1.633386e-06 1.604550e-06
7.250000e-10 1.625193e-06 1.596559e-06
7.255000e-10 1.617041e-06 1.588607e-06
7.260000e-10 1.608928e-06 1.580693e-06
7.265000e-10 1.600856e-06 1.572817e-06
7.270000e-10 1.592823e-06 1.564980e-06
7.275000e-10 1.584829e-06 1.557181e-06
7.280000e-10 1.576875e-06 1.549420e-06
7.285000e-10 1.568959e-06 1.541696e-06
7.290000e-10 1.561083e-06 1.534011e-06
7.295000e-10 1.553245e-06 1.526362e-06
7.300000e-10 1.545446e-06 1.518751e-06
7.305000e-10 1.537685e-06 1.511176e-06
7.310000e-10 1.529962e-06 1.503639e-06
7.315000e-10 1.522277e-06 1.496138e-06
7.320000e-10 1.514630e-06 1.488674e-06
7.325000e-10 1.507021e-06 1.481246e-06
7.330000e-10 1.499449e-06 1.473854e-06
7.335000e-10 1.491914e-06 1.466498e-06
7.340000e-10 1.484416e-06 1.459178e-06
7.345000e-10 1.476956e-06 1.451894e-06
7.350000e-10 1.469532e-06 1.444645e-06
7.355000e-10 1.462144e-06 1.437431e-06
7.360000e-10 1.454793e-06 1.430253e-06
7.365000e-10 1.447478e-06 1.423110e-06
7.370000e-10 1.440199e-06 1.416001e-06
7.375000e-10 1.432956e-06 1.408927e-06
7.380000e-10 1.425748e-06 1.401888e-06
7.385000e-10 1.418576e-06 1.394883e-06
7.390000e-10 1.411440e-06 1.387912e-06
7.395000e-10 1.404338e-06 1.380975e-06
7.400000e-10 1.397272e-06 1.374072e-06
7.405000e-10 1.390240e-06 1.367203e-06
7.410000e-10 1.383243e-06 1.360367e-06
7.415000e-10 1.376281e-06 1.353564e-06
7.420000e-10 1.369353e-06 1.346795e-06
7.425000e-10 1.362459e-06 1.340059e-06
7.430000e-10 1.355599e-06 1.333356e-06
7.435000e-10 1.348773e-06 1.326685e-06
7.440000e-10 1.341980e-06 1.320048e-06
7.445000e-10 1.335221e-06 1.313442e-06
7.450000e-10 1.328496e-06 1.306869e-06
7.455000e-10 1.321804e-06 1.300328e-06
7.460000e-10 1.315144e-06 1.293819e-06
7.465000e-10 1.308518e-06 1.287342e-06
7.470000e-10 1.301924e-06 1.280897e-06
7.475000e-10 1.295363e-06 1.274483e-06
7.480000e-10 1.288834e-06 1.268100e-06
7.485000e-10 1.282338e-06 1.261749e-06
7.490000e-10 1.275874e-06 1.255429e-06
7.495000e-10 1.269441e-06 1.249139e-06
7.500000e-10 1.263041e-06 1.242881e-06
7.505000e-10 1.256672e-06 1.236653e-06
7.510000e-10 1.250334e-06 1.230456e-06
7.515000e-10 1.244028e-06 1.224289e-06
7.520000e-10 1.237753e-06 1.218152e-06
7.525000e-10 1.231509e-06 1.212046e-06
7.530000e-10 1.225296e-06 1.205969e-06
7.535000e-10 1.219114e-06 1.199922e-06
7.540000e-10 1.212962e-06 1.193905e-06
7.545000e-10 1.206841e-06 1.187917e-06
7.550000e-10 1.200750e-06 1.181959e-06
7.555000e-10 1.194690e-06 1.176030e-06
7.560000e-10 1.188659e-06 1.170130e-06
7.565000e-10 1.182658e-06 1.164259e-06
7.570000e-10 1.176687e-06 1.158416e-06
7.575000e-10 1.170745e-06 1.152603e-06
7.580000e-10 1.164833e-06 1.146818e-06
7.585000e-10 1.158950e-06 1.141061e-06
7.590000e-10 1.153096e-06 1.135333e-06
7.595000e-10 1.147272e-06 1.129633e-06
7.600000e-10 1.141476e-06 1.123961e-06
7.605000e-10 1.135709e-06 1.118316e-06
7.610000e-10 1.129970e-06 1.112700e-06
7.615000e-10 1.124260e-06 1.107111e-06
7.620000e-10 1.118579e-06 1.101549e-06
7.625000e-10 1.112925e-06 1.096015e-06
7.630000e-10 1.107300e-06 1.090508e-06
7.635000e-10 1.101702e-06 1.085028e-06
7.640000e-10 1.096132e-06 1.079576e-06
7.645000e-10 1.090590e-06 1.074150e-06
7.650000e-10 1.085075e-06 1.068750e-06
7.655000e-10 1.079588e-06 1.063377e-06
7.660000e-10 1.074128e-06 1.058031e-06
7.665000e-10 1.068695e-06 1.052711e-06
7.670000e-10 1.063289e-06 1.047417e-06
7.675000e-10 1.057910e-06 1.042150e-06
7.680000e-10 1.052558e-06 1.036908e-06
7.685000e-10 1.047232e-06 1.031692e-06
7.690000e-10 1.041933e-06 1.026502e-06
7.695000e-10 1.036660e-06 1.021337e-06
7.700000e-10 1.031413e-06 1.016198e-06
7.705000e-10 1.026192e-06 1.011084e-06
7.710000e-10 1.020997e-06 1.005995e-06
7.715000e-10 1.015828e-06 1.000931e-06
7.720000e-10 1.010685e-06 9.958929e-07
7.725000e-10 1.005568e-06 9.908791e-07
7.730000e-10 1.000475e-06 9.858901e-07
7.735000e-10 9.954085e-07 9.809256e-07
7.740000e-10 9.903668e-07 9.759857e-07
7.745000e-10 9.853503e-07 9.710701e-07
7.750000e-10 9.803587e-07 9.661789e-07
7.755000e-10 9.753919e-07 9.613117e-07
7.760000e-10 9.704499e-07 9.564686e-07
7.765000e-10 9.655325e-07 9.516494e-07
7.770000e-10 9.606395e-07 9.468540e-07
7.775000e-10 9.557709e-07 9.420823e-07
7.780000e-10 9.509266e-07 9.373341e-07
7.785000e-10 9.461064e-07 9.326095e-07
7.790000e-10 9.413102e-07 9.279081e-07
7.795000e-10 9.365379e-07 9.232300e-07
7.800000e-10 9.317894e-07 9.185751e-07
7.805000e-10 9.270645e-07 9.139431e-07
7.810000e-10 9.223632e-07 9.093341e-07
7.815000e-10 9.176853e-07 9.047478e-07
7.820000e-10 9.130308e-07 9.001842e-07
7.825000e-10 9.083994e-07 8.956432e-07
7.830000e-10 9.037912e-07 8.911247e-07
7.835000e-10 8.992059e-07 8.866285e-07
7.840000e-10 8.946435e-07 8.821545e-07
7.845000e-10 8.901039e-07 8.777027e-07
7.850000e-10 8.855869e-07 8.732730e-07
7.855000e-10 8.810924e-07 8.688652e-07
7.860000e-10 8.766204e-07 8.644791e-07
7.865000e-10 8.721706e-07 8.601149e-07
7.870000e-10 8.677431e-07 8.557722e-07
7.875000e-10 8.633377e-07 8.514510e-07
7.880000e-10 8.589543e-07 8.471513e-07
7.885000e-10 8.545928e-07 8.428728e-07
7.890000e-10 8.502530e-07 8.386156e-07
7.895000e-10 8.459349e-07 8.343795e-07
7.900000e-10 8.416384e-07 8.301643e-07
7.905000e-10 8.373634e-07 8.259701e-07
7.910000e-10 8.331097e-07 8.217966e-07
7.915000e-10 8.288773e-07 8.176438e-07
7.920000e-10 8.246660e-07 8.135117e-07
7.925000e-10 8.204757e-07 8.094000e-07
7.930000e-10 8.163064e-07 8.053087e-07
7.935000e-10 8.121580e-07 8.012378e-07
7.940000e-10 8.080303e-07 7.971870e-07
7.945000e-10 8.039232e-07 7.931563e-07
7.950000e-10 7.998367e-07 7.891457e-07
7.955000e-10 7.957706e-07 7.851549e-07
7.960000e-10 7.917248e-07 7.811840e-07
7.965000e-10 7.876993e-07 7.772328e-07
7.970000e-10 7.836939e-07 7.733012e-07
7.975000e-10 7.797085e-07 7.693891e-07
7.980000e-10 7.757431e-07 7.654965e-07
7.985000e-10 7.717976e-07 7.616232e-07
7.990000e-10 7.678718e-07 7.577691e-07
7.995000e-10 7.639656e-07 7.539342e-07
8.000000e-10 7.600790e-07 7.501184e-07
8.005000e-10 7.562119e-07 7.463215e-07
8.010000e-10 7.523641e-07 7.425435e-07
8.015000e-10 7.485356e-07 7.387843e-07
8.020000e-10 7.447263e-07 7.350438e-07
8.025000e-10 7.409360e-07 7.313218e-07
8.030000e-10 7.371647e-07 7.276184e-07
8.035000e-10 7.334124e-07 7.239334e-07
8.040000e-10 7.296788e-07 7.202668e-07
8.045000e-10 7.259639e-07 7.166184e-07
8.050000e-10 7.222677e-07 7.129881e-07
8.055000e-10 7.185900e-07 7.093759e-07
8.060000e-10 7.149307e-07 7.057817e-07
8.065000e-10 7.112898e-07 7.022054e-07
8.070000e-10 7.076671e-07 6.986469e-07
8.075000e-10 7.040626e-07 6.951061e-07
8.080000e-10 7.004762e-07 6.915830e-07
8.085000e-10 6.969077e-07 6.880774e-07
8.090000e-10 6.933572e-07 6.845892e-07
8.095000e-10 6.898245e-07 6.811185e-07
8.100000e-10 6.863095e-07 6.776650e-07
8.105000e-10 6.828121e-07 6.742288e-07
8.110000e-10 6.793323e-07 6.708096e-07
8.115000e-10 6.758700e-07 6.674075e-07
8.120000e-10 6.724250e-07 6.640224e-07
8.125000e-10 6.689973e-07 6.606541e-07
8.130000e-10 6.655868e-07 6.573027e-07
8.135000e-10 6.621935e-07 6.539679e-07
8.140000e-10 6.588172e-07 6.506498e-07
8.145000e-10 6.554579e-07 6.473483e-07
8.150000e-10 6.521154e-07 6.440632e-07
8.155000e-10 6.487897e-07 6.407945e-07
8.160000e-10 6.454807e-07 6.375421e-07
8.165000e-10 6.421884e-07 6.343059e-07
8.170000e-10 6.389126e-07 6.310859e-07
8.175000e-10 6.356533e-07 6.278820e-07
8.180000e-10 6.324103e-07 6.246940e-07
8.185000e-10 6.291836e-07 6.215220e-07
8.190000e-10 6.259732e-07 6.183658e-07
8.195000e-10 6.227789e-07 6.152254e-07
8.200000e-10 6.196007e-07 6.121007e-07
8.205000e-10 6.164384e-07 6.089916e-07
8.210000e-10 6.132921e-07 6.058980e-07
8.215000e-10 6.101615e-07 6.028198e-07
8.220000e-10 6.070467e-07 5.997571e-07
8.225000e-10 6.039476e-07 5.967096e-07
8.230000e-10 6.008641e-07 5.936774e-07
8.235000e-10 5.977961e-07 5.906604e-07
8.240000e-10 5.947436e-07 5.876584e-07
8.245000e-10 5.917064e-07 5.846714e-07
8.250000e-10 5.886844e-07 5.816994e-07
8.255000e-10 5.856777e-07 5.787422e-07
8.260000e-10 5.826862e-07 5.757999e-07
8.265000e-10 5.797097e-07 5.728722e-07
8.270000e-10 5.767481e-07 5.699592e-07
8.275000e-10 5.738015e-07 5.670608e-07
8.280000e-10 5.708698e-07 5.641768e-07
8.285000e-10 5.679528e-07 5.613073e-07
8.290000e-10 5.650505e-07 5.584522e-07
8.295000e-10 5.621628e-07 5.556114e-07
8.300000e-10 5.592897e-07 5.527847e-07
8.305000e-10 5.564310e-07 5.499723e-07
8.310000e-10 5.535867e-07 5.471739e-07
8.315000e-10 5.507568e-07 5.443895e-07
8.320000e-10 5.479412e-07 5.416191e-07
8.325000e-10 5.451397e-07 5.388625e-07
8.330000e-10 5.423524e-07 5.361198e-07
8.335000e-10 5.395791e-07 5.333908e-07
8.340000e-10 5.368198e-07 5.306755e-07
8.345000e-10 5.340744e-07 5.279738e-07
8.350000e-10 5.313429e-07 5.252856e-07
8.355000e-10 5.286251e-07 5.226109e-07
8.360000e-10 5.259210e-07 5.199496e-07
8.365000e-10 5.232306e-07 5.173017e-07
8.370000e-10 5.205538e-07 5.146670e-07
8.375000e-10 5.178905e-07 5.120455e-07
8.380000e-10 5.152406e-07 5.094372e-07
8.385000e-10 5.126040e-07 5.068420e-07
8.390000e-10 5.099808e-07 5.042598e-07
8.395000e-10 5.073709e-07 5.016905e-07
8.400000e-10 5.047741e-07 4.991342e-07
8.405000e-10 5.021904e-07 4.965906e-07
8.410000e-10 4.996197e-07 4.940599e-07
8.415000e-10 4.970621e-07 4.915418e-07
8.420000e-10 4.945173e-07 4.890364e-07
8.425000e-10 4.919854e-07 4.865435e-07
8.430000e-10 4.894663e-07 4.840632e-07
8.435000e-10 4.869599e-07 4.815953e-07
8.440000e-10 4.844662e-07 4.791398e-07
8.445000e-10 4.819851e-07 4.766966e-07
8.450000e-10 4.795165e-07 4.742657e-07
8.455000e-10 4.770604e-07 4.718471e-07
8.460000e-10 4.746167e-07 4.694405e-07
8.465000e-10 4.721854e-07 4.670461e-07
8.470000e-10 4.697663e-07 4.646637e-07
8.475000e-10 4.673595e-07 4.622933e-07
8.480000e-10 4.649649e-07 4.599348e-07
8.485000e-10 4.625823e-07 4.575881e-07
8.490000e-10 4.602118e-07 4.552532e-07
8.495000e-10 4.578533e-07 4.529301e-07
8.500000e-10 4.555067e-07 4.506187e-07
8.505000e-10 4.531720e-07 4.483188e-07
8.510000e-10 4.508491e-07 4.460306e-07
8.515000e-10 4.485379e-07 4.437538e-07
8.520000e-10 4.462385e-07 4.414885e-07
8.525000e-10 4.439506e-07 4.392346e-07
8.530000e-10 4.416744e-07 4.369921e-07
8.535000e-10 4.394097e-07 4.347608e-07
8.540000e-10 4.371564e-07 4.325408e-07
8.545000e-10 4.349145e-07 4.303319e-07
8.550000e-10 4.326840e-07 4.281341e-07
8.555000e-10 4.304648e-07 4.259474e-07
8.560000e-10 4.282568e-07 4.237718e-07
8.565000e-10 4.260600e-07 4.216070e-07
8.570000e-10 4.238743e-07 4.194532e-07
8.575000e-10 4.216997e-07 4.173102e-07
8.580000e-10 4.195361e-07 4.151780e-07
8.585000e-10 4.173835e-07 4.130566e-07
8.590000e-10 4.152418e-07 4.109458e-07
8.595000e-10 4.131109e-07 4.088457e-07
8.600000e-10 4.109908e-07 4.067561e-07
8.605000e-10 4.088815e-07 4.046771e-07
8.610000e-10 4.067828e-07 4.026085e-07
8.615000e-10 4.046948e-07 4.005504e-07
8.620000e-10 4.026173e-07 3.985027e-07
8.625000e-10 4.005504e-07 3.964652e-07
8.630000e-10 3.984940e-07 3.944381e-07
8.635000e-10 3.964480e-07 3.924212e-07
8.640000e-10 3.944124e-07 3.904144e-07
8.645000e-10 3.923871e-07 3.884177e-07
8.650000e-10 3.903720e-07 3.864312e-07
8.655000e-10 3.883672e-07 3.844546e-07
8.660000e-10 3.863726e-07 3.824880e-07
8.665000e-10 3.843881e-07 3.805314e-07
8.670000e-10 3.824136e-07 3.785846e-07
8.675000e-10 3.804491e-07 3.766476e-07
8.680000e-10 3.784947e-07 3.747204e-07
8.685000e-10 3.765501e-07 3.728029e-07
8.690000e-10 3.746154e-07 3.708951e-07
8.695000e-10 3.726905e-07 3.689970e-07
8.700000e-10 3.707754e-07 3.671084e-07
8.705000e-10 3.688700e-07 3.652294e-07
8.710000e-10 3.669743e-07 3.633598e-07
8.715000e-10 3.650882e-07 3.614997e-07
8.720000e-10 3.632117e-07 3.596490e-07
8.725000e-10 3.613448e-07 3.578076e-07
8.730000e-10 3.594872e-07 3.559755e-07
8.735000e-10 3.576392e-07 3.541527e-07
8.740000e-10 3.558005e-07 3.523391e-07
8.745000e-10 3.539712e-07 3.505346e-07
8.750000e-10 3.521511e-07 3.487393e-07
8.755000e-10 3.503403e-07 3.469530e-07
8.760000e-10 3.485387e-07 3.451758e-07
8.765000e-10 3.467462e-07 3.434076e-07
8.770000e-10 3.449629e-07 3.416482e-07
8.775000e-10 3.431886e-07 3.398978e-07
8.780000e-10 3.414233e-07 3.381563e-07
8.785000e-10 3.396670e-07 3.364235e-07
8.790000e-10 3.379197e-07 3.346995e-07
8.795000e-10 3.361812e-07 3.329842e-07
8.800000e-10 3.344516e-07 3.312776e-07
8.805000e-10 3.327307e-07 3.295796e-07
8.810000e-10 3.310186e-07 3.278902e-07
8.815000e-10 3.293152e-07 3.262094e-07
8.820000e-10 3.276205e-07 3.245371e-07
8.825000e-10 3.259344e-07 3.228732e-07
8.830000e-10 3.242568e-07 3.212177e-07
8.835000e-10 3.225878e-07 3.195707e-07
8.840000e-10 3.209273e-07 3.179319e-07
8.845000e-10 3.192753e-07 3.163015e-07
8.850000e-10 3.176316e-07 3.146793e-07
8.855000e-10 3.159963e-07 3.130653e-07
8.860000e-10 3.143693e-07 3.114595e-07
8.865000e-10 3.127506e-07 3.098618e-07
8.870000e-10 3.111402e-07 3.082722e-07
8.875000e-10 3.095379e-07 3.066907e-07
8.880000e-10 3.079438e-07 3.051172e-07
8.885000e-10 3.063578e-07 3.035516e-07
8.890000e-10 3.047799e-07 3.019940e-07
8.895000e-10 3.032100e-07 3.004443e-07
8.900000e-10 3.016482e-07 2.989024e-07
8.905000e-10 3.000942e-07 2.973683e-07
8.910000e-10 2.985482e-07 2.958420e-07
8.915000e-10 2.970101e-07 2.943235e-07
8.920000e-10 2.954798e-07 2.928126e-07
8.925000e-10 2.939573e-07 2.913094e-07
8.930000e-10 2.924425e-07 2.898138e-07
8.935000e-10 2.909355e-07 2.883258e-07
8.940000e-10 2.894361e-07 2.868454e-07
8.945000e-10 2.879444e-07 2.853724e-07
8.950000e-10 2.864603e-07 2.839069e-07
8.955000e-10 2.849837e-07 2.824489e-07
8.960000e-10 2.835147e-07 2.809982e-07
8.965000e-10 2.820532e-07 2.795549e-07
8.970000e-10 2.805991e-07 2.781190e-07
8.975000e-10 2.791524e-07 2.766903e-07
8.980000e-10 2.777131e-07 2.752688e-07
8.985000e-10 2.762811e-07 2.738546e-07
8.990000e-10 2.748565e-07 2.724476e-07
8.995000e-10 2.734391e-07 2.710477e-07
9.000000e-10 2.720289e-07 2.696549e-07
9.005000e-10 2.706259e-07 2.682691e-07
9.010000e-10 2.692301e-07 2.668904e-07
9.015000e-10 2.678414e-07 2.655187e-07
9.020000e-10 2.664598e-07 2.641540e-07
9.025000e-10 2.650852e-07 2.627962e-07
9.030000e-10 2.637177e-07 2.614453e-07
9.035000e-10 2.623571e-07 2.601012e-07
9.040000e-10 2.610035e-07 2.587640e-07
9.045000e-10 2.596568e-07 2.574336e-07
9.050000e-10 2.583169e-07 2.561099e-07
9.055000e-10 2.569839e-07 2.547929e-07
9.060000e-10 2.556577e-07 2.534827e-07
9.065000e-10 2.543382e-07 2.521791e-07
9.070000e-10 2.530255e-07 2.508821e-07
9.075000e-10 2.517196e-07 2.495917e-07
9.080000e-10 2.504202e-07 2.483079e-07
9.085000e-10 2.491275e-07 2.470306e-07
9.090000e-10 2.478414e-07 2.457598e-07
9.095000e-10 2.465619e-07 2.444954e-07
9.100000e-10 2.452889e-07 2.432375e-07
9.105000e-10 2.440224e-07 2.419860e-07
9.110000e-10 2.427624e-07 2.407408e-07
9.115000e-10 2.415088e-07 2.395020e-07
9.120000e-10 2.402617e-07 2.382694e-07
9.125000e-10 2.390208e-07 2.370432e-07
9.130000e-10 2.377864e-07 2.358232e-07
9.135000e-10 2.365582e-07 2.346093e-07
9.140000e-10 2.353364e-07 2.334017e-07
9.145000e-10 2.341207e-07 2.322002e-07
9.150000e-10 2.329113e-07 2.310048e-07
9.155000e-10 2.317081e-07 2.298155e-07
9.160000e-10 2.305110e-07 2.286322e-07
9.165000e-10 2.293200e-07 2.274550e-07
9.170000e-10 2.281351e-07 2.262838e-07
9.175000e-10 2.269563e-07 2.251185e-07
9.180000e-10 2.257835e-07 2.239591e-07
9.185000e-10 2.246167e-07 2.228057e-07
9.190000e-10 2.234559e-07 2.216581e-07
9.195000e-10 2.223010e-07 2.205164e-07
9.200000e-10 2.211520e-07 2.193805e-07
9.205000e-10 2.200089e-07 2.182504e-07
9.210000e-10 2.188716e-07 2.171260e-07
9.215000e-10 2.177402e-07 2.160073e-07
9.220000e-10 2.166145e-07 2.148944e-07
9.225000e-10 2.154946e-07 2.137871e-07
9.230000e-10 2.143805e-07 2.126855e-07
9.235000e-10 2.132720e-07 2.115894e-07
9.240000e-10 2.121692e-07 2.104990e-07
9.245000e-10 2.110721e-07 2.094141e-07
9.250000e-10 2.099806e-07 2.083347e-07
9.255000e-10 2.088946e-07 2.072609e-07
9.260000e-10 2.078142e-07 2.061925e-07
9.265000e-10 2.067394e-07 2.051296e-07
9.270000e-10 2.056700e-07 2.040720e-07
9.275000e-10 2.046062e-07 2.030199e-07
9.280000e-10 2.035477e-07 2.019732e-07
9.285000e-10 2.024947e-07 2.009317e-07
9.290000e-10 2.014471e-07 1.998956e-07
9.295000e-10 2.004049e-07 1.988648e-07
9.300000e-10 1.993680e-07 1.978392e-07
9.305000e-10 1.983364e-07 1.968189e-07
9.310000e-10 1.973101e-07 1.958037e-07
9.315000e-10 1.962890e-07 1.947938e-07
9.320000e-10 1.952732e-07 1.937889e-07
9.325000e-10 1.942626e-07 1.927893e-07
9.330000e-10 1.932571e-07 1.917947e-07
9.335000e-10 1.922568e-07 1.908052e-07
9.340000e-10 1.912617e-07 1.898207e-07
9.345000e-10 1.902716e-07 1.888413e-07
9.350000e-10 1.892866e-07 1.878668e-07
9.355000e-10 1.883067e-07 1.868974e-07
9.360000e-10 1.873318e-07 1.859329e-07
9.365000e-10 1.863618e-07 1.849733e-07
9.370000e-10 1.853969e-07 1.840186e-07
9.375000e-10 1.844369e-07 1.830688e-07
9.380000e-10 1.834818e-07 1.821238e-07
9.385000e-10 1.825316e-07 1.811837e-07
9.390000e-10 1.815863e-07 1.802483e-07
9.395000e-10 1.806459e-07 1.793178e-07
9.400000e-10 1.797102e-07 1.783919e-07
9.405000e-10 1.787794e-07 1.774709e-07
9.410000e-10 1.778533e-07 1.765545e-07
9.415000e-10 1.769320e-07 1.756428e-07
9.420000e-10 1.760155e-07 1.747357e-07
9.425000e-10 1.751036e-07 1.738333e-07
9.430000e-10 1.741964e-07 1.729356e-07
9.435000e-10 1.732938e-07 1.720423e-07
9.440000e-10 1.723959e-07 1.711537e-07
9.445000e-10 1.715026e-07 1.702696e-07
9.450000e-10 1.706139e-07 1.693900e-07
9.455000e-10 1.697297e-07 1.685149e-07
9.460000e-10 1.688501e-07 1.676443e-07
9.465000e-10 1.679750e-07 1.667782e-07
9.470000e-10 1.671044e-07 1.659164e-07
9.475000e-10 1.662382e-07 1.650591e-07
9.480000e-10 1.653765e-07 1.642062e-07
9.485000e-10 1.645192e-07 1.633576e-07
9.490000e-10 1.636664e-07 1.625134e-07
9.495000e-10 1.628179e-07 1.616734e-07
9.500000e-10 1.619737e-07 1.608378e-07
9.505000e-10 1.611339e-07 1.600065e-07
9.510000e-10 1.602985e-07 1.591794e-07
9.515000e-10 1.594673e-07 1.583565e-07
9.520000e-10 1.586403e-07 1.575378e-07
9.525000e-10 1.578177e-07 1.567234e-07
9.530000e-10 1.569992e-07 1.559131e-07
9.535000e-10 1.561850e-07 1.551069e-07
9.540000e-10 1.553749e-07 1.543049e-07
9.545000e-10 1.545690e-07 1.535070e-07
9.550000e-10 1.537672e-07 1.527131e-07
9.555000e-10 1.529696e-07 1.519234e-07
9.560000e-10 1.521760e-07 1.511376e-07
9.565000e-10 1.513866e-07 1.503559e-07
9.570000e-10 1.506012e-07 1.495782e-07
9.575000e-10 1.498198e-07 1.488045e-07
9.580000e-10 1.490425e-07 1.480347e-07
9.585000e-10 1.482691e-07 1.472689e-07
9.590000e-10 1.474997e-07 1.465070e-07
9.595000e-10 1.467343e-07 1.457490e-07
9.600000e-10 1.459728e-07 1.449949e-07
9.605000e-10 1.452153e-07 1.442446e-07
9.610000e-10 1.444616e-07 1.434982e-07
9.615000e-10 1.437118e-07 1.427556e-07
9.620000e-10 1.429658e-07 1.420169e-07
9.625000e-10 1.422237e-07 1.412819e-07
9.630000e-10 1.414854e-07 1.405506e-07
9.635000e-10 1.407510e-07 1.398231e-07
9.640000e-10 1.400202e-07 1.390994e-07
9.645000e-10 1.392933e-07 1.383793e-07
9.650000e-10 1.385701e-07 1.376630e-07
9.655000e-10 1.378506e-07 1.369503e-07
9.660000e-10 1.371348e-07 1.362413e-07
9.665000e-10 1.364227e-07 1.355359e-07
9.670000e-10 1.357143e-07 1.348341e-07
9.675000e-10 1.350095e-07 1.341359e-07
9.680000e-10 1.343083e-07 1.334413e-07
9.685000e-10 1.336107e-07 1.327503e-07
9.690000e-10 1.329168e-07 1.320628e-07
9.695000e-10 1.322264e-07 1.313788e-07
9.700000e-10 1.315395e-07 1.306984e-07
9.705000e-10 1.308562e-07 1.300214e-07
9.710000e-10 1.301764e-07 1.293479e-07
9.715000e-10 1.295001e-07 1.286778e-07
9.720000e-10 1.288273e-07 1.280112e-07
9.725000e-10 1.281580e-07 1.273481e-07
9.730000e-10 1.274921e-07 1.266883e-07
9.735000e-10 1.268296e-07 1.260319e-07
9.740000e-10 1.261706e-07 1.253788e-07
9.745000e-10 1.255149e-07 1.247292e-07
9.750000e-10 1.248627e-07 1.240828e-07
9.755000e-10 1.242137e-07 1.234398e-07
9.760000e-10 1.235682e-07 1.228001e-07
9.765000e-10 1.229259e-07 1.221636e-07
9.770000e-10 1.222870e-07 1.215304e-07
9.775000e-10 1.216513e-07 1.209005e-07
9.780000e-10 1.210190e-07 1.202738e-07
9.785000e-10 1.203898e-07 1.196504e-07
9.790000e-10 1.197640e-07 1.190301e-07
9.795000e-10 1.191413e-07 1.184130e-07
9.800000e-10 1.185219e-07 1.177991e-07
9.805000e-10 1.179056e-07 1.171883e-07
9.810000e-10 1.172926e-07 1.165807e-07
9.815000e-10 1.166827e-07 1.159762e-07
9.820000e-10 1.160759e-07 1.153748e-07
9.825000e-10 1.154723e-07 1.147765e-07
9.830000e-10 1.148718e-07 1.141812e-07
9.835000e-10 1.142743e-07 1.135891e-07
9.840000e-10 1.136800e-07 1.129999e-07
9.845000e-10 1.130887e-07 1.124138e-07
9.850000e-10 1.125005e-07 1.118307e-07
9.855000e-10 1.119153e-07 1.112506e-07
9.860000e-10 1.113331e-07 1.106735e-07
9.865000e-10 1.107539e-07 1.100993e-07
9.870000e-10 1.101777e-07 1.095281e-07
9.875000e-10 1.096045e-07 1.089599e-07
9.880000e-10 1.090343e-07 1.083945e-07
9.885000e-10 1.084669e-07 1.078321e-07
9.890000e-10 1.079026e-07 1.072725e-07
9.895000e-10 1.073411e-07 1.067159e-07
9.900000e-10 1.067825e-07 1.061621e-07
9.905000e-10 1.062268e-07 1.056111e-07
9.910000e-10 1.056740e-07 1.050630e-07
9.915000e-10 1.051240e-07 1.045177e-07
9.920000e-10 1.045769e-07 1.039752e-07
9.925000e-10 1.040325e-07 1.034354e-07
9.930000e-10 1.034910e-07 1.028985e-07
9.935000e-10 1.029523e-07 1.023643e-07
9.940000e-10 1.024164e-07 1.018329e-07
9.945000e-10 1.018832e-07 1.013042e-07
9.950000e-10 1.013528e-07 1.007782e-07
9.955000e-10 1.008252e-07 1.002550e-07
9.960000e-10 1.003002e-07 9.973440e-08
9.965000e-10 9.977798e-08 9.921650e-08
9.970000e-10 9.925844e-08 9.870127e-08
9.975000e-10 9.874158e-08 9.818869e-08
9.980000e-10 9.822740e-08 9.767875e-08
9.985000e-10 9.771587e-08 9.717144e-08
9.990000e-10 9.720698e-08 9.666674e-08
9.995000e-10 9.670072e-08 9.616463e-08
1.000000e-09 9.619707e-08 9.566511e-08
1.000500e-09 9.569603e-08 9.516816e-08
1.001000e-09 9.519758e-08 9.467377e-08
1.001500e-09 9.470170e-08 9.418193e-08
1.002000e-09 9.420838e-08 9.369261e-08
1.002500e-09 9.371762e-08 9.320582e-08
1.003000e-09 9.322938e-08 9.272154e-08
1.003500e-09 9.274368e-08 9.223974e-08
1.004000e-09 9.226048e-08 9.176044e-08
1.004500e-09 9.177978e-08 9.128359e-08
1.005000e-09 9.130156e-08 9.080921e-08
1.005500e-09 9.082581e-08 9.033727e-08
1.006000e-09 9.035253e-08 8.986776e-08
1.006500e-09 8.988169e-08 8.940067e-08
1.007000e-09 8.941329e-08 8.893599e-08
1.007500e-09 8.894730e-08 8.847370e-08
1.008000e-09 8.848373e-08 8.801379e-08
1.008500e-09 8.802255e-08 8.755625e-08
1.009000e-09 8.756376e-08 8.710107e-08
1.009500e-09 8.710734e-08 8.664824e-08
1.010000e-09 8.665328e-08 8.619774e-08
1.010500e-09 8.620157e-08 8.574956e-08
1.011000e-09 8.575219e-08 8.530370e-08
1.011500e-09 8.530514e-08 8.486013e-08
1.012000e-09 8.486040e-08 8.441885e-08
1.012500e-09 8.441796e-08 8.397984e-08
1.013000e-09 8.397781e-08 8.354310e-08
1.013500e-09 8.353994e-08 8.310860e-08
1.014000e-09 8.310433e-08 8.267635e-08
1.014500e-09 8.267097e-08 8.224633e-08
1.015000e-09 8.223986e-08 8.181853e-08
1.015500e-09 8.181098e-08 8.139293e-08
1.016000e-09 8.138432e-08 8.096953e-08
1.016500e-09 8.095986e-08 8.054831e-08
1.017000e-09 8.053761e-08 8.012926e-08
1.017500e-09 8.011753e-08 7.971238e-08
1.018000e-09 7.969964e-08 7.929765e-08
1.018500e-09 7.928390e-08 7.888505e-08
1.019000e-09 7.887032e-08 7.847459e-08
1.019500e-09 7.845888e-08 7.806624e-08
1.020000e-09 7.804956e-08 7.766000e-08
1.020500e-09 7.764237e-08 7.725585e-08
1.021000e-09 7.723728e-08 7.685380e-08
1.021500e-09 7.683429e-08 7.645381e-08
1.022000e-09 7.643339e-08 7.605589e-08
1.022500e-09 7.603457e-08 7.566003e-08
1.023000e-09 7.563781e-08 7.526621e-08
1.023500e-09 7.524310e-08 7.487442e-08
1.024000e-09 7.485044e-08 7.448465e-08
1.024500e-09 7.445981e-08 7.409690e-08
1.025000e-09 7.407120e-08 7.371115e-08
1.025500e-09 7.368461e-08 7.332739e-08
1.026000e-09 7.330002e-08 7.294561e-08
1.026500e-09 7.291742e-08 7.256580e-08
1.027000e-09 7.253681e-08 7.218795e-08
1.027500e-09 7.215816e-08 7.181206e-08
1.028000e-09 7.178148e-08 7.143811e-08
1.028500e-09 7.140675e-08 7.106608e-08
1.029000e-09 7.103396e-08 7.069598e-08
1.029500e-09 7.066310e-08 7.032780e-08
1.030000e-09 7.029417e-08 6.996151e-08
1.030500e-09 6.992714e-08 6.959711e-08
1.031000e-09 6.956202e-08 6.923460e-08
1.031500e-09 6.919879e-08 6.887396e-08
1.032000e-09 6.883744e-08 6.851519e-08
1.032500e-09 6.847797e-08 6.815827e-08
1.033000e-09 6.812036e-08 6.780319e-08
1.033500e-09 6.776460e-08 6.744995e-08
1.034000e-09 6.741069e-08 6.709853e-08
1.034500e-09 6.705861e-08 6.674893e-08
1.035000e-09 6.670835e-08 6.640113e-08
1.035500e-09 6.635992e-08 6.605514e-08
1.036000e-09 6.601329e-08 6.571093e-08
1.036500e-09 6.566845e-08 6.536850e-08
1.037000e-09 6.532541e-08 6.502784e-08
1.037500e-09 6.498414e-08 6.468895e-08
1.038000e-09 6.464464e-08 6.435180e-08
1.038500e-09 6.430691e-08 6.401640e-08
1.039000e-09 6.397092e-08 6.368273e-08
1.039500e-09 6.363668e-08 6.335079e-08
1.040000e-09 6.330417e-08 6.302057e-08
1.040500e-09 6.297339e-08 6.269205e-08
1.041000e-09 6.264432e-08 6.236523e-08
1.041500e-09 6.231696e-08 6.204010e-08
1.042000e-09 6.199130e-08 6.171665e-08
1.042500e-09 6.166733e-08 6.139488e-08
1.043000e-09 6.134504e-08 6.107477e-08
1.043500e-09 6.102442e-08 6.075632e-08
1.044000e-09 6.070546e-08 6.043951e-08
1.044500e-09 6.038816e-08 6.012435e-08
1.045000e-09 6.007251e-08 5.981081e-08
1.045500e-09 5.975849e-08 5.949890e-08
1.046000e-09 5.944610e-08 5.918860e-08
1.046500e-09 5.913534e-08 5.887990e-08
1.047000e-09 5.882619e-08 5.857281e-08
1.047500e-09 5.851864e-08 5.826730e-08
1.048000e-09 5.821269e-08 5.796337e-08
1.048500e-09 5.790833e-08 5.766102e-08
1.049000e-09 5.760554e-08 5.736023e-08
1.049500e-09 5.730433e-08 5.706100e-08
1.050000e-09 5.700469e-08 5.676332e-08
1.050500e-09 5.670660e-08 5.646718e-08
1.051000e-09 5.641005e-08 5.617257e-08
1.051500e-09 5.611505e-08 5.587949e-08
1.052000e-09 5.582158e-08 5.558792e-08
1.052500e-09 5.552963e-08 5.529787e-08
1.053000e-09 5.523920e-08 5.500931e-08
1.053500e-09 5.495028e-08 5.472225e-08
1.054000e-09 5.466285e-08 5.443668e-08
1.054500e-09 5.437692e-08 5.415259e-08
1.055000e-09 5.409248e-08 5.386997e-08
1.055500e-09 5.380951e-08 5.358881e-08
1.056000e-09 5.352802e-08 5.330911e-08
1.056500e-09 5.324798e-08 5.303085e-08
1.057000e-09 5.296940e-08 5.275404e-08
1.057500e-09 5.269227e-08 5.247866e-08
1.058000e-09 5.241658e-08 5.220471e-08
1.058500e-09 5.214232e-08 5.193218e-08
1.059000e-09 5.186948e-08 5.166106e-08
1.059500e-09 5.159806e-08 5.139135e-08
1.060000e-09 5.132806e-08 5.112303e-08
1.060500e-09 5.105945e-08 5.085610e-08
1.061000e-09 5.079224e-08 5.059056e-08
1.061500e-09 5.052643e-08 5.032639e-08
1.062000e-09 5.026199e-08 5.006359e-08
1.062500e-09 4.999893e-08 4.980216e-08
1.063000e-09 4.973723e-08 4.954208e-08
1.063500e-09 4.947689e-08 4.928334e-08
1.064000e-09 4.921791e-08 4.902595e-08
1.064500e-09 4.896028e-08 4.876990e-08
1.065000e-09 4.870398e-08 4.851517e-08
1.065500e-09 4.844902e-08 4.826176e-08
1.066000e-09 4.819538e-08 4.800966e-08
1.066500e-09 4.794306e-08 4.775887e-08
1.067000e-09 4.769205e-08 4.750939e-08
1.067500e-09 4.744235e-08 4.726119e-08
1.068000e-09 4.719395e-08 4.701429e-08
1.068500e-09 4.694684e-08 4.676866e-08
1.069000e-09 4.670101e-08 4.652431e-08
1.069500e-09 4.645646e-08 4.628122e-08
1.070000e-09 4.621319e-08 4.603940e-08
1.070500e-09 4.597118e-08 4.579883e-08
1.071000e-09 4.573043e-08 4.555951e-08
1.071500e-09 4.549093e-08 4.532143e-08
1.072000e-09 4.525267e-08 4.508458e-08
1.072500e-09 4.501566e-08 4.484897e-08
1.073000e-09 4.477988e-08 4.461457e-08
1.073500e-09 4.454533e-08 4.438139e-08
1.074000e-09 4.431199e-08 4.414943e-08
1.074500e-09 4.407987e-08 4.391866e-08
1.075000e-09 4.384896e-08 4.368910e-08
1.075500e-09 4.361925e-08 4.346072e-08
1.076000e-09 4.339074e-08 4.323353e-08
1.076500e-09 4.316341e-08 4.300752e-08
1.077000e-09 4.293727e-08 4.278268e-08
1.077500e-09 4.271230e-08 4.255901e-08
1.078000e-09 4.248851e-08 4.233650e-08
1.078500e-09 4.226588e-08 4.211515e-08
1.079000e-09 4.204441e-08 4.189494e-08
1.079500e-09 4.182409e-08 4.167588e-08
1.080000e-09 4.160492e-08 4.145795e-08
1.080500e-09 4.138689e-08 4.124116e-08
1.081000e-09 4.117000e-08 4.102549e-08
1.081500e-09 4.095423e-08 4.081095e-08
1.082000e-09 4.073959e-08 4.059751e-08
1.082500e-09 4.052606e-08 4.038519e-08
1.083000e-09 4.031365e-08 4.017396e-08
1.083500e-09 4.010235e-08 3.996384e-08
1.084000e-09 3.989214e-08 3.975480e-08
1.084500e-09 3.968303e-08 3.954685e-08
1.085000e-09 3.947501e-08 3.933998e-08
1.085500e-09 3.926807e-08 3.913419e-08
1.086000e-09 3.906221e-08 3.892947e-08
1.086500e-09 3.885742e-08 3.872580e-08
1.087000e-09 3.865370e-08 3.852320e-08
1.087500e-09 3.845103e-08 3.832165e-08
1.088000e-09 3.824943e-08 3.812115e-08
1.088500e-09 3.804887e-08 3.792168e-08
1.089000e-09 3.784936e-08 3.772326e-08
1.089500e-09 3.765089e-08 3.752586e-08
1.090000e-09 3.745346e-08 3.732950e-08
1.090500e-09 3.725705e-08 3.713415e-08
1.091000e-09 3.706167e-08 3.693981e-08
1.091500e-09 3.686730e-08 3.674649e-08
1.092000e-09 3.667395e-08 3.655417e-08
1.092500e-09 3.648160e-08 3.636285e-08
1.093000e-09 3.629026e-08 3.617253e-08
1.093500e-09 3.609991e-08 3.598320e-08
1.094000e-09 3.591056e-08 3.579485e-08
1.094500e-09 3.572219e-08 3.560747e-08
1.095000e-09 3.553480e-08 3.542108e-08
1.095500e-09 3.534839e-08 3.523565e-08
1.096000e-09 3.516296e-08 3.505119e-08
1.096500e-09 3.497849e-08 3.486768e-08
1.097000e-09 3.479498e-08 3.468513e-08
1.097500e-09 3.461243e-08 3.450353e-08
1.098000e-09 3.443083e-08 3.432287e-08
1.098500e-09 3.425017e-08 3.414315e-08
1.099000e-09 3.407046e-08 3.396437e-08
1.099500e-09 3.389169e-08 3.378652e-08
1.100000e-09 3.371385e-08 3.360959e-08
1.100500e-09 3.353693e-08 3.343358e-08
1.101000e-09 3.336094e-08 3.325849e-08
1.101500e-09 3.318587e-08 3.308431e-08
1.102000e-09 3.301171e-08 3.291104e-08
1.102500e-09 3.283845e-08 3.273866e-08
1.103000e-09 3.266610e-08 3.256718e-08
1.103500e-09 3.249465e-08 3.239660e-08
1.104000e-09 3.232410e-08 3.222690e-08
1.104500e-09 3.215443e-08 3.205809e-08
1.105000e-09 3.198565e-08 3.189015e-08
1.105500e-09 3.181775e-08 3.172309e-08
1.106000e-09 3.165072e-08 3.155690e-08
1.106500e-09 3.148457e-08 3.139157e-08
1.107000e-09 3.131929e-08 3.122710e-08
1.107500e-09 3.115486e-08 3.106349e-08
1.108000e-09 3.099130e-08 3.090073e-08
1.108500e-09 3.082858e-08 3.073882e-08
1.109000e-09 3.066672e-08 3.057775e-08
1.109500e-09 3.050570e-08 3.041752e-08
1.110000e-09 3.034552e-08 3.025812e-08
1.110500e-09 3.018618e-08 3.009956e-08
1.111000e-09 3.002767e-08 2.994182e-08
1.111500e-09 2.986999e-08 2.978490e-08
1.112000e-09 2.971313e-08 2.962879e-08
1.112500e-09 2.955708e-08 2.947350e-08
1.113000e-09 2.940186e-08 2.931902e-08
1.113500e-09 2.924744e-08 2.916534e-08
1.114000e-09 2.909383e-08 2.901247e-08
1.114500e-09 2.894102e-08 2.886038e-08
1.115000e-09 2.878901e-08 2.870910e-08
1.115500e-09 2.863779e-08 2.855859e-08
1.116000e-09 2.848736e-08 2.840888e-08
1.116500e-09 2.833772e-08 2.825994e-08
1.117000e-09 2.818886e-08 2.811178e-08
1.117500e-09 2.804078e-08 2.796439e-08
1.118000e-09 2.789346e-08 2.781777e-08
1.118500e-09 2.774692e-08 2.767191e-08
1.119000e-09 2.760115e-08 2.752681e-08
1.119500e-09 2.745613e-08 2.738247e-08
1.120000e-09 2.731188e-08 2.723888e-08
1.120500e-09 2.716837e-08 2.709604e-08
1.121000e-09 2.702562e-08 2.695394e-08
1.121500e-09 2.688361e-08 2.681258e-08
1.122000e-09 2.674234e-08 2.667196e-08
1.122500e-09 2.660181e-08 2.653207e-08
1.123000e-09 2.646202e-08 2.639291e-08
1.123500e-09 2.632295e-08 2.625448e-08
1.124000e-09 2.618462e-08 2.611677e-08
1.124500e-09 2.604700e-08 2.597977e-08
1.125000e-09 2.591010e-08 2.584349e-08
1.125500e-09 2.577392e-08 2.570792e-08
1.126000e-09 2.563845e-08 2.557306e-08
1.126500e-09 2.550369e-08 2.543890e-08
1.127000e-09 2.536964e-08 2.530544e-08
1.127500e-09 2.523628e-08 2.517267e-08
1.128000e-09 2.510362e-08 2.504060e-08
1.128500e-09 2.497165e-08 2.490922e-08
1.129000e-09 2.484038e-08 2.477852e-08
1.129500e-09 2.470979e-08 2.464850e-08
1.130000e-09 2.457988e-08 2.451916e-08
1.130500e-09 2.445065e-08 2.439050e-08
1.131000e-09 2.432209e-08 2.426250e-08
1.131500e-09 2.419421e-08 2.413518e-08
1.132000e-09 2.406700e-08 2.400851e-08
1.132500e-09 2.394045e-08 2.388251e-08
1.133000e-09 2.381457e-08 2.375717e-08
1.133500e-09 2.368934e-08 2.363248e-08
1.134000e-09 2.356476e-08 2.350843e-08
1.134500e-09 2.344084e-08 2.338504e-08
1.135000e-09 2.331757e-08 2.326229e-08
1.135500e-09 2.319494e-08 2.314018e-08
1.136000e-09 2.307295e-08 2.301871e-08
1.136500e-09 2.295160e-08 2.289787e-08
1.137000e-09 2.283088e-08 2.277766e-08
1.137500e-09 2.271080e-08 2.265808e-08
1.138000e-09 2.259134e-08 2.253912e-08
1.138500e-09 2.247251e-08 2.242079e-08
1.139000e-09 2.235430e-08 2.230307e-08
1.139500e-09 2.223671e-08 2.218596e-08
1.140000e-09 2.211973e-08 2.206947e-08
1.140500e-09 2.200337e-08 2.195359e-08
1.141000e-09 2.188761e-08 2.183830e-08
1.141500e-09 2.177246e-08 2.172363e-08
1.142000e-09 2.165791e-08 2.160955e-08
1.142500e-09 2.154396e-08 2.149606e-08
1.143000e-09 2.143061e-08 2.138317e-08
1.143500e-09 2.131785e-08 2.127086e-08
1.144000e-09 2.120568e-08 2.115915e-08
1.144500e-09 2.109409e-08 2.104801e-08
1.145000e-09 2.098310e-08 2.093746e-08
1.145500e-09 2.087268e-08 2.082748e-08
1.146000e-09 2.076284e-08 2.071808e-08
1.146500e-09 2.065357e-08 2.060925e-08
1.147000e-09 2.054488e-08 2.050099e-08
1.147500e-09 2.043675e-08 2.039329e-08
1.148000e-09 2.032919e-08 2.028616e-08
1.148500e-09 2.022220e-08 2.017958e-08
1.149000e-09 2.011576e-08 2.007356e-08
1.149500e-09 2.000988e-08 1.996810e-08
1.150000e-09 1.990456e-08 1.986318e-08
1.150500e-09 1.979978e-08 1.975882e-08
1.151000e-09 1.969556e-08 1.965499e-08
1.151500e-09 1.959188e-08 1.955172e-08
1.152000e-09 1.948874e-08 1.944898e-08
1.152500e-09 1.938614e-08 1.934677e-08
1.153000e-09 1.928408e-08 1.924510e-08
1.153500e-09 1.918256e-08 1.914397e-08
1.154000e-09 1.908157e-08 1.904336e-08
1.154500e-09 1.898110e-08 1.894327e-08
1.155000e-09 1.888116e-08 1.884371e-08
1.155500e-09 1.878175e-08 1.874467e-08
1.156000e-09 1.868285e-08 1.864615e-08
1.156500e-09 1.858447e-08 1.854814e-08
1.157000e-09 1.848661e-08 1.845064e-08
1.157500e-09 1.838926e-08 1.835366e-08
1.158000e-09 1.829242e-08 1.825718e-08
1.158500e-09 1.819609e-08 1.816120e-08
1.159000e-09 1.810026e-08 1.806573e-08
1.159500e-09 1.800494e-08 1.797075e-08
1.160000e-09 1.791011e-08 1.787627e-08
1.160500e-09 1.781578e-08 1.778229e-08
1.161000e-09 1.772195e-08 1.768880e-08
1.161500e-09 1.762860e-08 1.759579e-08
1.162000e-09 1.753575e-08 1.750327e-08
1.162500e-09 1.744338e-08 1.741124e-08
1.163000e-09 1.735150e-08 1.731968e-08
1.163500e-09 1.726009e-08 1.722861e-08
1.164000e-09 1.716917e-08 1.713801e-08
1.164500e-09 1.707872e-08 1.704788e-08
1.165000e-09 1.698875e-08 1.695823e-08
1.165500e-09 1.689924e-08 1.686905e-08
1.166000e-09 1.681021e-08 1.678033e-08
1.166500e-09 1.672164e-08 1.669207e-08
1.167000e-09 1.663354e-08 1.660428e-08
1.167500e-09 1.654590e-08 1.651694e-08
1.168000e-09 1.645872e-08 1.643007e-08
1.168500e-09 1.637200e-08 1.634364e-08
1.169000e-09 1.628573e-08 1.625767e-08
1.169500e-09 1.619991e-08 1.617215e-08
1.170000e-09 1.611454e-08 1.608708e-08
1.170500e-09 1.602962e-08 1.600245e-08
1.171000e-09 1.594514e-08 1.591826e-08
1.171500e-09 1.586111e-08 1.583451e-08
1.172000e-09 1.577752e-08 1.575121e-08
1.172500e-09 1.569436e-08 1.566833e-08
1.173000e-09 1.561165e-08 1.558590e-08
1.173500e-09 1.552936e-08 1.550389e-08
1.174000e-09 1.544751e-08 1.542231e-08
1.174500e-09 1.536609e-08 1.534116e-08
1.175000e-09 1.528509e-08 1.526043e-08
1.175500e-09 1.520452e-08 1.518013e-08
1.176000e-09 1.512437e-08 1.510024e-08
1.176500e-09 1.504464e-08 1.502078e-08
1.177000e-09 1.496533e-08 1.494173e-08
1.177500e-09 1.488643e-08 1.486309e-08
1.178000e-09 1.480795e-08 1.478487e-08
1.178500e-09 1.472988e-08 1.470705e-08
1.179000e-09 1.465222e-08 1.462964e-08
1.179500e-09 1.457497e-08 1.455264e-08
1.180000e-09 1.449812e-08 1.447604e-08
1.180500e-09 1.442168e-08 1.439984e-08
1.181000e-09 1.434563e-08 1.432404e-08
1.181500e-09 1.426999e-08 1.424864e-08
1.182000e-09 1.419474e-08 1.417363e-08
1.182500e-09 1.411989e-08 1.409901e-08
1.183000e-09 1.404543e-08 1.402479e-08
1.183500e-09 1.397136e-08 1.395095e-08
1.184000e-09 1.389768e-08 1.387750e-08
1.184500e-09 1.382438e-08 1.380444e-08
1.185000e-09 1.375147e-08 1.373175e-08
1.185500e-09 1.367895e-08 1.365945e-08
1.186000e-09 1.360680e-08 1.358753e-08
1.186500e-09 1.353503e-08 1.351598e-08
1.187000e-09 1.346364e-08 1.344481e-08
1.187500e-09 1.339262e-08 1.337401e-08
1.188000e-09 1.332198e-08 1.330358e-08
1.188500e-09 1.325171e-08 1.323352e-08
1.189000e-09 1.318180e-08 1.316383e-08
1.189500e-09 1.311226e-08 1.309450e-08
1.190000e-09 1.304309e-08 1.302554e-08
1.190500e-09 1.297428e-08 1.295693e-08
1.191000e-09 1.290583e-08 1.288869e-08
1.191500e-09 1.283774e-08 1.282080e-08
1.192000e-09 1.277001e-08 1.275327e-08
1.192500e-09 1.270264e-08 1.268609e-08
1.193000e-09 1.263561e-08 1.261927e-08
1.193500e-09 1.256894e-08 1.255279e-08
1.194000e-09 1.250262e-08 1.248667e-08
1.194500e-09 1.243665e-08 1.242089e-08
1.195000e-09 1.237102e-08 1.235545e-08
1.195500e-09 1.230574e-08 1.229036e-08
1.196000e-09 1.224080e-08 1.222561e-08
1.196500e-09 1.217621e-08 1.216120e-08
1.197000e-09 1.211195e-08 1.209712e-08
1.197500e-09 1.204803e-08 1.203338e-08
1.198000e-09 1.198444e-08 1.196998e-08
1.198500e-09 1.192119e-08 1.190691e-08
1.199000e-09 1.185827e-08 1.184416e-08
1.199500e-09 1.179568e-08 1.178175e-08
1.200000e-09 1.173342e-08 1.171966e-08
