0.000000e+00 0 0
5.000000e-13 0 0
1.000000e-12 0 0
1.500000e-12 0 0
2.000000e-12 0 0
2.500000e-12 0 0
3.000000e-12 0 0
3.500000e-12 0 0
4.000000e-12 0 0
4.500000e-12 0 0
5.000000e-12 0 0
5.500000e-12 0 0
6.000000e-12 0 0
6.500000e-12 0 0
7.000000e-12 0 0
7.500000e-12 0 0
8.000000e-12 0 0
8.500000e-12 0 0
9.000000e-12 0 0
9.500000e-12 0 0
1.000000e-11 0 0
1.050000e-11 0 0
1.100000e-11 0 0
1.150000e-11 0 0
1.200000e-11 0 0
1.250000e-11 0 0
1.300000e-11 0 0
1.350000e-11 0 0
1.400000e-11 0 0
1.450000e-11 0 0
1.500000e-11 0 0
1.550000e-11 0 0
1.600000e-11 0 0
1.650000e-11 0 0
1.700000e-11 0 0
1.750000e-11 0 0
1.800000e-11 0 0
1.850000e-11 0 0
1.900000e-11 0 0
1.950000e-11 0 0
2.000000e-11 0 0
2.050000e-11 0 0
2.100000e-11 0 0
2.150000e-11 0 0
2.200000e-11 0 0
2.250000e-11 0 0
2.300000e-11 0 0
2.350000e-11 0 0
2.400000e-11 0 0
2.450000e-11 0 0
2.500000e-11 0 0
2.550000e-11 0 0
2.600000e-11 0 0
2.650000e-11 0 0
2.700000e-11 0 0
2.750000e-11 0 0
2.800000e-11 0 0
2.850000e-11 0 0
2.900000e-11 0 0
2.950000e-11 0 0
3.000000e-11 0 0
3.050000e-11 0 0
3.100000e-11 0 0
3.150000e-11 0 0
3.200000e-11 0 0
3.250000e-11 0 0
3.300000e-11 0 0
3.350000e-11 0 0
3.400000e-11 0 0
3.450000e-11 0 0
3.500000e-11 0 0
3.550000e-11 0 0
3.600000e-11 0 0
3.650000e-11 0 0
3.700000e-11 0 0
3.750000e-11 0 0
3.800000e-11 0 0
3.850000e-11 0 0
3.900000e-11 0 0
3.950000e-11 0 0
4.000000e-11 0 0
4.050000e-11 0 0
4.100000e-11 0 0
4.150000e-11 0 0
4.200000e-11 0 0
4.250000e-11 0 0
4.300000e-11 0 0
4.350000e-11 0 0
4.400000e-11 0 0
4.450000e-11 0 0
4.500000e-11 0 0
4.550000e-11 0 0
4.600000e-11 0 0
4.650000e-11 0 0
4.700000e-11 0 0
4.750000e-11 0 0
4.800000e-11 0 0
4.850000e-11 0 0
4.900000e-11 0 0
4.950000e-11 0 0
5.000000e-11 0 0
5.050000e-11 0 0
5.100000e-11 0 0
5.150000e-11 0 0
5.200000e-11 0 0
5.250000e-11 0 0
5.300000e-11 0 0
5.350000e-11 0 0
5.400000e-11 0 0
5.450000e-11 0 0
5.500000e-11 0 0
5.550000e-11 0 0
5.600000e-11 0 0
5.650000e-11 0 0
5.700000e-11 0 0
5.750000e-11 0 0
5.800000e-11 0 0
5.850000e-11 0 0
5.900000e-11 0 0
5.950000e-11 0 0
6.000000e-11 0 0
6.050000e-11 0 0
6.100000e-11 0 0
6.150000e-11 0 0
6.200000e-11 0 0
6.250000e-11 0 0
6.300000e-11 0 0
6.350000e-11 0 0
6.400000e-11 0 0
6.450000e-11 0 0
6.500000e-11 0 0
6.550000e-11 0 0
6.600000e-11 0 0
6.650000e-11 0 0
6.700000e-11 0 0
6.750000e-11 0 0
6.800000e-11 0 0
6.850000e-11 0 0
6.900000e-11 0 0
6.950000e-11 0 0
7.000000e-11 0 0
7.050000e-11 0 0
7.100000e-11 0 0
7.150000e-11 0 0
7.200000e-11 0 0
7.250000e-11 0 0
7.300000e-11 0 0
7.350000e-11 0 0
7.400000e-11 0 0
7.450000e-11 0 0
7.500000e-11 0 0
7.550000e-11 0 0
7.600000e-11 0 0
7.650000e-11 0 0
7.700000e-11 0 0
7.750000e-11 0 0
7.800000e-11 0 0
7.850000e-11 0 0
7.900000e-11 0 0
7.950000e-11 0 0
8.000000e-11 0 0
8.050000e-11 0 0
8.100000e-11 0 0
8.150000e-11 0 0
8.200000e-11 0 0
8.250000e-11 0 0
8.300000e-11 0 0
8.350000e-11 0 0
8.400000e-11 0 0
8.450000e-11 0 0
8.500000e-11 0 0
8.550000e-11 0 0
8.600000e-11 0 0
8.650000e-11 0 0
8.700000e-11 0 0
8.750000e-11 0 0
8.800000e-11 0 0
8.850000e-11 0 0
8.900000e-11 0 0
8.950000e-11 0 0
9.000000e-11 0 0
9.050000e-11 0 0
9.100000e-11 0 0
9.150000e-11 0 0
9.200000e-11 0 0
9.250000e-11 0 0
9.300000e-11 0 0
9.350000e-11 0 0
9.400000e-11 0 0
9.450000e-11 0 0
9.500000e-11 0 0
9.550000e-11 0 0
9.600000e-11 0 0
9.650000e-11 0 0
9.700000e-11 0 0
9.750000e-11 0 0
9.800000e-11 0 0
9.850000e-11 0 0
9.900000e-11 0 0
9.950000e-11 0 0
1.000000e-10 0 0
1.005000e-10 0 0
1.010000e-10 0 0
1.015000e-10 0 0
1.020000e-10 0 0
1.025000e-10 0 0
1.030000e-10 0 0
1.035000e-10 0 0
1.040000e-10 0 0
1.045000e-10 0 0
1.050000e-10 0 0
1.055000e-10 0 0
1.060000e-10 0 0
1.065000e-10 0 0
1.070000e-10 0 0
1.075000e-10 0 0
1.080000e-10 0 0
1.085000e-10 0 0
1.090000e-10 0 0
1.095000e-10 0 0
1.100000e-10 0 0
1.105000e-10 0 0
1.110000e-10 0 0
1.115000e-10 0 0
1.120000e-10 0 0
1.125000e-10 0 0
1.130000e-10 0 0
1.135000e-10 0 0
1.140000e-10 0 0
1.145000e-10 0 0
1.150000e-10 0 0
1.155000e-10 0 0
1.160000e-10 0 0
1.165000e-10 0 0
1.170000e-10 0 0
1.175000e-10 0 0
1.180000e-10 0 0
1.185000e-10 0 0
1.190000e-10 0 0
1.195000e-10 0 0
1.200000e-10 0 0
1.205000e-10 0 0
1.210000e-10 0 0
1.215000e-10 0 0
1.220000e-10 0 0
1.225000e-10 0 0
1.230000e-10 0 0
1.235000e-10 0 0
1.240000e-10 0 0
1.245000e-10 0 0
1.250000e-10 0 0
1.255000e-10 0 0
1.260000e-10 0 0
1.265000e-10 0 0
1.270000e-10 0 0
1.275000e-10 0 0
1.280000e-10 0 0
1.285000e-10 0 0
1.290000e-10 0 0
1.295000e-10 0 0
1.300000e-10 0 0
1.305000e-10 0 0
1.310000e-10 0 0
1.315000e-10 0 0
1.320000e-10 0 0
1.325000e-10 0 0
1.330000e-10 0 0
1.335000e-10 0 0
1.340000e-10 0 0
1.345000e-10 0 0
1.350000e-10 0 0
1.355000e-10 0 0
1.360000e-10 0 0
1.365000e-10 0 0
1.370000e-10 0 0
1.375000e-10 0 0
1.380000e-10 0 0
1.385000e-10 0 0
1.390000e-10 0 0
1.395000e-10 0 0
1.400000e-10 0 0
1.405000e-10 0 0
1.410000e-10 0 0
1.415000e-10 0 0
1.420000e-10 0 0
1.425000e-10 0 0
1.430000e-10 0 0
1.435000e-10 0 0
1.440000e-10 0 0
1.445000e-10 0 0
1.450000e-10 0 0
1.455000e-10 0 0
1.460000e-10 0 0
1.465000e-10 0 0
1.470000e-10 0 0
1.475000e-10 0 0
1.480000e-10 0 0
1.485000e-10 0 0
1.490000e-10 0 0
1.495000e-10 0 0
1.500000e-10 0 0
1.505000e-10 0 0
1.510000e-10 0 0
1.515000e-10 0 0
1.520000e-10 0 0
1.525000e-10 0 0
1.530000e-10 0 0
1.535000e-10 0 0
1.540000e-10 0 0
1.545000e-10 0 0
1.550000e-10 0 0
1.555000e-10 0 0
1.560000e-10 0 0
1.565000e-10 0 0
1.570000e-10 0 0
1.575000e-10 0 0
1.580000e-10 0 0
1.585000e-10 0 0
1.590000e-10 0 0
1.595000e-10 0 0
1.600000e-10 0 0
1.605000e-10 0 0
1.610000e-10 0 0
1.615000e-10 0 0
1.620000e-10 0 0
1.625000e-10 0 0
1.630000e-10 0 0
1.635000e-10 0 0
1.640000e-10 0 0
1.645000e-10 0 0
1.650000e-10 0 0
1.655000e-10 0 0
1.660000e-10 0 0
1.665000e-10 0 0
1.670000e-10 0 0
1.675000e-10 0 0
1.680000e-10 0 0
1.685000e-10 0 0
1.690000e-10 0 0
1.695000e-10 0 0
1.700000e-10 0 0
1.705000e-10 0 0
1.710000e-10 0 0
1.715000e-10 0 0
1.720000e-10 0 0
1.725000e-10 0 0
1.730000e-10 0 0
1.735000e-10 0 0
1.740000e-10 0 0
1.745000e-10 0 0
1.750000e-10 0 0
1.755000e-10 0 0
1.760000e-10 0 0
1.765000e-10 0 0
1.770000e-10 0 0
1.775000e-10 0 0
1.780000e-10 0 0
1.785000e-10 0 0
1.790000e-10 0 0
1.795000e-10 0 0
1.800000e-10 0 0
1.805000e-10 0 0
1.810000e-10 0 0
1.815000e-10 0 0
1.820000e-10 0 0
1.825000e-10 0 0
1.830000e-10 0 0
1.835000e-10 0 0
1.840000e-10 0 0
1.845000e-10 0 0
1.850000e-10 0 0
1.855000e-10 0 0
1.860000e-10 0 0
1.865000e-10 0 0
1.870000e-10 0 0
1.875000e-10 0 0
1.880000e-10 0 0
1.885000e-10 0 0
1.890000e-10 0 0
1.895000e-10 0 0
1.900000e-10 0 0
1.905000e-10 0 0
1.910000e-10 0 0
1.915000e-10 0 0
1.920000e-10 0 0
1.925000e-10 0 0
1.930000e-10 0 0
1.935000e-10 0 0
1.940000e-10 0 0
1.945000e-10 0 0
1.950000e-10 0 0
1.955000e-10 0 0
1.960000e-10 0 0
1.965000e-10 0 0
1.970000e-10 0 0
1.975000e-10 0 0
1.980000e-10 0 0
1.985000e-10 0 0
1.990000e-10 0 0
1.995000e-10 0 0
2.000000e-10 0 0
2.005000e-10 0 0
2.010000e-10 0 0
2.015000e-10 0 0
2.020000e-10 0 0
2.025000e-10 0 0
2.030000e-10 0 0
2.035000e-10 0 0
2.040000e-10 0 0
2.045000e-10 0 0
2.050000e-10 0 0
2.055000e-10 0 0
2.060000e-10 0 0
2.065000e-10 0 0
2.070000e-10 0 0
2.075000e-10 0 0
2.080000e-10 0 0
2.085000e-10 0 0
2.090000e-10 0 0
2.095000e-10 0 0
2.100000e-10 0 0
2.105000e-10 0 0
2.110000e-10 0 0
2.115000e-10 0 0
2.120000e-10 0 0
2.125000e-10 0 0
2.130000e-10 0 0
2.135000e-10 0 0
2.140000e-10 0 0
2.145000e-10 0 0
2.150000e-10 0 0
2.155000e-10 0 0
2.160000e-10 0 0
2.165000e-10 0 0
2.170000e-10 0 0
2.175000e-10 0 0
2.180000e-10 0 0
2.185000e-10 0 0
2.190000e-10 0 0
2.195000e-10 0 0
2.200000e-10 0 0
2.205000e-10 0 0
2.210000e-10 0 0
2.215000e-10 0 0
2.220000e-10 0 0
2.225000e-10 0 0
2.230000e-10 0 0
2.235000e-10 0 0
2.240000e-10 0 0
2.245000e-10 0 0
2.250000e-10 0 0
2.255000e-10 0 0
2.260000e-10 0 0
2.265000e-10 0 0
2.270000e-10 0 0
2.275000e-10 0 0
2.280000e-10 0 0
2.285000e-10 0 0
2.290000e-10 0 0
2.295000e-10 0 0
2.300000e-10 0 0
2.305000e-10 0 0
2.310000e-10 0 0
2.315000e-10 0 0
2.320000e-10 0 0
2.325000e-10 0 0
2.330000e-10 0 0
2.335000e-10 0 0
2.340000e-10 0 0
2.345000e-10 0 0
2.350000e-10 0 0
2.355000e-10 0 0
2.360000e-10 0 0
2.365000e-10 0 0
2.370000e-10 0 0
2.375000e-10 0 0
2.380000e-10 0 0
2.385000e-10 0 0
2.390000e-10 0 0
2.395000e-10 0 0
2.400000e-10 0 0
2.405000e-10 0 0
2.410000e-10 0 0
2.415000e-10 0 0
2.420000e-10 0 0
2.425000e-10 0 0
2.430000e-10 0 0
2.435000e-10 0 0
2.440000e-10 0 0
2.445000e-10 0 0
2.450000e-10 0 0
2.455000e-10 0 0
2.460000e-10 0 0
2.465000e-10 0 0
2.470000e-10 0 0
2.475000e-10 0 0
2.480000e-10 0 0
2.485000e-10 0 0
2.490000e-10 0 0
2.495000e-10 0 0
2.505000e-10 0.000000e+00 0
2.510000e-10 8.363847e-06 0
2.515000e-10 1.176273e-05 0
2.520000e-10 1.432654e-05 0
2.525000e-10 1.645121e-05 0
2.530000e-10 1.829111e-05 0
2.535000e-10 1.992590e-05 0
2.540000e-10 2.140319e-05 0
2.545000e-10 2.275421e-05 0
2.550000e-10 2.400078e-05 0
2.555000e-10 2.515888e-05 0
2.560000e-10 2.624067e-05 0
2.565000e-10 2.725565e-05 0
2.570000e-10 2.821141e-05 0
2.575000e-10 2.911417e-05 0
2.580000e-10 2.996907e-05 0
2.585000e-10 3.078044e-05 0
2.590000e-10 3.155198e-05 0
2.595000e-10 3.228685e-05 0
2.600000e-10 3.298780e-05 0
2.605000e-10 3.365727e-05 0
2.610000e-10 3.429737e-05 0
2.615000e-10 3.490999e-05 0
2.620000e-10 3.549683e-05 0
2.625000e-10 3.605940e-05 0
2.630000e-10 3.659908e-05 0
2.635000e-10 3.711710e-05 0
2.640000e-10 3.761461e-05 0
2.645000e-10 3.809263e-05 0
2.650000e-10 3.855211e-05 0
2.655000e-10 3.899393e-05 0
2.660000e-10 3.941890e-05 0
2.665000e-10 3.982776e-05 0
2.670000e-10 4.022121e-05 0
2.675000e-10 4.059989e-05 0
2.680000e-10 4.096441e-05 0
2.685000e-10 4.131532e-05 0
2.690000e-10 4.165317e-05 0
2.695000e-10 4.197843e-05 0
2.700000e-10 4.229159e-05 0
2.705000e-10 4.259307e-05 0
2.710000e-10 4.288329e-05 0
2.715000e-10 4.316265e-05 0
2.720000e-10 4.343151e-05 0
2.725000e-10 4.369022e-05 0
2.730000e-10 4.393913e-05 0
2.735000e-10 4.417854e-05 0
2.740000e-10 4.440876e-05 0
2.745000e-10 4.463007e-05 0
2.750000e-10 4.484275e-05 0
2.755000e-10 4.504706e-05 0
2.760000e-10 4.524325e-05 0
2.765000e-10 4.543156e-05 0
2.770000e-10 4.561221e-05 0
2.775000e-10 4.578543e-05 0
2.780000e-10 4.595143e-05 0
2.785000e-10 4.611041e-05 0
2.790000e-10 4.626256e-05 0
2.795000e-10 4.640807e-05 0
2.800000e-10 4.654711e-05 0
2.805000e-10 4.667987e-05 0.000000e+00
2.810000e-10 4.680650e-05 7.434530e-06
2.815000e-10 4.692717e-05 1.045576e-05
2.820000e-10 4.704203e-05 1.273470e-05
2.825000e-10 4.715122e-05 1.462330e-05
2.830000e-10 4.725491e-05 1.625876e-05
2.835000e-10 4.735321e-05 1.771191e-05
2.840000e-10 4.744628e-05 1.902506e-05
2.845000e-10 4.753423e-05 2.022597e-05
2.850000e-10 4.761719e-05 2.133403e-05
2.855000e-10 4.769529e-05 2.236345e-05
2.860000e-10 4.776865e-05 2.332504e-05
2.865000e-10 4.783737e-05 2.422724e-05
2.870000e-10 4.790156e-05 2.507681e-05
2.875000e-10 4.796135e-05 2.587926e-05
2.880000e-10 4.801682e-05 2.663917e-05
2.885000e-10 4.806809e-05 2.736039e-05
2.890000e-10 4.811524e-05 2.804620e-05
2.895000e-10 4.815838e-05 2.869942e-05
2.900000e-10 4.819759e-05 2.932249e-05
2.905000e-10 4.823297e-05 2.991757e-05
2.910000e-10 4.826461e-05 3.048655e-05
2.915000e-10 4.829259e-05 3.103110e-05
2.920000e-10 4.831699e-05 3.155274e-05
2.925000e-10 4.833789e-05 3.205280e-05
2.930000e-10 4.835538e-05 3.253251e-05
2.935000e-10 4.836952e-05 3.299298e-05
2.940000e-10 4.838040e-05 3.343521e-05
2.945000e-10 4.838808e-05 3.386011e-05
2.950000e-10 4.839264e-05 3.426854e-05
2.955000e-10 4.839414e-05 3.466127e-05
2.960000e-10 4.839266e-05 3.503902e-05
2.965000e-10 4.838826e-05 3.540245e-05
2.970000e-10 4.838100e-05 3.575219e-05
2.975000e-10 4.837094e-05 3.608879e-05
2.980000e-10 4.835814e-05 3.641281e-05
2.985000e-10 4.834268e-05 3.672473e-05
2.990000e-10 4.832459e-05 3.702504e-05
2.995000e-10 4.830395e-05 3.731416e-05
3.000000e-10 4.828080e-05 3.759252e-05
3.005000e-10 4.825520e-05 3.786050e-05
3.010000e-10 4.822720e-05 3.811848e-05
3.015000e-10 4.819685e-05 3.836680e-05
3.020000e-10 4.816421e-05 3.860578e-05
3.025000e-10 4.812933e-05 3.883575e-05
3.030000e-10 4.809224e-05 3.905700e-05
3.035000e-10 4.805300e-05 3.926981e-05
3.040000e-10 4.801166e-05 3.947445e-05
3.045000e-10 4.796826e-05 3.967117e-05
3.050000e-10 4.792285e-05 3.986022e-05
3.055000e-10 4.787546e-05 4.004183e-05
3.060000e-10 4.782614e-05 4.021622e-05
3.065000e-10 4.777494e-05 4.038361e-05
3.070000e-10 4.772189e-05 4.054419e-05
3.075000e-10 4.766703e-05 4.069816e-05
3.080000e-10 4.761040e-05 4.084572e-05
3.085000e-10 4.755204e-05 4.098703e-05
3.090000e-10 4.749199e-05 4.112227e-05
3.095000e-10 4.743028e-05 4.125161e-05
3.100000e-10 4.736695e-05 4.137521e-05
3.105000e-10 4.730203e-05 4.149321e-05
3.110000e-10 4.723556e-05 4.160578e-05
3.115000e-10 4.716758e-05 4.171304e-05
3.120000e-10 4.709811e-05 4.181513e-05
3.125000e-10 4.702719e-05 4.191220e-05
3.130000e-10 4.695485e-05 4.200436e-05
3.135000e-10 4.688112e-05 4.209175e-05
3.140000e-10 4.680603e-05 4.217447e-05
3.145000e-10 4.672961e-05 4.225265e-05
3.150000e-10 4.665189e-05 4.232639e-05
3.155000e-10 4.657291e-05 4.239582e-05
3.160000e-10 4.649268e-05 4.246102e-05
3.165000e-10 4.641124e-05 4.252210e-05
3.170000e-10 4.632861e-05 4.257917e-05
3.175000e-10 4.624482e-05 4.263231e-05
3.180000e-10 4.615990e-05 4.268162e-05
3.185000e-10 4.607387e-05 4.272719e-05
3.190000e-10 4.598675e-05 4.276910e-05
3.195000e-10 4.589858e-05 4.280745e-05
3.200000e-10 4.580937e-05 4.284230e-05
3.205000e-10 4.571916e-05 4.287375e-05
3.210000e-10 4.562796e-05 4.290188e-05
3.215000e-10 4.553579e-05 4.292674e-05
3.220000e-10 4.544269e-05 4.294843e-05
3.225000e-10 4.534866e-05 4.296701e-05
3.230000e-10 4.525374e-05 4.298256e-05
3.235000e-10 4.515794e-05 4.299513e-05
3.240000e-10 4.506129e-05 4.300480e-05
3.245000e-10 4.496381e-05 4.301163e-05
3.250000e-10 4.486551e-05 4.301568e-05
3.255000e-10 4.476642e-05 4.301702e-05
3.260000e-10 4.466656e-05 4.301570e-05
3.265000e-10 4.456594e-05 4.301178e-05
3.270000e-10 4.446458e-05 4.300533e-05
3.275000e-10 4.436251e-05 4.299639e-05
3.280000e-10 4.425974e-05 4.298502e-05
3.285000e-10 4.415629e-05 4.297127e-05
3.290000e-10 4.405217e-05 4.295519e-05
3.295000e-10 4.394741e-05 4.293684e-05
3.300000e-10 4.384202e-05 4.291626e-05
3.305000e-10 4.373602e-05 4.289351e-05
3.310000e-10 4.362942e-05 4.286862e-05
3.315000e-10 4.352224e-05 4.284165e-05
3.320000e-10 4.341450e-05 4.281263e-05
3.325000e-10 4.330621e-05 4.278162e-05
3.330000e-10 4.319739e-05 4.274866e-05
3.335000e-10 4.308805e-05 4.271378e-05
3.340000e-10 4.297820e-05 4.267703e-05
3.345000e-10 4.286787e-05 4.263846e-05
3.350000e-10 4.275707e-05 4.259809e-05
3.355000e-10 4.264580e-05 4.255597e-05
3.360000e-10 4.253409e-05 4.251213e-05
3.365000e-10 4.242194e-05 4.246661e-05
3.370000e-10 4.230937e-05 4.241945e-05
3.375000e-10 4.219640e-05 4.237069e-05
3.380000e-10 4.208304e-05 4.232035e-05
3.385000e-10 4.196929e-05 4.226848e-05
3.390000e-10 4.185518e-05 4.221510e-05
3.395000e-10 4.174071e-05 4.216025e-05
3.400000e-10 4.162590e-05 4.210395e-05
3.405000e-10 4.151075e-05 4.204625e-05
3.410000e-10 4.139528e-05 4.198717e-05
3.415000e-10 4.127951e-05 4.192674e-05
3.420000e-10 4.116344e-05 4.186499e-05
3.425000e-10 4.104708e-05 4.180194e-05
3.430000e-10 4.093044e-05 4.173764e-05
3.435000e-10 4.081354e-05 4.167210e-05
3.440000e-10 4.069639e-05 4.160536e-05
3.445000e-10 4.057899e-05 4.153743e-05
3.450000e-10 4.046136e-05 4.146835e-05
3.455000e-10 4.034351e-05 4.139814e-05
3.460000e-10 4.022544e-05 4.132683e-05
3.465000e-10 4.010717e-05 4.125443e-05
3.470000e-10 3.998870e-05 4.118099e-05
3.475000e-10 3.987005e-05 4.110651e-05
3.480000e-10 3.975122e-05 4.103102e-05
3.485000e-10 3.963222e-05 4.095455e-05
3.490000e-10 3.951307e-05 4.087711e-05
3.495000e-10 3.939376e-05 4.079874e-05
3.500000e-10 3.927432e-05 4.071944e-05
3.505000e-10 3.915474e-05 4.063925e-05
3.510000e-10 3.903504e-05 4.055818e-05
3.515000e-10 3.891523e-05 4.047626e-05
3.520000e-10 3.879530e-05 4.039350e-05
3.525000e-10 3.867528e-05 4.030992e-05
3.530000e-10 3.855517e-05 4.022555e-05
3.535000e-10 3.843497e-05 4.014039e-05
3.540000e-10 3.831469e-05 4.005448e-05
3.545000e-10 3.819435e-05 3.996783e-05
3.550000e-10 3.807394e-05 3.988045e-05
3.555000e-10 3.795348e-05 3.979237e-05
3.560000e-10 3.783297e-05 3.970361e-05
3.565000e-10 3.771242e-05 3.961417e-05
3.570000e-10 3.759183e-05 3.952407e-05
3.575000e-10 3.747122e-05 3.943334e-05
3.580000e-10 3.735058e-05 3.934199e-05
3.585000e-10 3.722994e-05 3.925003e-05
3.590000e-10 3.710928e-05 3.915749e-05
3.595000e-10 3.698862e-05 3.906437e-05
3.600000e-10 3.686797e-05 3.897069e-05
3.605000e-10 3.674733e-05 3.887646e-05
3.610000e-10 3.662670e-05 3.878171e-05
3.615000e-10 3.650610e-05 3.868644e-05
3.620000e-10 3.638552e-05 3.859067e-05
3.625000e-10 3.626498e-05 3.849441e-05
3.630000e-10 3.614448e-05 3.839768e-05
3.635000e-10 3.602402e-05 3.830049e-05
3.640000e-10 3.590361e-05 3.820285e-05
3.645000e-10 3.578326e-05 3.810478e-05
3.650000e-10 3.566297e-05 3.800628e-05
3.655000e-10 3.554274e-05 3.790738e-05
3.660000e-10 3.542258e-05 3.780808e-05
3.665000e-10 3.530250e-05 3.770839e-05
3.670000e-10 3.518250e-05 3.760833e-05
3.675000e-10 3.506258e-05 3.750791e-05
3.680000e-10 3.494276e-05 3.740714e-05
3.685000e-10 3.482302e-05 3.730604e-05
3.690000e-10 3.470339e-05 3.720460e-05
3.695000e-10 3.458386e-05 3.710285e-05
3.700000e-10 3.446444e-05 3.700080e-05
3.705000e-10 3.434513e-05 3.689844e-05
3.710000e-10 3.422593e-05 3.679581e-05
3.715000e-10 3.410686e-05 3.669290e-05
3.720000e-10 3.398790e-05 3.658972e-05
3.725000e-10 3.386908e-05 3.648629e-05
3.730000e-10 3.375039e-05 3.638262e-05
3.735000e-10 3.363184e-05 3.627871e-05
3.740000e-10 3.351342e-05 3.617457e-05
3.745000e-10 3.339515e-05 3.607022e-05
3.750000e-10 3.327702e-05 3.596566e-05
3.755000e-10 3.315905e-05 3.586090e-05
3.760000e-10 3.304122e-05 3.575595e-05
3.765000e-10 3.292356e-05 3.565081e-05
3.770000e-10 3.280606e-05 3.554551e-05
3.775000e-10 3.268872e-05 3.544004e-05
3.780000e-10 3.257155e-05 3.533441e-05
3.785000e-10 3.245455e-05 3.522864e-05
3.790000e-10 3.233772e-05 3.512273e-05
3.795000e-10 3.222107e-05 3.501668e-05
3.800000e-10 3.210459e-05 3.491051e-05
3.805000e-10 3.198831e-05 3.480422e-05
3.810000e-10 3.187220e-05 3.469782e-05
3.815000e-10 3.175629e-05 3.459131e-05
3.820000e-10 3.164056e-05 3.448471e-05
3.825000e-10 3.152503e-05 3.437803e-05
3.830000e-10 3.140970e-05 3.427126e-05
3.835000e-10 3.129456e-05 3.416441e-05
3.840000e-10 3.117963e-05 3.405750e-05
3.845000e-10 3.106490e-05 3.395053e-05
3.850000e-10 3.095038e-05 3.384350e-05
3.855000e-10 3.083607e-05 3.373642e-05
3.860000e-10 3.072196e-05 3.362930e-05
3.865000e-10 3.060808e-05 3.352215e-05
3.870000e-10 3.049441e-05 3.341496e-05
3.875000e-10 3.038095e-05 3.330775e-05
3.880000e-10 3.026772e-05 3.320052e-05
3.885000e-10 3.015471e-05 3.309328e-05
3.890000e-10 3.004192e-05 3.298603e-05
3.895000e-10 2.992937e-05 3.287878e-05
3.900000e-10 2.981704e-05 3.277153e-05
3.905000e-10 2.970494e-05 3.266429e-05
3.910000e-10 2.959307e-05 3.255707e-05
3.915000e-10 2.948144e-05 3.244987e-05
3.920000e-10 2.937004e-05 3.234269e-05
3.925000e-10 2.925889e-05 3.223554e-05
3.930000e-10 2.914797e-05 3.212843e-05
3.935000e-10 2.903729e-05 3.202135e-05
3.940000e-10 2.892686e-05 3.191432e-05
3.945000e-10 2.881668e-05 3.180734e-05
3.950000e-10 2.870674e-05 3.170041e-05
3.955000e-10 2.859704e-05 3.159355e-05
3.960000e-10 2.848760e-05 3.148674e-05
3.965000e-10 2.837841e-05 3.138000e-05
3.970000e-10 2.826947e-05 3.127333e-05
3.975000e-10 2.816079e-05 3.116674e-05
3.980000e-10 2.805236e-05 3.106023e-05
3.985000e-10 2.794419e-05 3.095380e-05
3.990000e-10 2.783628e-05 3.084746e-05
3.995000e-10 2.772862e-05 3.074121e-05
4.000000e-10 2.762123e-05 3.063506e-05
4.005000e-10 2.751410e-05 3.052900e-05
4.010000e-10 2.740723e-05 3.042305e-05
4.015000e-10 2.730063e-05 3.031721e-05
4.020000e-10 2.719429e-05 3.021147e-05
4.025000e-10 2.708822e-05 3.010585e-05
4.030000e-10 2.698242e-05 3.000035e-05
4.035000e-10 2.687688e-05 2.989496e-05
4.040000e-10 2.677162e-05 2.978971e-05
4.045000e-10 2.666662e-05 2.968458e-05
4.050000e-10 2.656190e-05 2.957957e-05
4.055000e-10 2.645745e-05 2.947471e-05
4.060000e-10 2.635328e-05 2.936998e-05
4.065000e-10 2.624938e-05 2.926539e-05
4.070000e-10 2.614575e-05 2.916094e-05
4.075000e-10 2.604240e-05 2.905664e-05
4.080000e-10 2.593933e-05 2.895249e-05
4.085000e-10 2.583653e-05 2.884848e-05
4.090000e-10 2.573402e-05 2.874464e-05
4.095000e-10 2.563178e-05 2.864095e-05
4.100000e-10 2.552982e-05 2.853742e-05
4.105000e-10 2.542815e-05 2.843405e-05
4.110000e-10 2.532675e-05 2.833085e-05
4.115000e-10 2.522564e-05 2.822781e-05
4.120000e-10 2.512481e-05 2.812494e-05
4.125000e-10 2.502426e-05 2.802225e-05
4.130000e-10 2.492400e-05 2.791973e-05
4.135000e-10 2.482402e-05 2.781739e-05
4.140000e-10 2.472432e-05 2.771523e-05
4.145000e-10 2.462491e-05 2.761325e-05
4.150000e-10 2.452579e-05 2.751145e-05
4.155000e-10 2.442695e-05 2.740984e-05
4.160000e-10 2.432840e-05 2.730841e-05
4.165000e-10 2.423013e-05 2.720718e-05
4.170000e-10 2.413216e-05 2.710614e-05
4.175000e-10 2.403447e-05 2.700529e-05
4.180000e-10 2.393707e-05 2.690464e-05
4.185000e-10 2.383995e-05 2.680419e-05
4.190000e-10 2.374313e-05 2.670393e-05
4.195000e-10 2.364660e-05 2.660388e-05
4.200000e-10 2.355035e-05 2.650403e-05
4.205000e-10 2.345440e-05 2.640439e-05
4.210000e-10 2.335873e-05 2.630495e-05
4.215000e-10 2.326335e-05 2.620572e-05
4.220000e-10 2.316827e-05 2.610671e-05
4.225000e-10 2.307348e-05 2.600790e-05
4.230000e-10 2.297897e-05 2.590931e-05
4.235000e-10 2.288476e-05 2.581093e-05
4.240000e-10 2.279084e-05 2.571277e-05
4.245000e-10 2.269721e-05 2.561482e-05
4.250000e-10 2.260387e-05 2.551710e-05
4.255000e-10 2.251082e-05 2.541959e-05
4.260000e-10 2.241807e-05 2.532231e-05
4.265000e-10 2.232560e-05 2.522525e-05
4.270000e-10 2.223343e-05 2.512842e-05
4.275000e-10 2.214155e-05 2.503181e-05
4.280000e-10 2.204996e-05 2.493543e-05
4.285000e-10 2.195866e-05 2.483928e-05
4.290000e-10 2.186765e-05 2.474336e-05
4.295000e-10 2.177694e-05 2.464766e-05
4.300000e-10 2.168652e-05 2.455220e-05
4.305000e-10 2.159639e-05 2.445698e-05
4.310000e-10 2.150655e-05 2.436198e-05
4.315000e-10 2.141700e-05 2.426723e-05
4.320000e-10 2.132774e-05 2.417270e-05
4.325000e-10 2.123878e-05 2.407842e-05
4.330000e-10 2.115011e-05 2.398437e-05
4.335000e-10 2.106172e-05 2.389056e-05
4.340000e-10 2.097363e-05 2.379699e-05
4.345000e-10 2.088583e-05 2.370367e-05
4.350000e-10 2.079832e-05 2.361058e-05
4.355000e-10 2.071110e-05 2.351774e-05
4.360000e-10 2.062417e-05 2.342514e-05
4.365000e-10 2.053754e-05 2.333278e-05
4.370000e-10 2.045119e-05 2.324067e-05
4.375000e-10 2.036513e-05 2.314880e-05
4.380000e-10 2.027936e-05 2.305718e-05
4.385000e-10 2.019388e-05 2.296581e-05
4.390000e-10 2.010869e-05 2.287468e-05
4.395000e-10 2.002379e-05 2.278381e-05
4.400000e-10 1.993918e-05 2.269318e-05
4.405000e-10 1.985485e-05 2.260280e-05
4.410000e-10 1.977082e-05 2.251267e-05
4.415000e-10 1.968707e-05 2.242279e-05
4.420000e-10 1.960361e-05 2.233316e-05
4.425000e-10 1.952044e-05 2.224379e-05
4.430000e-10 1.943755e-05 2.215466e-05
4.435000e-10 1.935495e-05 2.206579e-05
4.440000e-10 1.927264e-05 2.197717e-05
4.445000e-10 1.919061e-05 2.188881e-05
4.450000e-10 1.910887e-05 2.180070e-05
4.455000e-10 1.902741e-05 2.171284e-05
4.460000e-10 1.894624e-05 2.162524e-05
4.465000e-10 1.886535e-05 2.153790e-05
4.470000e-10 1.878475e-05 2.145081e-05
4.475000e-10 1.870443e-05 2.136397e-05
4.480000e-10 1.862440e-05 2.127739e-05
4.485000e-10 1.854465e-05 2.119107e-05
4.490000e-10 1.846518e-05 2.110500e-05
4.495000e-10 1.838599e-05 2.101920e-05
4.500000e-10 1.830708e-05 2.093365e-05
4.505000e-10 1.822846e-05 2.084835e-05
4.510000e-10 1.815012e-05 2.076332e-05
4.515000e-10 1.807205e-05 2.067854e-05
4.520000e-10 1.799427e-05 2.059402e-05
4.525000e-10 1.791677e-05 2.050976e-05
4.530000e-10 1.783954e-05 2.042575e-05
4.535000e-10 1.776260e-05 2.034201e-05
4.540000e-10 1.768593e-05 2.025852e-05
4.545000e-10 1.760954e-05 2.017530e-05
4.550000e-10 1.753343e-05 2.009233e-05
4.555000e-10 1.745760e-05 2.000962e-05
4.560000e-10 1.738204e-05 1.992717e-05
4.565000e-10 1.730675e-05 1.984498e-05
4.570000e-10 1.723175e-05 1.976305e-05
4.575000e-10 1.715701e-05 1.968137e-05
4.580000e-10 1.708255e-05 1.959996e-05
4.585000e-10 1.700837e-05 1.951881e-05
4.590000e-10 1.693446e-05 1.943791e-05
4.595000e-10 1.686082e-05 1.935728e-05
4.600000e-10 1.678745e-05 1.927690e-05
4.605000e-10 1.671436e-05 1.919679e-05
4.610000e-10 1.664153e-05 1.911693e-05
4.615000e-10 1.656898e-05 1.903733e-05
4.620000e-10 1.649670e-05 1.895799e-05
4.625000e-10 1.642468e-05 1.887891e-05
4.630000e-10 1.635294e-05 1.880009e-05
4.635000e-10 1.628146e-05 1.872153e-05
4.640000e-10 1.621025e-05 1.864323e-05
4.645000e-10 1.613931e-05 1.856518e-05
4.650000e-10 1.606863e-05 1.848740e-05
4.655000e-10 1.599822e-05 1.840987e-05
4.660000e-10 1.592808e-05 1.833260e-05
4.665000e-10 1.585820e-05 1.825559e-05
4.670000e-10 1.578859e-05 1.817883e-05
4.675000e-10 1.571924e-05 1.810234e-05
4.680000e-10 1.565015e-05 1.802610e-05
4.685000e-10 1.558132e-05 1.795012e-05
4.690000e-10 1.551276e-05 1.787439e-05
4.695000e-10 1.544446e-05 1.779892e-05
4.700000e-10 1.537641e-05 1.772371e-05
4.705000e-10 1.530863e-05 1.764876e-05
4.710000e-10 1.524111e-05 1.757406e-05
4.715000e-10 1.517385e-05 1.749962e-05
4.720000e-10 1.510684e-05 1.742543e-05
4.725000e-10 1.504009e-05 1.735150e-05
4.730000e-10 1.497360e-05 1.727782e-05
4.735000e-10 1.490737e-05 1.720440e-05
4.740000e-10 1.484139e-05 1.713123e-05
4.745000e-10 1.477567e-05 1.705832e-05
4.750000e-10 1.471020e-05 1.698566e-05
4.755000e-10 1.464498e-05 1.691326e-05
4.760000e-10 1.458002e-05 1.684110e-05
4.765000e-10 1.451531e-05 1.676920e-05
4.770000e-10 1.445085e-05 1.669756e-05
4.775000e-10 1.438665e-05 1.662616e-05
4.780000e-10 1.432269e-05 1.655502e-05
4.785000e-10 1.425898e-05 1.648413e-05
4.790000e-10 1.419553e-05 1.641349e-05
4.795000e-10 1.413232e-05 1.634310e-05
4.800000e-10 1.406936e-05 1.627296e-05
4.805000e-10 1.400664e-05 1.620307e-05
4.810000e-10 1.394418e-05 1.613344e-05
4.815000e-10 1.388195e-05 1.606405e-05
4.820000e-10 1.381998e-05 1.599491e-05
4.825000e-10 1.375825e-05 1.592602e-05
4.830000e-10 1.369676e-05 1.585737e-05
4.835000e-10 1.363552e-05 1.578898e-05
4.840000e-10 1.357452e-05 1.572083e-05
4.845000e-10 1.351376e-05 1.565293e-05
4.850000e-10 1.345324e-05 1.558527e-05
4.855000e-10 1.339296e-05 1.551786e-05
4.860000e-10 1.333292e-05 1.545070e-05
4.865000e-10 1.327312e-05 1.538378e-05
4.870000e-10 1.321356e-05 1.531711e-05
4.875000e-10 1.315424e-05 1.525068e-05
4.880000e-10 1.309516e-05 1.518449e-05
4.885000e-10 1.303631e-05 1.511855e-05
4.890000e-10 1.297770e-05 1.505285e-05
4.895000e-10 1.291932e-05 1.498739e-05
4.900000e-10 1.286118e-05 1.492218e-05
4.905000e-10 1.280327e-05 1.485721e-05
4.910000e-10 1.274559e-05 1.479247e-05
4.915000e-10 1.268815e-05 1.472798e-05
4.920000e-10 1.263094e-05 1.466373e-05
4.925000e-10 1.257395e-05 1.459972e-05
4.930000e-10 1.251720e-05 1.453594e-05
4.935000e-10 1.246068e-05 1.447241e-05
4.940000e-10 1.240439e-05 1.440911e-05
4.945000e-10 1.234833e-05 1.434605e-05
4.950000e-10 1.229249e-05 1.428323e-05
4.955000e-10 1.223688e-05 1.422064e-05
4.960000e-10 1.218150e-05 1.415829e-05
4.965000e-10 1.212634e-05 1.409618e-05
4.970000e-10 1.207141e-05 1.403430e-05
4.975000e-10 1.201670e-05 1.397265e-05
4.980000e-10 1.196221e-05 1.391124e-05
4.985000e-10 1.190795e-05 1.385006e-05
4.990000e-10 1.185391e-05 1.378912e-05
4.995000e-10 1.180009e-05 1.372841e-05
5.000000e-10 1.174649e-05 1.366792e-05
5.005000e-10 1.169312e-05 1.360767e-05
5.010000e-10 1.163996e-05 1.354765e-05
5.015000e-10 1.158702e-05 1.348786e-05
5.020000e-10 1.153429e-05 1.342830e-05
5.025000e-10 1.148179e-05 1.336897e-05
5.030000e-10 1.142950e-05 1.330987e-05
5.035000e-10 1.137743e-05 1.325100e-05
5.040000e-10 1.132557e-05 1.319235e-05
5.045000e-10 1.127392e-05 1.313393e-05
5.050000e-10 1.122249e-05 1.307573e-05
5.055000e-10 1.117128e-05 1.301776e-05
5.060000e-10 1.112027e-05 1.296002e-05
5.065000e-10 1.106948e-05 1.290250e-05
5.070000e-10 1.101890e-05 1.284520e-05
5.075000e-10 1.096853e-05 1.278813e-05
5.080000e-10 1.091837e-05 1.273128e-05
5.085000e-10 1.086841e-05 1.267465e-05
5.090000e-10 1.081867e-05 1.261824e-05
5.095000e-10 1.076913e-05 1.256206e-05
5.100000e-10 1.071980e-05 1.250609e-05
5.105000e-10 1.067068e-05 1.245035e-05
5.110000e-10 1.062176e-05 1.239482e-05
5.115000e-10 1.057304e-05 1.233952e-05
5.120000e-10 1.052453e-05 1.228443e-05
5.125000e-10 1.047623e-05 1.222955e-05
5.130000e-10 1.042812e-05 1.217490e-05
5.135000e-10 1.038022e-05 1.212046e-05
5.140000e-10 1.033252e-05 1.206624e-05
5.145000e-10 1.028502e-05 1.201223e-05
5.150000e-10 1.023772e-05 1.195843e-05
5.155000e-10 1.019062e-05 1.190485e-05
5.160000e-10 1.014372e-05 1.185149e-05
5.165000e-10 1.009702e-05 1.179833e-05
5.170000e-10 1.005051e-05 1.174539e-05
5.175000e-10 1.000420e-05 1.169266e-05
5.180000e-10 9.958089e-06 1.164014e-05
5.185000e-10 9.912170e-06 1.158783e-05
5.190000e-10 9.866446e-06 1.153573e-05
5.195000e-10 9.820916e-06 1.148384e-05
5.200000e-10 9.775579e-06 1.143216e-05
5.205000e-10 9.730435e-06 1.138068e-05
5.210000e-10 9.685482e-06 1.132941e-05
5.215000e-10 9.640721e-06 1.127835e-05
5.220000e-10 9.596150e-06 1.122750e-05
5.225000e-10 9.551769e-06 1.117685e-05
5.230000e-10 9.507578e-06 1.112640e-05
5.235000e-10 9.463574e-06 1.107616e-05
5.240000e-10 9.419759e-06 1.102613e-05
5.245000e-10 9.376131e-06 1.097629e-05
5.250000e-10 9.332689e-06 1.092666e-05
5.255000e-10 9.289434e-06 1.087723e-05
5.260000e-10 9.246363e-06 1.082800e-05
5.265000e-10 9.203477e-06 1.077897e-05
5.270000e-10 9.160775e-06 1.073014e-05
5.275000e-10 9.118256e-06 1.068151e-05
5.280000e-10 9.075920e-06 1.063308e-05
5.285000e-10 9.033765e-06 1.058485e-05
5.290000e-10 8.991792e-06 1.053681e-05
5.295000e-10 8.950000e-06 1.048897e-05
5.300000e-10 8.908387e-06 1.044133e-05
5.305000e-10 8.866954e-06 1.039388e-05
5.310000e-10 8.825699e-06 1.034663e-05
5.315000e-10 8.784622e-06 1.029957e-05
5.320000e-10 8.743723e-06 1.025271e-05
5.325000e-10 8.703000e-06 1.020603e-05
5.330000e-10 8.662453e-06 1.015955e-05
5.335000e-10 8.622082e-06 1.011327e-05
5.340000e-10 8.581886e-06 1.006717e-05
5.345000e-10 8.541863e-06 1.002127e-05
5.350000e-10 8.502014e-06 9.975551e-06
5.355000e-10 8.462338e-06 9.930025e-06
5.360000e-10 8.422834e-06 9.884688e-06
5.365000e-10 8.383502e-06 9.839539e-06
5.370000e-10 8.344340e-06 9.794577e-06
5.375000e-10 8.305349e-06 9.749803e-06
5.380000e-10 8.266528e-06 9.705214e-06
5.385000e-10 8.227875e-06 9.660812e-06
5.390000e-10 8.189391e-06 9.616594e-06
5.395000e-10 8.151075e-06 9.572561e-06
5.400000e-10 8.112926e-06 9.528712e-06
5.405000e-10 8.074943e-06 9.485046e-06
5.410000e-10 8.037126e-06 9.441563e-06
5.415000e-10 7.999475e-06 9.398262e-06
5.420000e-10 7.961988e-06 9.355142e-06
5.425000e-10 7.924665e-06 9.312203e-06
5.430000e-10 7.887505e-06 9.269444e-06
5.435000e-10 7.850509e-06 9.226865e-06
5.440000e-10 7.813674e-06 9.184465e-06
5.445000e-10 7.777001e-06 9.142243e-06
5.450000e-10 7.740489e-06 9.100199e-06
5.455000e-10 7.704137e-06 9.058332e-06
5.460000e-10 7.667945e-06 9.016642e-06
5.465000e-10 7.631912e-06 8.975128e-06
5.470000e-10 7.596038e-06 8.933789e-06
5.475000e-10 7.560321e-06 8.892624e-06
5.480000e-10 7.524762e-06 8.851634e-06
5.485000e-10 7.489359e-06 8.810818e-06
5.490000e-10 7.454112e-06 8.770174e-06
5.495000e-10 7.419021e-06 8.729703e-06
5.500000e-10 7.384085e-06 8.689404e-06
5.505000e-10 7.349303e-06 8.649275e-06
5.510000e-10 7.314675e-06 8.609317e-06
5.515000e-10 7.280200e-06 8.569530e-06
5.520000e-10 7.245877e-06 8.529911e-06
5.525000e-10 7.211706e-06 8.490462e-06
5.530000e-10 7.177686e-06 8.451180e-06
5.535000e-10 7.143818e-06 8.412066e-06
5.540000e-10 7.110099e-06 8.373119e-06
5.545000e-10 7.076530e-06 8.334339e-06
5.550000e-10 7.043110e-06 8.295724e-06
5.555000e-10 7.009838e-06 8.257274e-06
5.560000e-10 6.976714e-06 8.218989e-06
5.565000e-10 6.943737e-06 8.180869e-06
5.570000e-10 6.910907e-06 8.142911e-06
5.575000e-10 6.878223e-06 8.105116e-06
5.580000e-10 6.845685e-06 8.067484e-06
5.585000e-10 6.813291e-06 8.030014e-06
5.590000e-10 6.781042e-06 7.992704e-06
5.595000e-10 6.748936e-06 7.955555e-06
5.600000e-10 6.716974e-06 7.918566e-06
5.605000e-10 6.685154e-06 7.881736e-06
5.610000e-10 6.653477e-06 7.845066e-06
5.615000e-10 6.621941e-06 7.808553e-06
5.620000e-10 6.590546e-06 7.772198e-06
5.625000e-10 6.559291e-06 7.736000e-06
5.630000e-10 6.528176e-06 7.699958e-06
5.635000e-10 6.497201e-06 7.664073e-06
5.640000e-10 6.466364e-06 7.628343e-06
5.645000e-10 6.435665e-06 7.592767e-06
5.650000e-10 6.405104e-06 7.557346e-06
5.655000e-10 6.374680e-06 7.522078e-06
5.660000e-10 6.344393e-06 7.486964e-06
5.665000e-10 6.314241e-06 7.452002e-06
5.670000e-10 6.284225e-06 7.417192e-06
5.675000e-10 6.254344e-06 7.382533e-06
5.680000e-10 6.224597e-06 7.348025e-06
5.685000e-10 6.194984e-06 7.313667e-06
5.690000e-10 6.165504e-06 7.279459e-06
5.695000e-10 6.136157e-06 7.245400e-06
5.700000e-10 6.106942e-06 7.211490e-06
5.705000e-10 6.077859e-06 7.177727e-06
5.710000e-10 6.048907e-06 7.144112e-06
5.715000e-10 6.020086e-06 7.110644e-06
5.720000e-10 5.991394e-06 7.077323e-06
5.725000e-10 5.962832e-06 7.044147e-06
5.730000e-10 5.934399e-06 7.011116e-06
5.735000e-10 5.906095e-06 6.978230e-06
5.740000e-10 5.877918e-06 6.945488e-06
5.745000e-10 5.849869e-06 6.912890e-06
5.750000e-10 5.821947e-06 6.880435e-06
5.755000e-10 5.794152e-06 6.848122e-06
5.760000e-10 5.766482e-06 6.815951e-06
5.765000e-10 5.738937e-06 6.783922e-06
5.770000e-10 5.711518e-06 6.752033e-06
5.775000e-10 5.684222e-06 6.720285e-06
5.780000e-10 5.657051e-06 6.688677e-06
5.785000e-10 5.630003e-06 6.657208e-06
5.790000e-10 5.603078e-06 6.625878e-06
5.795000e-10 5.576275e-06 6.594686e-06
5.800000e-10 5.549593e-06 6.563631e-06
5.805000e-10 5.523033e-06 6.532714e-06
5.810000e-10 5.496594e-06 6.501933e-06
5.815000e-10 5.470276e-06 6.471289e-06
5.820000e-10 5.444077e-06 6.440779e-06
5.825000e-10 5.417997e-06 6.410405e-06
5.830000e-10 5.392036e-06 6.380166e-06
5.835000e-10 5.366194e-06 6.350060e-06
5.840000e-10 5.340469e-06 6.320088e-06
5.845000e-10 5.314862e-06 6.290249e-06
5.850000e-10 5.289371e-06 6.260542e-06
5.855000e-10 5.263997e-06 6.230967e-06
5.860000e-10 5.238739e-06 6.201524e-06
5.865000e-10 5.213596e-06 6.172211e-06
5.870000e-10 5.188568e-06 6.143029e-06
5.875000e-10 5.163655e-06 6.113976e-06
5.880000e-10 5.138855e-06 6.085053e-06
5.885000e-10 5.114169e-06 6.056259e-06
5.890000e-10 5.089596e-06 6.027593e-06
5.895000e-10 5.065136e-06 5.999054e-06
5.900000e-10 5.040788e-06 5.970643e-06
5.905000e-10 5.016551e-06 5.942359e-06
5.910000e-10 4.992425e-06 5.914202e-06
5.915000e-10 4.968410e-06 5.886170e-06
5.920000e-10 4.944506e-06 5.858263e-06
5.925000e-10 4.920711e-06 5.830481e-06
5.930000e-10 4.897025e-06 5.802823e-06
5.935000e-10 4.873448e-06 5.775289e-06
5.940000e-10 4.849979e-06 5.747879e-06
5.945000e-10 4.826619e-06 5.720591e-06
5.950000e-10 4.803366e-06 5.693426e-06
5.955000e-10 4.780219e-06 5.666382e-06
5.960000e-10 4.757180e-06 5.639460e-06
5.965000e-10 4.734246e-06 5.612659e-06
5.970000e-10 4.711418e-06 5.585978e-06
5.975000e-10 4.688696e-06 5.559417e-06
5.980000e-10 4.666078e-06 5.532975e-06
5.985000e-10 4.643564e-06 5.506653e-06
5.990000e-10 4.621154e-06 5.480448e-06
5.995000e-10 4.598848e-06 5.454362e-06
6.000000e-10 4.576644e-06 5.428393e-06
6.005000e-10 4.554543e-06 5.402542e-06
6.010000e-10 4.532545e-06 5.376806e-06
6.015000e-10 4.510647e-06 5.351187e-06
6.020000e-10 4.488852e-06 5.325684e-06
6.025000e-10 4.467156e-06 5.300295e-06
6.030000e-10 4.445562e-06 5.275022e-06
6.035000e-10 4.424067e-06 5.249862e-06
6.040000e-10 4.402672e-06 5.224816e-06
6.045000e-10 4.381375e-06 5.199884e-06
6.050000e-10 4.360178e-06 5.175064e-06
6.055000e-10 4.339079e-06 5.150357e-06
6.060000e-10 4.318077e-06 5.125762e-06
6.065000e-10 4.297173e-06 5.101278e-06
6.070000e-10 4.276366e-06 5.076905e-06
6.075000e-10 4.255656e-06 5.052642e-06
6.080000e-10 4.235041e-06 5.028490e-06
6.085000e-10 4.214523e-06 5.004447e-06
6.090000e-10 4.194099e-06 4.980513e-06
6.095000e-10 4.173771e-06 4.956688e-06
6.100000e-10 4.153537e-06 4.932972e-06
6.105000e-10 4.133397e-06 4.909363e-06
6.110000e-10 4.113351e-06 4.885862e-06
6.115000e-10 4.093398e-06 4.862467e-06
6.120000e-10 4.073538e-06 4.839179e-06
6.125000e-10 4.053771e-06 4.815997e-06
6.130000e-10 4.034095e-06 4.792921e-06
6.135000e-10 4.014512e-06 4.769950e-06
6.140000e-10 3.995019e-06 4.747084e-06
6.145000e-10 3.975617e-06 4.724321e-06
6.150000e-10 3.956306e-06 4.701663e-06
6.155000e-10 3.937085e-06 4.679108e-06
6.160000e-10 3.917954e-06 4.656657e-06
6.165000e-10 3.898912e-06 4.634308e-06
6.170000e-10 3.879959e-06 4.612061e-06
6.175000e-10 3.861095e-06 4.589915e-06
6.180000e-10 3.842318e-06 4.567871e-06
6.185000e-10 3.823630e-06 4.545928e-06
6.190000e-10 3.805029e-06 4.524086e-06
6.195000e-10 3.786514e-06 4.502343e-06
6.200000e-10 3.768087e-06 4.480700e-06
6.205000e-10 3.749746e-06 4.459156e-06
6.210000e-10 3.731490e-06 4.437711e-06
6.215000e-10 3.713320e-06 4.416365e-06
6.220000e-10 3.695235e-06 4.395116e-06
6.225000e-10 3.677235e-06 4.373965e-06
6.230000e-10 3.659320e-06 4.352911e-06
6.235000e-10 3.641488e-06 4.331954e-06
6.240000e-10 3.623740e-06 4.311093e-06
6.245000e-10 3.606075e-06 4.290328e-06
6.250000e-10 3.588493e-06 4.269658e-06
6.255000e-10 3.570994e-06 4.249084e-06
6.260000e-10 3.553577e-06 4.228604e-06
6.265000e-10 3.536241e-06 4.208219e-06
6.270000e-10 3.518987e-06 4.187927e-06
6.275000e-10 3.501815e-06 4.167729e-06
6.280000e-10 3.484723e-06 4.147625e-06
6.285000e-10 3.467711e-06 4.127612e-06
6.290000e-10 3.450779e-06 4.107693e-06
6.295000e-10 3.433927e-06 4.087865e-06
6.300000e-10 3.417155e-06 4.068128e-06
6.305000e-10 3.400461e-06 4.048483e-06
6.310000e-10 3.383846e-06 4.028929e-06
6.315000e-10 3.367309e-06 4.009464e-06
6.320000e-10 3.350850e-06 3.990090e-06
6.325000e-10 3.334469e-06 3.970806e-06
6.330000e-10 3.318165e-06 3.951610e-06
6.335000e-10 3.301938e-06 3.932504e-06
6.340000e-10 3.285787e-06 3.913486e-06
6.345000e-10 3.269713e-06 3.894556e-06
6.350000e-10 3.253714e-06 3.875714e-06
6.355000e-10 3.237792e-06 3.856959e-06
6.360000e-10 3.221944e-06 3.838291e-06
6.365000e-10 3.206171e-06 3.819709e-06
6.370000e-10 3.190473e-06 3.801214e-06
6.375000e-10 3.174849e-06 3.782805e-06
6.380000e-10 3.159298e-06 3.764481e-06
6.385000e-10 3.143822e-06 3.746242e-06
6.390000e-10 3.128418e-06 3.728088e-06
6.395000e-10 3.113088e-06 3.710018e-06
6.400000e-10 3.097830e-06 3.692033e-06
6.405000e-10 3.082644e-06 3.674131e-06
6.410000e-10 3.067530e-06 3.656312e-06
6.415000e-10 3.052488e-06 3.638576e-06
6.420000e-10 3.037517e-06 3.620923e-06
6.425000e-10 3.022617e-06 3.603352e-06
6.430000e-10 3.007787e-06 3.585862e-06
6.435000e-10 2.993028e-06 3.568455e-06
6.440000e-10 2.978339e-06 3.551128e-06
6.445000e-10 2.963720e-06 3.533882e-06
6.450000e-10 2.949170e-06 3.516717e-06
6.455000e-10 2.934689e-06 3.499631e-06
6.460000e-10 2.920277e-06 3.482626e-06
6.465000e-10 2.905934e-06 3.465700e-06
6.470000e-10 2.891658e-06 3.448853e-06
6.475000e-10 2.877450e-06 3.432084e-06
6.480000e-10 2.863310e-06 3.415394e-06
6.485000e-10 2.849237e-06 3.398782e-06
6.490000e-10 2.835231e-06 3.382248e-06
6.495000e-10 2.821292e-06 3.365791e-06
6.500000e-10 2.807419e-06 3.349411e-06
6.505000e-10 2.793612e-06 3.333107e-06
6.510000e-10 2.779871e-06 3.316880e-06
6.515000e-10 2.766195e-06 3.300729e-06
6.520000e-10 2.752584e-06 3.284654e-06
6.525000e-10 2.739039e-06 3.268654e-06
6.530000e-10 2.725557e-06 3.252729e-06
6.535000e-10 2.712140e-06 3.236878e-06
6.540000e-10 2.698787e-06 3.221102e-06
6.545000e-10 2.685498e-06 3.205400e-06
6.550000e-10 2.672272e-06 3.189772e-06
6.555000e-10 2.659109e-06 3.174217e-06
6.560000e-10 2.646009e-06 3.158735e-06
6.565000e-10 2.632972e-06 3.143326e-06
6.570000e-10 2.619996e-06 3.127989e-06
6.575000e-10 2.607083e-06 3.112724e-06
6.580000e-10 2.594231e-06 3.097531e-06
6.585000e-10 2.581441e-06 3.082410e-06
6.590000e-10 2.568712e-06 3.067359e-06
6.595000e-10 2.556044e-06 3.052380e-06
6.600000e-10 2.543436e-06 3.037471e-06
6.605000e-10 2.530889e-06 3.022632e-06
6.610000e-10 2.518402e-06 3.007863e-06
6.615000e-10 2.505974e-06 2.993164e-06
6.620000e-10 2.493606e-06 2.978534e-06
6.625000e-10 2.481297e-06 2.963972e-06
6.630000e-10 2.469047e-06 2.949480e-06
6.635000e-10 2.456856e-06 2.935056e-06
6.640000e-10 2.444723e-06 2.920700e-06
6.645000e-10 2.432648e-06 2.906412e-06
6.650000e-10 2.420632e-06 2.892191e-06
6.655000e-10 2.408672e-06 2.878037e-06
6.660000e-10 2.396771e-06 2.863950e-06
6.665000e-10 2.384926e-06 2.849930e-06
6.670000e-10 2.373138e-06 2.835976e-06
6.675000e-10 2.361406e-06 2.822088e-06
6.680000e-10 2.349731e-06 2.808265e-06
6.685000e-10 2.338112e-06 2.794508e-06
6.690000e-10 2.326549e-06 2.780816e-06
6.695000e-10 2.315041e-06 2.767189e-06
6.700000e-10 2.303589e-06 2.753626e-06
6.705000e-10 2.292191e-06 2.740128e-06
6.710000e-10 2.280849e-06 2.726693e-06
6.715000e-10 2.269561e-06 2.713322e-06
6.720000e-10 2.258327e-06 2.700015e-06
6.725000e-10 2.247147e-06 2.686771e-06
6.730000e-10 2.236021e-06 2.673589e-06
6.735000e-10 2.224948e-06 2.660470e-06
6.740000e-10 2.213929e-06 2.647413e-06
6.745000e-10 2.202963e-06 2.634418e-06
6.750000e-10 2.192049e-06 2.621485e-06
6.755000e-10 2.181189e-06 2.608613e-06
6.760000e-10 2.170380e-06 2.595802e-06
6.765000e-10 2.159624e-06 2.583052e-06
6.770000e-10 2.148919e-06 2.570363e-06
6.775000e-10 2.138266e-06 2.557734e-06
6.780000e-10 2.127664e-06 2.545165e-06
6.785000e-10 2.117114e-06 2.532655e-06
6.790000e-10 2.106614e-06 2.520206e-06
6.795000e-10 2.096165e-06 2.507815e-06
6.800000e-10 2.085766e-06 2.495484e-06
6.805000e-10 2.075418e-06 2.483211e-06
6.810000e-10 2.065119e-06 2.470996e-06
6.815000e-10 2.054870e-06 2.458840e-06
6.820000e-10 2.044671e-06 2.446742e-06
6.825000e-10 2.034521e-06 2.434701e-06
6.830000e-10 2.024420e-06 2.422718e-06
6.835000e-10 2.014368e-06 2.410791e-06
6.840000e-10 2.004364e-06 2.398922e-06
6.845000e-10 1.994409e-06 2.387109e-06
6.850000e-10 1.984502e-06 2.375353e-06
6.855000e-10 1.974642e-06 2.363652e-06
6.860000e-10 1.964831e-06 2.352008e-06
6.865000e-10 1.955067e-06 2.340419e-06
6.870000e-10 1.945350e-06 2.328886e-06
6.875000e-10 1.935680e-06 2.317407e-06
6.880000e-10 1.926057e-06 2.305983e-06
6.885000e-10 1.916480e-06 2.294614e-06
6.890000e-10 1.906950e-06 2.283300e-06
6.895000e-10 1.897466e-06 2.272039e-06
6.900000e-10 1.888028e-06 2.260832e-06
6.905000e-10 1.878636e-06 2.249679e-06
6.910000e-10 1.869289e-06 2.238579e-06
6.915000e-10 1.859988e-06 2.227533e-06
6.920000e-10 1.850732e-06 2.216539e-06
6.925000e-10 1.841520e-06 2.205598e-06
6.930000e-10 1.832353e-06 2.194709e-06
6.935000e-10 1.823231e-06 2.183872e-06
6.940000e-10 1.814153e-06 2.173087e-06
6.945000e-10 1.805119e-06 2.162354e-06
6.950000e-10 1.796129e-06 2.151673e-06
6.955000e-10 1.787182e-06 2.141042e-06
6.960000e-10 1.778279e-06 2.130463e-06
6.965000e-10 1.769419e-06 2.119934e-06
6.970000e-10 1.760603e-06 2.109456e-06
6.975000e-10 1.751829e-06 2.099028e-06
6.980000e-10 1.743097e-06 2.088650e-06
6.985000e-10 1.734408e-06 2.078322e-06
6.990000e-10 1.725762e-06 2.068044e-06
6.995000e-10 1.717157e-06 2.057814e-06
7.000000e-10 1.708594e-06 2.047634e-06
7.005000e-10 1.700073e-06 2.037503e-06
7.010000e-10 1.691594e-06 2.027421e-06
7.015000e-10 1.683155e-06 2.017387e-06
7.020000e-10 1.674758e-06 2.007402e-06
7.025000e-10 1.666401e-06 1.997464e-06
7.030000e-10 1.658086e-06 1.987574e-06
7.035000e-10 1.649810e-06 1.977732e-06
7.040000e-10 1.641575e-06 1.967937e-06
7.045000e-10 1.633380e-06 1.958189e-06
7.050000e-10 1.625225e-06 1.948488e-06
7.055000e-10 1.617110e-06 1.938834e-06
7.060000e-10 1.609035e-06 1.929227e-06
7.065000e-10 1.600998e-06 1.919665e-06
7.070000e-10 1.593001e-06 1.910150e-06
7.075000e-10 1.585043e-06 1.900681e-06
7.080000e-10 1.577124e-06 1.891257e-06
7.085000e-10 1.569243e-06 1.881879e-06
7.090000e-10 1.561401e-06 1.872546e-06
7.095000e-10 1.553597e-06 1.863258e-06
7.100000e-10 1.545831e-06 1.854014e-06
7.105000e-10 1.538103e-06 1.844816e-06
7.110000e-10 1.530413e-06 1.835661e-06
7.115000e-10 1.522760e-06 1.826551e-06
7.120000e-10 1.515145e-06 1.817485e-06
7.125000e-10 1.507566e-06 1.808463e-06
7.130000e-10 1.500025e-06 1.799484e-06
7.135000e-10 1.492521e-06 1.790549e-06
7.140000e-10 1.485053e-06 1.781657e-06
7.145000e-10 1.477622e-06 1.772808e-06
7.150000e-10 1.470228e-06 1.764001e-06
7.155000e-10 1.462869e-06 1.755238e-06
7.160000e-10 1.455546e-06 1.746516e-06
7.165000e-10 1.448260e-06 1.737837e-06
7.170000e-10 1.441009e-06 1.729200e-06
7.175000e-10 1.433793e-06 1.720604e-06
7.180000e-10 1.426613e-06 1.712051e-06
7.185000e-10 1.419467e-06 1.703538e-06
7.190000e-10 1.412357e-06 1.695067e-06
7.195000e-10 1.405282e-06 1.686637e-06
7.200000e-10 1.398241e-06 1.678247e-06
7.205000e-10 1.391235e-06 1.669899e-06
7.210000e-10 1.384263e-06 1.661591e-06
7.215000e-10 1.377325e-06 1.653323e-06
7.220000e-10 1.370421e-06 1.645095e-06
7.225000e-10 1.363551e-06 1.636907e-06
7.230000e-10 1.356715e-06 1.628759e-06
7.235000e-10 1.349912e-06 1.620650e-06
7.240000e-10 1.343143e-06 1.612580e-06
7.245000e-10 1.336407e-06 1.604550e-06
7.250000e-10 1.329704e-06 1.596559e-06
7.255000e-10 1.323034e-06 1.588607e-06
7.260000e-10 1.316396e-06 1.580693e-06
7.265000e-10 1.309791e-06 1.572817e-06
7.270000e-10 1.303219e-06 1.564980e-06
7.275000e-10 1.296678e-06 1.557181e-06
7.280000e-10 1.290170e-06 1.549420e-06
7.285000e-10 1.283694e-06 1.541696e-06
7.290000e-10 1.277250e-06 1.534011e-06
7.295000e-10 1.270837e-06 1.526362e-06
7.300000e-10 1.264456e-06 1.518751e-06
7.305000e-10 1.258106e-06 1.511176e-06
7.310000e-10 1.251787e-06 1.503639e-06
7.315000e-10 1.245500e-06 1.496138e-06
7.320000e-10 1.239243e-06 1.488674e-06
7.325000e-10 1.233017e-06 1.481246e-06
7.330000e-10 1.226822e-06 1.473854e-06
7.335000e-10 1.220657e-06 1.466498e-06
7.340000e-10 1.214523e-06 1.459178e-06
7.345000e-10 1.208418e-06 1.451894e-06
7.350000e-10 1.202344e-06 1.444645e-06
7.355000e-10 1.196300e-06 1.437431e-06
7.360000e-10 1.190285e-06 1.430253e-06
7.365000e-10 1.184300e-06 1.423110e-06
7.370000e-10 1.178344e-06 1.416001e-06
7.375000e-10 1.172418e-06 1.408927e-06
7.380000e-10 1.166521e-06 1.401888e-06
7.385000e-10 1.160653e-06 1.394883e-06
7.390000e-10 1.154814e-06 1.387912e-06
7.395000e-10 1.149004e-06 1.380975e-06
7.400000e-10 1.143222e-06 1.374072e-06
7.405000e-10 1.137469e-06 1.367203e-06
7.410000e-10 1.131744e-06 1.360367e-06
7.415000e-10 1.126048e-06 1.353564e-06
7.420000e-10 1.120379e-06 1.346795e-06
7.425000e-10 1.114739e-06 1.340059e-06
7.430000e-10 1.109126e-06 1.333356e-06
7.435000e-10 1.103541e-06 1.326685e-06
7.440000e-10 1.097984e-06 1.320048e-06
7.445000e-10 1.092454e-06 1.313442e-06
7.450000e-10 1.086951e-06 1.306869e-06
7.455000e-10 1.081476e-06 1.300328e-06
7.460000e-10 1.076027e-06 1.293819e-06
7.465000e-10 1.070606e-06 1.287342e-06
7.470000e-10 1.065211e-06 1.280897e-06
7.475000e-10 1.059843e-06 1.274483e-06
7.480000e-10 1.054501e-06 1.268100e-06
7.485000e-10 1.049186e-06 1.261749e-06
7.490000e-10 1.043897e-06 1.255429e-06
7.495000e-10 1.038634e-06 1.249139e-06
7.500000e-10 1.033397e-06 1.242881e-06
7.505000e-10 1.028186e-06 1.236653e-06
7.510000e-10 1.023001e-06 1.230456e-06
7.515000e-10 1.017841e-06 1.224289e-06
7.520000e-10 1.012707e-06 1.218152e-06
7.525000e-10 1.007599e-06 1.212046e-06
7.530000e-10 1.002515e-06 1.205969e-06
7.535000e-10 9.974570e-07 1.199922e-06
7.540000e-10 9.924238e-07 1.193905e-06
7.545000e-10 9.874156e-07 1.187917e-06
7.550000e-10 9.824321e-07 1.181959e-06
7.555000e-10 9.774733e-07 1.176030e-06
7.560000e-10 9.725390e-07 1.170130e-06
7.565000e-10 9.676292e-07 1.164259e-06
7.570000e-10 9.627437e-07 1.158416e-06
7.575000e-10 9.578824e-07 1.152603e-06
7.580000e-10 9.530452e-07 1.146818e-06
7.585000e-10 9.482320e-07 1.141061e-06
7.590000e-10 9.434426e-07 1.135333e-06
7.595000e-10 9.386769e-07 1.129633e-06
7.600000e-10 9.339349e-07 1.123961e-06
7.605000e-10 9.292163e-07 1.118316e-06
7.610000e-10 9.245212e-07 1.112700e-06
7.615000e-10 9.198493e-07 1.107111e-06
7.620000e-10 9.152006e-07 1.101549e-06
7.625000e-10 9.105750e-07 1.096015e-06
7.630000e-10 9.059723e-07 1.090508e-06
7.635000e-10 9.013925e-07 1.085028e-06
7.640000e-10 8.968354e-07 1.079576e-06
7.645000e-10 8.923009e-07 1.074150e-06
7.650000e-10 8.877889e-07 1.068750e-06
7.655000e-10 8.832993e-07 1.063377e-06
7.660000e-10 8.788320e-07 1.058031e-06
7.665000e-10 8.743869e-07 1.052711e-06
7.670000e-10 8.699638e-07 1.047417e-06
7.675000e-10 8.655627e-07 1.042150e-06
7.680000e-10 8.611835e-07 1.036908e-06
7.685000e-10 8.568261e-07 1.031692e-06
7.690000e-10 8.524902e-07 1.026502e-06
7.695000e-10 8.481760e-07 1.021337e-06
7.700000e-10 8.438832e-07 1.016198e-06
7.705000e-10 8.396117e-07 1.011084e-06
7.710000e-10 8.353614e-07 1.005995e-06
7.715000e-10 8.311323e-07 1.000931e-06
7.720000e-10 8.269242e-07 9.958929e-07
7.725000e-10 8.227371e-07 9.908791e-07
7.730000e-10 8.185707e-07 9.858901e-07
7.735000e-10 8.144251e-07 9.809256e-07
7.740000e-10 8.103001e-07 9.759857e-07
7.745000e-10 8.061957e-07 9.710701e-07
7.750000e-10 8.021116e-07 9.661789e-07
7.755000e-10 7.980479e-07 9.613117e-07
7.760000e-10 7.940045e-07 9.564686e-07
7.765000e-10 7.899811e-07 9.516494e-07
7.770000e-10 7.859778e-07 9.468540e-07
7.775000e-10 7.819944e-07 9.420823e-07
7.780000e-10 7.780309e-07 9.373341e-07
7.785000e-10 7.740871e-07 9.326095e-07
7.790000e-10 7.701629e-07 9.279081e-07
7.795000e-10 7.662583e-07 9.232300e-07
7.800000e-10 7.623731e-07 9.185751e-07
7.805000e-10 7.585073e-07 9.139431e-07
7.810000e-10 7.546608e-07 9.093341e-07
7.815000e-10 7.508335e-07 9.047478e-07
7.820000e-10 7.470252e-07 9.001842e-07
7.825000e-10 7.432359e-07 8.956432e-07
7.830000e-10 7.394655e-07 8.911247e-07
7.835000e-10 7.357139e-07 8.866285e-07
7.840000e-10 7.319810e-07 8.821545e-07
7.845000e-10 7.282668e-07 8.777027e-07
7.850000e-10 7.245711e-07 8.732730e-07
7.855000e-10 7.208938e-07 8.688652e-07
7.860000e-10 7.172348e-07 8.644791e-07
7.865000e-10 7.135942e-07 8.601149e-07
7.870000e-10 7.099716e-07 8.557722e-07
7.875000e-10 7.063672e-07 8.514510e-07
7.880000e-10 7.027808e-07 8.471513e-07
7.885000e-10 6.992123e-07 8.428728e-07
7.890000e-10 6.956616e-07 8.386156e-07
7.895000e-10 6.921286e-07 8.343795e-07
7.900000e-10 6.886133e-07 8.301643e-07
7.905000e-10 6.851155e-07 8.259701e-07
7.910000e-10 6.816352e-07 8.217966e-07
7.915000e-10 6.781723e-07 8.176438e-07
7.920000e-10 6.747267e-07 8.135117e-07
7.925000e-10 6.712983e-07 8.094000e-07
7.930000e-10 6.678871e-07 8.053087e-07
7.935000e-10 6.644929e-07 8.012378e-07
7.940000e-10 6.611157e-07 7.971870e-07
7.945000e-10 6.577553e-07 7.931563e-07
7.950000e-10 6.544118e-07 7.891457e-07
7.955000e-10 6.510850e-07 7.851549e-07
7.960000e-10 6.477748e-07 7.811840e-07
7.965000e-10 6.444812e-07 7.772328e-07
7.970000e-10 6.412041e-07 7.733012e-07
7.975000e-10 6.379434e-07 7.693891e-07
7.980000e-10 6.346989e-07 7.654965e-07
7.985000e-10 6.314707e-07 7.616232e-07
7.990000e-10 6.282587e-07 7.577691e-07
7.995000e-10 6.250628e-07 7.539342e-07
8.000000e-10 6.218828e-07 7.501184e-07
8.005000e-10 6.187188e-07 7.463215e-07
8.010000e-10 6.155706e-07 7.425435e-07
8.015000e-10 6.124382e-07 7.387843e-07
8.020000e-10 6.093215e-07 7.350438e-07
8.025000e-10 6.062204e-07 7.313218e-07
8.030000e-10 6.031348e-07 7.276184e-07
8.035000e-10 6.000647e-07 7.239334e-07
8.040000e-10 5.970099e-07 7.202668e-07
8.045000e-10 5.939705e-07 7.166184e-07
8.050000e-10 5.909463e-07 7.129881e-07
8.055000e-10 5.879373e-07 7.093759e-07
8.060000e-10 5.849433e-07 7.057817e-07
8.065000e-10 5.819644e-07 7.022054e-07
8.070000e-10 5.790004e-07 6.986469e-07
8.075000e-10 5.760512e-07 6.951061e-07
8.080000e-10 5.731169e-07 6.915830e-07
8.085000e-10 5.701972e-07 6.880774e-07
8.090000e-10 5.672923e-07 6.845892e-07
8.095000e-10 5.644018e-07 6.811185e-07
8.100000e-10 5.615259e-07 6.776650e-07
8.105000e-10 5.586645e-07 6.742288e-07
8.110000e-10 5.558173e-07 6.708096e-07
8.115000e-10 5.529845e-07 6.674075e-07
8.120000e-10 5.501659e-07 6.640224e-07
8.125000e-10 5.473614e-07 6.606541e-07
8.130000e-10 5.445711e-07 6.573027e-07
8.135000e-10 5.417947e-07 6.539679e-07
8.140000e-10 5.390323e-07 6.506498e-07
8.145000e-10 5.362837e-07 6.473483e-07
8.150000e-10 5.335490e-07 6.440632e-07
8.155000e-10 5.308279e-07 6.407945e-07
8.160000e-10 5.281206e-07 6.375421e-07
8.165000e-10 5.254269e-07 6.343059e-07
8.170000e-10 5.227467e-07 6.310859e-07
8.175000e-10 5.200799e-07 6.278820e-07
8.180000e-10 5.174266e-07 6.246940e-07
8.185000e-10 5.147866e-07 6.215220e-07
8.190000e-10 5.121599e-07 6.183658e-07
8.195000e-10 5.095464e-07 6.152254e-07
8.200000e-10 5.069460e-07 6.121007e-07
8.205000e-10 5.043587e-07 6.089916e-07
8.210000e-10 5.017844e-07 6.058980e-07
8.215000e-10 4.992231e-07 6.028198e-07
8.220000e-10 4.966746e-07 5.997571e-07
8.225000e-10 4.941390e-07 5.967096e-07
8.230000e-10 4.916161e-07 5.936774e-07
8.235000e-10 4.891059e-07 5.906604e-07
8.240000e-10 4.866084e-07 5.876584e-07
8.245000e-10 4.841234e-07 5.846714e-07
8.250000e-10 4.816509e-07 5.816994e-07
8.255000e-10 4.791909e-07 5.787422e-07
8.260000e-10 4.767432e-07 5.757999e-07
8.265000e-10 4.743079e-07 5.728722e-07
8.270000e-10 4.718848e-07 5.699592e-07
8.275000e-10 4.694740e-07 5.670608e-07
8.280000e-10 4.670753e-07 5.641768e-07
8.285000e-10 4.646886e-07 5.613073e-07
8.290000e-10 4.623140e-07 5.584522e-07
8.295000e-10 4.599514e-07 5.556114e-07
8.300000e-10 4.576006e-07 5.527847e-07
8.305000e-10 4.552617e-07 5.499723e-07
8.310000e-10 4.529346e-07 5.471739e-07
8.315000e-10 4.506192e-07 5.443895e-07
8.320000e-10 4.483155e-07 5.416191e-07
8.325000e-10 4.460234e-07 5.388625e-07
8.330000e-10 4.437429e-07 5.361198e-07
8.335000e-10 4.414738e-07 5.333908e-07
8.340000e-10 4.392162e-07 5.306755e-07
8.345000e-10 4.369700e-07 5.279738e-07
8.350000e-10 4.347351e-07 5.252856e-07
8.355000e-10 4.325114e-07 5.226109e-07
8.360000e-10 4.302990e-07 5.199496e-07
8.365000e-10 4.280978e-07 5.173017e-07
8.370000e-10 4.259076e-07 5.146670e-07
8.375000e-10 4.237286e-07 5.120455e-07
8.380000e-10 4.215605e-07 5.094372e-07
8.385000e-10 4.194033e-07 5.068420e-07
8.390000e-10 4.172570e-07 5.042598e-07
8.395000e-10 4.151216e-07 5.016905e-07
8.400000e-10 4.129970e-07 4.991342e-07
8.405000e-10 4.108830e-07 4.965906e-07
8.410000e-10 4.087798e-07 4.940599e-07
8.415000e-10 4.066871e-07 4.915418e-07
8.420000e-10 4.046051e-07 4.890364e-07
8.425000e-10 4.025335e-07 4.865435e-07
8.430000e-10 4.004724e-07 4.840632e-07
8.435000e-10 3.984218e-07 4.815953e-07
8.440000e-10 3.963815e-07 4.791398e-07
8.445000e-10 3.943515e-07 4.766966e-07
8.450000e-10 3.923317e-07 4.742657e-07
8.455000e-10 3.903222e-07 4.718471e-07
8.460000e-10 3.883228e-07 4.694405e-07
8.465000e-10 3.863335e-07 4.670461e-07
8.470000e-10 3.843543e-07 4.646637e-07
8.475000e-10 3.823851e-07 4.622933e-07
8.480000e-10 3.804258e-07 4.599348e-07
8.485000e-10 3.784764e-07 4.575881e-07
8.490000e-10 3.765369e-07 4.552532e-07
8.495000e-10 3.746072e-07 4.529301e-07
8.500000e-10 3.726873e-07 4.506187e-07
8.505000e-10 3.707771e-07 4.483188e-07
8.510000e-10 3.688765e-07 4.460306e-07
8.515000e-10 3.669856e-07 4.437538e-07
8.520000e-10 3.651042e-07 4.414885e-07
8.525000e-10 3.632323e-07 4.392346e-07
8.530000e-10 3.613700e-07 4.369921e-07
8.535000e-10 3.595170e-07 4.347608e-07
8.540000e-10 3.576734e-07 4.325408e-07
8.545000e-10 3.558392e-07 4.303319e-07
8.550000e-10 3.540142e-07 4.281341e-07
8.555000e-10 3.521985e-07 4.259474e-07
8.560000e-10 3.503919e-07 4.237718e-07
8.565000e-10 3.485946e-07 4.216070e-07
8.570000e-10 3.468063e-07 4.194532e-07
8.575000e-10 3.450270e-07 4.173102e-07
8.580000e-10 3.432568e-07 4.151780e-07
8.585000e-10 3.414956e-07 4.130566e-07
8.590000e-10 3.397433e-07 4.109458e-07
8.595000e-10 3.379998e-07 4.088457e-07
8.600000e-10 3.362652e-07 4.067561e-07
8.605000e-10 3.345394e-07 4.046771e-07
8.610000e-10 3.328223e-07 4.026085e-07
8.615000e-10 3.311139e-07 4.005504e-07
8.620000e-10 3.294142e-07 3.985027e-07
8.625000e-10 3.277231e-07 3.964652e-07
8.630000e-10 3.260406e-07 3.944381e-07
8.635000e-10 3.243666e-07 3.924212e-07
8.640000e-10 3.227010e-07 3.904144e-07
8.645000e-10 3.210440e-07 3.884177e-07
8.650000e-10 3.193953e-07 3.864312e-07
8.655000e-10 3.177550e-07 3.844546e-07
8.660000e-10 3.161230e-07 3.824880e-07
8.665000e-10 3.144993e-07 3.805314e-07
8.670000e-10 3.128838e-07 3.785846e-07
8.675000e-10 3.112766e-07 3.766476e-07
8.680000e-10 3.096775e-07 3.747204e-07
8.685000e-10 3.080865e-07 3.728029e-07
8.690000e-10 3.065035e-07 3.708951e-07
8.695000e-10 3.049286e-07 3.689970e-07
8.700000e-10 3.033617e-07 3.671084e-07
8.705000e-10 3.018028e-07 3.652294e-07
8.710000e-10 3.002517e-07 3.633598e-07
8.715000e-10 2.987086e-07 3.614997e-07
8.720000e-10 2.971732e-07 3.596490e-07
8.725000e-10 2.956457e-07 3.578076e-07
8.730000e-10 2.941259e-07 3.559755e-07
8.735000e-10 2.926139e-07 3.541527e-07
8.740000e-10 2.911095e-07 3.523391e-07
8.745000e-10 2.896128e-07 3.505346e-07
8.750000e-10 2.881236e-07 3.487393e-07
8.755000e-10 2.866421e-07 3.469530e-07
8.760000e-10 2.851680e-07 3.451758e-07
8.765000e-10 2.837015e-07 3.434076e-07
8.770000e-10 2.822424e-07 3.416482e-07
8.775000e-10 2.807907e-07 3.398978e-07
8.780000e-10 2.793464e-07 3.381563e-07
8.785000e-10 2.779094e-07 3.364235e-07
8.790000e-10 2.764797e-07 3.346995e-07
8.795000e-10 2.750573e-07 3.329842e-07
8.800000e-10 2.736422e-07 3.312776e-07
8.805000e-10 2.722342e-07 3.295796e-07
8.810000e-10 2.708334e-07 3.278902e-07
8.815000e-10 2.694397e-07 3.262094e-07
8.820000e-10 2.680531e-07 3.245371e-07
8.825000e-10 2.666736e-07 3.228732e-07
8.830000e-10 2.653010e-07 3.212177e-07
8.835000e-10 2.639355e-07 3.195707e-07
8.840000e-10 2.625769e-07 3.179319e-07
8.845000e-10 2.612252e-07 3.163015e-07
8.850000e-10 2.598804e-07 3.146793e-07
8.855000e-10 2.585424e-07 3.130653e-07
8.860000e-10 2.572113e-07 3.114595e-07
8.865000e-10 2.558869e-07 3.098618e-07
8.870000e-10 2.545692e-07 3.082722e-07
8.875000e-10 2.532583e-07 3.066907e-07
8.880000e-10 2.519540e-07 3.051172e-07
8.885000e-10 2.506564e-07 3.035516e-07
8.890000e-10 2.493654e-07 3.019940e-07
8.895000e-10 2.480809e-07 3.004443e-07
8.900000e-10 2.468030e-07 2.989024e-07
8.905000e-10 2.455316e-07 2.973683e-07
8.910000e-10 2.442667e-07 2.958420e-07
8.915000e-10 2.430082e-07 2.943235e-07
8.920000e-10 2.417562e-07 2.928126e-07
8.925000e-10 2.405105e-07 2.913094e-07
8.930000e-10 2.392711e-07 2.898138e-07
8.935000e-10 2.380381e-07 2.883258e-07
8.940000e-10 2.368114e-07 2.868454e-07
8.945000e-10 2.355909e-07 2.853724e-07
8.950000e-10 2.343766e-07 2.839069e-07
8.955000e-10 2.331685e-07 2.824489e-07
8.960000e-10 2.319666e-07 2.809982e-07
8.965000e-10 2.307708e-07 2.795549e-07
8.970000e-10 2.295811e-07 2.781190e-07
8.975000e-10 2.283974e-07 2.766903e-07
8.980000e-10 2.272198e-07 2.752688e-07
8.985000e-10 2.260482e-07 2.738546e-07
8.990000e-10 2.248826e-07 2.724476e-07
8.995000e-10 2.237229e-07 2.710477e-07
9.000000e-10 2.225691e-07 2.696549e-07
9.005000e-10 2.214212e-07 2.682691e-07
9.010000e-10 2.202792e-07 2.668904e-07
9.015000e-10 2.191430e-07 2.655187e-07
9.020000e-10 2.180126e-07 2.641540e-07
9.025000e-10 2.168879e-07 2.627962e-07
9.030000e-10 2.157690e-07 2.614453e-07
9.035000e-10 2.146558e-07 2.601012e-07
9.040000e-10 2.135483e-07 2.587640e-07
9.045000e-10 2.124464e-07 2.574336e-07
9.050000e-10 2.113502e-07 2.561099e-07
9.055000e-10 2.102595e-07 2.547929e-07
9.060000e-10 2.091745e-07 2.534827e-07
9.065000e-10 2.080949e-07 2.521791e-07
9.070000e-10 2.070209e-07 2.508821e-07
9.075000e-10 2.059524e-07 2.495917e-07
9.080000e-10 2.048893e-07 2.483079e-07
9.085000e-10 2.038316e-07 2.470306e-07
9.090000e-10 2.027794e-07 2.457598e-07
9.095000e-10 2.017325e-07 2.444954e-07
9.100000e-10 2.006909e-07 2.432375e-07
9.105000e-10 1.996547e-07 2.419860e-07
9.110000e-10 1.986238e-07 2.407408e-07
9.115000e-10 1.975981e-07 2.395020e-07
9.120000e-10 1.965777e-07 2.382694e-07
9.125000e-10 1.955625e-07 2.370432e-07
9.130000e-10 1.945525e-07 2.358232e-07
9.135000e-10 1.935476e-07 2.346093e-07
9.140000e-10 1.925479e-07 2.334017e-07
9.145000e-10 1.915533e-07 2.322002e-07
9.150000e-10 1.905638e-07 2.310048e-07
9.155000e-10 1.895793e-07 2.298155e-07
9.160000e-10 1.885999e-07 2.286322e-07
9.165000e-10 1.876255e-07 2.274550e-07
9.170000e-10 1.866560e-07 2.262838e-07
9.175000e-10 1.856915e-07 2.251185e-07
9.180000e-10 1.847320e-07 2.239591e-07
9.185000e-10 1.837773e-07 2.228057e-07
9.190000e-10 1.828275e-07 2.216581e-07
9.195000e-10 1.818826e-07 2.205164e-07
9.200000e-10 1.809425e-07 2.193805e-07
9.205000e-10 1.800073e-07 2.182504e-07
9.210000e-10 1.790768e-07 2.171260e-07
9.215000e-10 1.781511e-07 2.160073e-07
9.220000e-10 1.772301e-07 2.148944e-07
9.225000e-10 1.763138e-07 2.137871e-07
9.230000e-10 1.754022e-07 2.126855e-07
9.235000e-10 1.744953e-07 2.115894e-07
9.240000e-10 1.735930e-07 2.104990e-07
9.245000e-10 1.726953e-07 2.094141e-07
9.250000e-10 1.718023e-07 2.083347e-07
9.255000e-10 1.709138e-07 2.072609e-07
9.260000e-10 1.700298e-07 2.061925e-07
9.265000e-10 1.691504e-07 2.051296e-07
9.270000e-10 1.682755e-07 2.040720e-07
9.275000e-10 1.674050e-07 2.030199e-07
9.280000e-10 1.665391e-07 2.019732e-07
9.285000e-10 1.656775e-07 2.009317e-07
9.290000e-10 1.648204e-07 1.998956e-07
9.295000e-10 1.639676e-07 1.988648e-07
9.300000e-10 1.631192e-07 1.978392e-07
9.305000e-10 1.622752e-07 1.968189e-07
9.310000e-10 1.614355e-07 1.958037e-07
9.315000e-10 1.606001e-07 1.947938e-07
9.320000e-10 1.597690e-07 1.937889e-07
9.325000e-10 1.589421e-07 1.927893e-07
9.330000e-10 1.581195e-07 1.917947e-07
9.335000e-10 1.573010e-07 1.908052e-07
9.340000e-10 1.564868e-07 1.898207e-07
9.345000e-10 1.556768e-07 1.888413e-07
9.350000e-10 1.548709e-07 1.878668e-07
9.355000e-10 1.540691e-07 1.868974e-07
9.360000e-10 1.532714e-07 1.859329e-07
9.365000e-10 1.524779e-07 1.849733e-07
9.370000e-10 1.516884e-07 1.840186e-07
9.375000e-10 1.509029e-07 1.830688e-07
9.380000e-10 1.501215e-07 1.821238e-07
9.385000e-10 1.493441e-07 1.811837e-07
9.390000e-10 1.485706e-07 1.802483e-07
9.395000e-10 1.478012e-07 1.793178e-07
9.400000e-10 1.470357e-07 1.783919e-07
9.405000e-10 1.462741e-07 1.774709e-07
9.410000e-10 1.455164e-07 1.765545e-07
9.415000e-10 1.447626e-07 1.756428e-07
9.420000e-10 1.440126e-07 1.747357e-07
9.425000e-10 1.432666e-07 1.738333e-07
9.430000e-10 1.425243e-07 1.729356e-07
9.435000e-10 1.417859e-07 1.720423e-07
9.440000e-10 1.410512e-07 1.711537e-07
9.445000e-10 1.403203e-07 1.702696e-07
9.450000e-10 1.395932e-07 1.693900e-07
9.455000e-10 1.388698e-07 1.685149e-07
9.460000e-10 1.381501e-07 1.676443e-07
9.465000e-10 1.374341e-07 1.667782e-07
9.470000e-10 1.367218e-07 1.659164e-07
9.475000e-10 1.360131e-07 1.650591e-07
9.480000e-10 1.353081e-07 1.642062e-07
9.485000e-10 1.346067e-07 1.633576e-07
9.490000e-10 1.339089e-07 1.625134e-07
9.495000e-10 1.332146e-07 1.616734e-07
9.500000e-10 1.325240e-07 1.608378e-07
9.505000e-10 1.318369e-07 1.600065e-07
9.510000e-10 1.311533e-07 1.591794e-07
9.515000e-10 1.304732e-07 1.583565e-07
9.520000e-10 1.297966e-07 1.575378e-07
9.525000e-10 1.291235e-07 1.567234e-07
9.530000e-10 1.284539e-07 1.559131e-07
9.535000e-10 1.277877e-07 1.551069e-07
9.540000e-10 1.271249e-07 1.543049e-07
9.545000e-10 1.264655e-07 1.535070e-07
9.550000e-10 1.258095e-07 1.527131e-07
9.555000e-10 1.251569e-07 1.519234e-07
9.560000e-10 1.245077e-07 1.511376e-07
9.565000e-10 1.238618e-07 1.503559e-07
9.570000e-10 1.232191e-07 1.495782e-07
9.575000e-10 1.225798e-07 1.488045e-07
9.580000e-10 1.219438e-07 1.480347e-07
9.585000e-10 1.213111e-07 1.472689e-07
9.590000e-10 1.206816e-07 1.465070e-07
9.595000e-10 1.200553e-07 1.457490e-07
9.600000e-10 1.194323e-07 1.449949e-07
9.605000e-10 1.188125e-07 1.442446e-07
9.610000e-10 1.181958e-07 1.434982e-07
9.615000e-10 1.175824e-07 1.427556e-07
9.620000e-10 1.169721e-07 1.420169e-07
9.625000e-10 1.163649e-07 1.412819e-07
9.630000e-10 1.157608e-07 1.405506e-07
9.635000e-10 1.151599e-07 1.398231e-07
9.640000e-10 1.145620e-07 1.390994e-07
9.645000e-10 1.139672e-07 1.383793e-07
9.650000e-10 1.133755e-07 1.376630e-07
9.655000e-10 1.127868e-07 1.369503e-07
9.660000e-10 1.122012e-07 1.362413e-07
9.665000e-10 1.116186e-07 1.355359e-07
9.670000e-10 1.110389e-07 1.348341e-07
9.675000e-10 1.104623e-07 1.341359e-07
9.680000e-10 1.098886e-07 1.334413e-07
9.685000e-10 1.093179e-07 1.327503e-07
9.690000e-10 1.087501e-07 1.320628e-07
9.695000e-10 1.081852e-07 1.313788e-07
9.700000e-10 1.076232e-07 1.306984e-07
9.705000e-10 1.070642e-07 1.300214e-07
9.710000e-10 1.065080e-07 1.293479e-07
9.715000e-10 1.059547e-07 1.286778e-07
9.720000e-10 1.054042e-07 1.280112e-07
9.725000e-10 1.048565e-07 1.273481e-07
9.730000e-10 1.043117e-07 1.266883e-07
9.735000e-10 1.037697e-07 1.260319e-07
9.740000e-10 1.032305e-07 1.253788e-07
9.745000e-10 1.026940e-07 1.247292e-07
9.750000e-10 1.021604e-07 1.240828e-07
9.755000e-10 1.016294e-07 1.234398e-07
9.760000e-10 1.011012e-07 1.228001e-07
9.765000e-10 1.005758e-07 1.221636e-07
9.770000e-10 1.000530e-07 1.215304e-07
9.775000e-10 9.953291e-08 1.209005e-07
9.780000e-10 9.901551e-08 1.202738e-07
9.785000e-10 9.850078e-08 1.196504e-07
9.790000e-10 9.798871e-08 1.190301e-07
9.795000e-10 9.747927e-08 1.184130e-07
9.800000e-10 9.697246e-08 1.177991e-07
9.805000e-10 9.646826e-08 1.171883e-07
9.810000e-10 9.596666e-08 1.165807e-07
9.815000e-10 9.546764e-08 1.159762e-07
9.820000e-10 9.497120e-08 1.153748e-07
9.825000e-10 9.447732e-08 1.147765e-07
9.830000e-10 9.398598e-08 1.141812e-07
9.835000e-10 9.349718e-08 1.135891e-07
9.840000e-10 9.301090e-08 1.129999e-07
9.845000e-10 9.252712e-08 1.124138e-07
9.850000e-10 9.204584e-08 1.118307e-07
9.855000e-10 9.156705e-08 1.112506e-07
9.860000e-10 9.109072e-08 1.106735e-07
9.865000e-10 9.061685e-08 1.100993e-07
9.870000e-10 9.014542e-08 1.095281e-07
9.875000e-10 8.967643e-08 1.089599e-07
9.880000e-10 8.920985e-08 1.083945e-07
9.885000e-10 8.874568e-08 1.078321e-07
9.890000e-10 8.828391e-08 1.072725e-07
9.895000e-10 8.782452e-08 1.067159e-07
9.900000e-10 8.736750e-08 1.061621e-07
9.905000e-10 8.691284e-08 1.056111e-07
9.910000e-10 8.646052e-08 1.050630e-07
9.915000e-10 8.601054e-08 1.045177e-07
9.920000e-10 8.556288e-08 1.039752e-07
9.925000e-10 8.511753e-08 1.034354e-07
9.930000e-10 8.467448e-08 1.028985e-07
9.935000e-10 8.423372e-08 1.023643e-07
9.940000e-10 8.379523e-08 1.018329e-07
9.945000e-10 8.335901e-08 1.013042e-07
9.950000e-10 8.292504e-08 1.007782e-07
9.955000e-10 8.249331e-08 1.002550e-07
9.960000e-10 8.206381e-08 9.973440e-08
9.965000e-10 8.163653e-08 9.921650e-08
9.970000e-10 8.121145e-08 9.870127e-08
9.975000e-10 8.078857e-08 9.818869e-08
9.980000e-10 8.036787e-08 9.767875e-08
9.985000e-10 7.994934e-08 9.717144e-08
9.990000e-10 7.953298e-08 9.666674e-08
9.995000e-10 7.911877e-08 9.616463e-08
1.000000e-09 7.870670e-08 9.566511e-08
1.000500e-09 7.829675e-08 9.516816e-08
1.001000e-09 7.788893e-08 9.467377e-08
1.001500e-09 7.748321e-08 9.418193e-08
1.002000e-09 7.707959e-08 9.369261e-08
1.002500e-09 7.667805e-08 9.320582e-08
1.003000e-09 7.627859e-08 9.272154e-08
1.003500e-09 7.588119e-08 9.223974e-08
1.004000e-09 7.548584e-08 9.176044e-08
1.004500e-09 7.509254e-08 9.128359e-08
1.005000e-09 7.470128e-08 9.080921e-08
1.005500e-09 7.431203e-08 9.033727e-08
1.006000e-09 7.392480e-08 8.986776e-08
1.006500e-09 7.353956e-08 8.940067e-08
1.007000e-09 7.315632e-08 8.893599e-08
1.007500e-09 7.277507e-08 8.847370e-08
1.008000e-09 7.239578e-08 8.801379e-08
1.008500e-09 7.201845e-08 8.755625e-08
1.009000e-09 7.164307e-08 8.710107e-08
1.009500e-09 7.126964e-08 8.664824e-08
1.010000e-09 7.089814e-08 8.619774e-08
1.010500e-09 7.052855e-08 8.574956e-08
1.011000e-09 7.016088e-08 8.530370e-08
1.011500e-09 6.979511e-08 8.486013e-08
1.012000e-09 6.943124e-08 8.441885e-08
1.012500e-09 6.906924e-08 8.397984e-08
1.013000e-09 6.870912e-08 8.354310e-08
1.013500e-09 6.835086e-08 8.310860e-08
1.014000e-09 6.799445e-08 8.267635e-08
1.014500e-09 6.763989e-08 8.224633e-08
1.015000e-09 6.728716e-08 8.181853e-08
1.015500e-09 6.693626e-08 8.139293e-08
1.016000e-09 6.658717e-08 8.096953e-08
1.016500e-09 6.623989e-08 8.054831e-08
1.017000e-09 6.589441e-08 8.012926e-08
1.017500e-09 6.555071e-08 7.971238e-08
1.018000e-09 6.520879e-08 7.929765e-08
1.018500e-09 6.486865e-08 7.888505e-08
1.019000e-09 6.453026e-08 7.847459e-08
1.019500e-09 6.419363e-08 7.806624e-08
1.020000e-09 6.385873e-08 7.766000e-08
1.020500e-09 6.352557e-08 7.725585e-08
1.021000e-09 6.319414e-08 7.685380e-08
1.021500e-09 6.286442e-08 7.645381e-08
1.022000e-09 6.253641e-08 7.605589e-08
1.022500e-09 6.221010e-08 7.566003e-08
1.023000e-09 6.188548e-08 7.526621e-08
1.023500e-09 6.156254e-08 7.487442e-08
1.024000e-09 6.124127e-08 7.448465e-08
1.024500e-09 6.092166e-08 7.409690e-08
1.025000e-09 6.060371e-08 7.371115e-08
1.025500e-09 6.028741e-08 7.332739e-08
1.026000e-09 5.997274e-08 7.294561e-08
1.026500e-09 5.965971e-08 7.256580e-08
1.027000e-09 5.934830e-08 7.218795e-08
1.027500e-09 5.903850e-08 7.181206e-08
1.028000e-09 5.873030e-08 7.143811e-08
1.028500e-09 5.842370e-08 7.106608e-08
1.029000e-09 5.811869e-08 7.069598e-08
1.029500e-09 5.781526e-08 7.032780e-08
1.030000e-09 5.751341e-08 6.996151e-08
1.030500e-09 5.721312e-08 6.959711e-08
1.031000e-09 5.691438e-08 6.923460e-08
1.031500e-09 5.661719e-08 6.887396e-08
1.032000e-09 5.632154e-08 6.851519e-08
1.032500e-09 5.602743e-08 6.815827e-08
1.033000e-09 5.573484e-08 6.780319e-08
1.033500e-09 5.544376e-08 6.744995e-08
1.034000e-09 5.515420e-08 6.709853e-08
1.034500e-09 5.486613e-08 6.674893e-08
1.035000e-09 5.457956e-08 6.640113e-08
1.035500e-09 5.429448e-08 6.605514e-08
1.036000e-09 5.401087e-08 6.571093e-08
1.036500e-09 5.372873e-08 6.536850e-08
1.037000e-09 5.344806e-08 6.502784e-08
1.037500e-09 5.316884e-08 6.468895e-08
1.038000e-09 5.289107e-08 6.435180e-08
1.038500e-09 5.261474e-08 6.401640e-08
1.039000e-09 5.233985e-08 6.368273e-08
1.039500e-09 5.206638e-08 6.335079e-08
1.040000e-09 5.179432e-08 6.302057e-08
1.040500e-09 5.152368e-08 6.269205e-08
1.041000e-09 5.125445e-08 6.236523e-08
1.041500e-09 5.098661e-08 6.204010e-08
1.042000e-09 5.072015e-08 6.171665e-08
1.042500e-09 5.045509e-08 6.139488e-08
1.043000e-09 5.019139e-08 6.107477e-08
1.043500e-09 4.992907e-08 6.075632e-08
1.044000e-09 4.966810e-08 6.043951e-08
1.044500e-09 4.940850e-08 6.012435e-08
1.045000e-09 4.915023e-08 5.981081e-08
1.045500e-09 4.889331e-08 5.949890e-08
1.046000e-09 4.863772e-08 5.918860e-08
1.046500e-09 4.838346e-08 5.887990e-08
1.047000e-09 4.813052e-08 5.857281e-08
1.047500e-09 4.787889e-08 5.826730e-08
1.048000e-09 4.762856e-08 5.796337e-08
1.048500e-09 4.737954e-08 5.766102e-08
1.049000e-09 4.713181e-08 5.736023e-08
1.049500e-09 4.688536e-08 5.706100e-08
1.050000e-09 4.664020e-08 5.676332e-08
1.050500e-09 4.639631e-08 5.646718e-08
1.051000e-09 4.615368e-08 5.617257e-08
1.051500e-09 4.591231e-08 5.587949e-08
1.052000e-09 4.567220e-08 5.558792e-08
1.052500e-09 4.543333e-08 5.529787e-08
1.053000e-09 4.519571e-08 5.500931e-08
1.053500e-09 4.495932e-08 5.472225e-08
1.054000e-09 4.472415e-08 5.443668e-08
1.054500e-09 4.449021e-08 5.415259e-08
1.055000e-09 4.425748e-08 5.386997e-08
1.055500e-09 4.402596e-08 5.358881e-08
1.056000e-09 4.379565e-08 5.330911e-08
1.056500e-09 4.356653e-08 5.303085e-08
1.057000e-09 4.333860e-08 5.275404e-08
1.057500e-09 4.311186e-08 5.247866e-08
1.058000e-09 4.288629e-08 5.220471e-08
1.058500e-09 4.266189e-08 5.193218e-08
1.059000e-09 4.243867e-08 5.166106e-08
1.059500e-09 4.221660e-08 5.139135e-08
1.060000e-09 4.199568e-08 5.112303e-08
1.060500e-09 4.177592e-08 5.085610e-08
1.061000e-09 4.155729e-08 5.059056e-08
1.061500e-09 4.133980e-08 5.032639e-08
1.062000e-09 4.112344e-08 5.006359e-08
1.062500e-09 4.090821e-08 4.980216e-08
1.063000e-09 4.069410e-08 4.954208e-08
1.063500e-09 4.048110e-08 4.928334e-08
1.064000e-09 4.026920e-08 4.902595e-08
1.064500e-09 4.005841e-08 4.876990e-08
1.065000e-09 3.984871e-08 4.851517e-08
1.065500e-09 3.964011e-08 4.826176e-08
1.066000e-09 3.943258e-08 4.800966e-08
1.066500e-09 3.922614e-08 4.775887e-08
1.067000e-09 3.902077e-08 4.750939e-08
1.067500e-09 3.881647e-08 4.726119e-08
1.068000e-09 3.861323e-08 4.701429e-08
1.068500e-09 3.841105e-08 4.676866e-08
1.069000e-09 3.820992e-08 4.652431e-08
1.069500e-09 3.800983e-08 4.628122e-08
1.070000e-09 3.781079e-08 4.603940e-08
1.070500e-09 3.761278e-08 4.579883e-08
1.071000e-09 3.741580e-08 4.555951e-08
1.071500e-09 3.721985e-08 4.532143e-08
1.072000e-09 3.702491e-08 4.508458e-08
1.072500e-09 3.683099e-08 4.484897e-08
1.073000e-09 3.663808e-08 4.461457e-08
1.073500e-09 3.644618e-08 4.438139e-08
1.074000e-09 3.625527e-08 4.414943e-08
1.074500e-09 3.606535e-08 4.391866e-08
1.075000e-09 3.587642e-08 4.368910e-08
1.075500e-09 3.568848e-08 4.346072e-08
1.076000e-09 3.550151e-08 4.323353e-08
1.076500e-09 3.531552e-08 4.300752e-08
1.077000e-09 3.513049e-08 4.278268e-08
1.077500e-09 3.494643e-08 4.255901e-08
1.078000e-09 3.476333e-08 4.233650e-08
1.078500e-09 3.458117e-08 4.211515e-08
1.079000e-09 3.439997e-08 4.189494e-08
1.079500e-09 3.421971e-08 4.167588e-08
1.080000e-09 3.404039e-08 4.145795e-08
1.080500e-09 3.386200e-08 4.124116e-08
1.081000e-09 3.368454e-08 4.102549e-08
1.081500e-09 3.350801e-08 4.081095e-08
1.082000e-09 3.333239e-08 4.059751e-08
1.082500e-09 3.315769e-08 4.038519e-08
1.083000e-09 3.298390e-08 4.017396e-08
1.083500e-09 3.281101e-08 3.996384e-08
1.084000e-09 3.263902e-08 3.975480e-08
1.084500e-09 3.246793e-08 3.954685e-08
1.085000e-09 3.229773e-08 3.933998e-08
1.085500e-09 3.212842e-08 3.913419e-08
1.086000e-09 3.195999e-08 3.892947e-08
1.086500e-09 3.179243e-08 3.872580e-08
1.087000e-09 3.162575e-08 3.852320e-08
1.087500e-09 3.145994e-08 3.832165e-08
1.088000e-09 3.129499e-08 3.812115e-08
1.088500e-09 3.113090e-08 3.792168e-08
1.089000e-09 3.096766e-08 3.772326e-08
1.089500e-09 3.080528e-08 3.752586e-08
1.090000e-09 3.064374e-08 3.732950e-08
1.090500e-09 3.048304e-08 3.713415e-08
1.091000e-09 3.032318e-08 3.693981e-08
1.091500e-09 3.016415e-08 3.674649e-08
1.092000e-09 3.000596e-08 3.655417e-08
1.092500e-09 2.984858e-08 3.636285e-08
1.093000e-09 2.969203e-08 3.617253e-08
1.093500e-09 2.953629e-08 3.598320e-08
1.094000e-09 2.938136e-08 3.579485e-08
1.094500e-09 2.922725e-08 3.560747e-08
1.095000e-09 2.907393e-08 3.542108e-08
1.095500e-09 2.892141e-08 3.523565e-08
1.096000e-09 2.876969e-08 3.505119e-08
1.096500e-09 2.861876e-08 3.486768e-08
1.097000e-09 2.846862e-08 3.468513e-08
1.097500e-09 2.831926e-08 3.450353e-08
1.098000e-09 2.817068e-08 3.432287e-08
1.098500e-09 2.802287e-08 3.414315e-08
1.099000e-09 2.787583e-08 3.396437e-08
1.099500e-09 2.772956e-08 3.378652e-08
1.100000e-09 2.758406e-08 3.360959e-08
1.100500e-09 2.743931e-08 3.343358e-08
1.101000e-09 2.729531e-08 3.325849e-08
1.101500e-09 2.715207e-08 3.308431e-08
1.102000e-09 2.700958e-08 3.291104e-08
1.102500e-09 2.686782e-08 3.273866e-08
1.103000e-09 2.672681e-08 3.256718e-08
1.103500e-09 2.658653e-08 3.239660e-08
1.104000e-09 2.644699e-08 3.222690e-08
1.104500e-09 2.630817e-08 3.205809e-08
1.105000e-09 2.617008e-08 3.189015e-08
1.105500e-09 2.603270e-08 3.172309e-08
1.106000e-09 2.589605e-08 3.155690e-08
1.106500e-09 2.576010e-08 3.139157e-08
1.107000e-09 2.562487e-08 3.122710e-08
1.107500e-09 2.549034e-08 3.106349e-08
1.108000e-09 2.535651e-08 3.090073e-08
1.108500e-09 2.522339e-08 3.073882e-08
1.109000e-09 2.509095e-08 3.057775e-08
1.109500e-09 2.495921e-08 3.041752e-08
1.110000e-09 2.482815e-08 3.025812e-08
1.110500e-09 2.469778e-08 3.009956e-08
1.111000e-09 2.456809e-08 2.994182e-08
1.111500e-09 2.443908e-08 2.978490e-08
1.112000e-09 2.431074e-08 2.962879e-08
1.112500e-09 2.418307e-08 2.947350e-08
1.113000e-09 2.405606e-08 2.931902e-08
1.113500e-09 2.392972e-08 2.916534e-08
1.114000e-09 2.380404e-08 2.901247e-08
1.114500e-09 2.367902e-08 2.886038e-08
1.115000e-09 2.355464e-08 2.870910e-08
1.115500e-09 2.343092e-08 2.855859e-08
1.116000e-09 2.330784e-08 2.840888e-08
1.116500e-09 2.318541e-08 2.825994e-08
1.117000e-09 2.306361e-08 2.811178e-08
1.117500e-09 2.294245e-08 2.796439e-08
1.118000e-09 2.282193e-08 2.781777e-08
1.118500e-09 2.270203e-08 2.767191e-08
1.119000e-09 2.258276e-08 2.752681e-08
1.119500e-09 2.246411e-08 2.738247e-08
1.120000e-09 2.234608e-08 2.723888e-08
1.120500e-09 2.222867e-08 2.709604e-08
1.121000e-09 2.211187e-08 2.695394e-08
1.121500e-09 2.199568e-08 2.681258e-08
1.122000e-09 2.188010e-08 2.667196e-08
1.122500e-09 2.176512e-08 2.653207e-08
1.123000e-09 2.165074e-08 2.639291e-08
1.123500e-09 2.153696e-08 2.625448e-08
1.124000e-09 2.142378e-08 2.611677e-08
1.124500e-09 2.131118e-08 2.597977e-08
1.125000e-09 2.119918e-08 2.584349e-08
1.125500e-09 2.108776e-08 2.570792e-08
1.126000e-09 2.097692e-08 2.557306e-08
1.126500e-09 2.086666e-08 2.543890e-08
1.127000e-09 2.075697e-08 2.530544e-08
1.127500e-09 2.064786e-08 2.517267e-08
1.128000e-09 2.053933e-08 2.504060e-08
1.128500e-09 2.043135e-08 2.490922e-08
1.129000e-09 2.032394e-08 2.477852e-08
1.129500e-09 2.021710e-08 2.464850e-08
1.130000e-09 2.011081e-08 2.451916e-08
1.130500e-09 2.000508e-08 2.439050e-08
1.131000e-09 1.989990e-08 2.426250e-08
1.131500e-09 1.979527e-08 2.413518e-08
1.132000e-09 1.969118e-08 2.400851e-08
1.132500e-09 1.958764e-08 2.388251e-08
1.133000e-09 1.948464e-08 2.375717e-08
1.133500e-09 1.938219e-08 2.363248e-08
1.134000e-09 1.928026e-08 2.350843e-08
1.134500e-09 1.917887e-08 2.338504e-08
1.135000e-09 1.907801e-08 2.326229e-08
1.135500e-09 1.897768e-08 2.314018e-08
1.136000e-09 1.887787e-08 2.301871e-08
1.136500e-09 1.877858e-08 2.289787e-08
1.137000e-09 1.867981e-08 2.277766e-08
1.137500e-09 1.858156e-08 2.265808e-08
1.138000e-09 1.848382e-08 2.253912e-08
1.138500e-09 1.838660e-08 2.242079e-08
1.139000e-09 1.828988e-08 2.230307e-08
1.139500e-09 1.819367e-08 2.218596e-08
1.140000e-09 1.809796e-08 2.206947e-08
1.140500e-09 1.800275e-08 2.195359e-08
1.141000e-09 1.790804e-08 2.183830e-08
1.141500e-09 1.781383e-08 2.172363e-08
1.142000e-09 1.772011e-08 2.160955e-08
1.142500e-09 1.762688e-08 2.149606e-08
1.143000e-09 1.753413e-08 2.138317e-08
1.143500e-09 1.744188e-08 2.127086e-08
1.144000e-09 1.735010e-08 2.115915e-08
1.144500e-09 1.725880e-08 2.104801e-08
1.145000e-09 1.716799e-08 2.093746e-08
1.145500e-09 1.707764e-08 2.082748e-08
1.146000e-09 1.698778e-08 2.071808e-08
1.146500e-09 1.689838e-08 2.060925e-08
1.147000e-09 1.680944e-08 2.050099e-08
1.147500e-09 1.672098e-08 2.039329e-08
1.148000e-09 1.663298e-08 2.028616e-08
1.148500e-09 1.654543e-08 2.017958e-08
1.149000e-09 1.645835e-08 2.007356e-08
1.149500e-09 1.637172e-08 1.996810e-08
1.150000e-09 1.628555e-08 1.986318e-08
1.150500e-09 1.619982e-08 1.975882e-08
1.151000e-09 1.611455e-08 1.965499e-08
1.151500e-09 1.602972e-08 1.955172e-08
1.152000e-09 1.594533e-08 1.944898e-08
1.152500e-09 1.586139e-08 1.934677e-08
1.153000e-09 1.577789e-08 1.924510e-08
1.153500e-09 1.569482e-08 1.914397e-08
1.154000e-09 1.561219e-08 1.904336e-08
1.154500e-09 1.552999e-08 1.894327e-08
1.155000e-09 1.544822e-08 1.884371e-08
1.155500e-09 1.536688e-08 1.874467e-08
1.156000e-09 1.528597e-08 1.864615e-08
1.156500e-09 1.520548e-08 1.854814e-08
1.157000e-09 1.512541e-08 1.845064e-08
1.157500e-09 1.504576e-08 1.835366e-08
1.158000e-09 1.496653e-08 1.825718e-08
1.158500e-09 1.488771e-08 1.816120e-08
1.159000e-09 1.480931e-08 1.806573e-08
1.159500e-09 1.473131e-08 1.797075e-08
1.160000e-09 1.465373e-08 1.787627e-08
1.160500e-09 1.457655e-08 1.778229e-08
1.161000e-09 1.449978e-08 1.768880e-08
1.161500e-09 1.442340e-08 1.759579e-08
1.162000e-09 1.434743e-08 1.750327e-08
1.162500e-09 1.427186e-08 1.741124e-08
1.163000e-09 1.419668e-08 1.731968e-08
1.163500e-09 1.412189e-08 1.722861e-08
1.164000e-09 1.404750e-08 1.713801e-08
1.164500e-09 1.397350e-08 1.704788e-08
1.165000e-09 1.389988e-08 1.695823e-08
1.165500e-09 1.382665e-08 1.686905e-08
1.166000e-09 1.375381e-08 1.678033e-08
1.166500e-09 1.368135e-08 1.669207e-08
1.167000e-09 1.360926e-08 1.660428e-08
1.167500e-09 1.353756e-08 1.651694e-08
1.168000e-09 1.346623e-08 1.643007e-08
1.168500e-09 1.339527e-08 1.634364e-08
1.169000e-09 1.332468e-08 1.625767e-08
1.169500e-09 1.325447e-08 1.617215e-08
1.170000e-09 1.318462e-08 1.608708e-08
1.170500e-09 1.311514e-08 1.600245e-08
1.171000e-09 1.304603e-08 1.591826e-08
1.171500e-09 1.297727e-08 1.583451e-08
1.172000e-09 1.290888e-08 1.575121e-08
1.172500e-09 1.284084e-08 1.566833e-08
1.173000e-09 1.277317e-08 1.558590e-08
1.173500e-09 1.270584e-08 1.550389e-08
1.174000e-09 1.263887e-08 1.542231e-08
1.174500e-09 1.257225e-08 1.534116e-08
1.175000e-09 1.250598e-08 1.526043e-08
1.175500e-09 1.244006e-08 1.518013e-08
1.176000e-09 1.237448e-08 1.510024e-08
1.176500e-09 1.230925e-08 1.502078e-08
1.177000e-09 1.224436e-08 1.494173e-08
1.177500e-09 1.217981e-08 1.486309e-08
1.178000e-09 1.211560e-08 1.478487e-08
1.178500e-09 1.205172e-08 1.470705e-08
1.179000e-09 1.198818e-08 1.462964e-08
1.179500e-09 1.192498e-08 1.455264e-08
1.180000e-09 1.186210e-08 1.447604e-08
1.180500e-09 1.179956e-08 1.439984e-08
1.181000e-09 1.173734e-08 1.432404e-08
1.181500e-09 1.167545e-08 1.424864e-08
1.182000e-09 1.161388e-08 1.417363e-08
1.182500e-09 1.155264e-08 1.409901e-08
1.183000e-09 1.149171e-08 1.402479e-08
1.183500e-09 1.143111e-08 1.395095e-08
1.184000e-09 1.137083e-08 1.387750e-08
1.184500e-09 1.131086e-08 1.380444e-08
1.185000e-09 1.125121e-08 1.373175e-08
1.185500e-09 1.119187e-08 1.365945e-08
1.186000e-09 1.113284e-08 1.358753e-08
1.186500e-09 1.107412e-08 1.351598e-08
1.187000e-09 1.101571e-08 1.344481e-08
1.187500e-09 1.095760e-08 1.337401e-08
1.188000e-09 1.089980e-08 1.330358e-08
1.188500e-09 1.084231e-08 1.323352e-08
1.189000e-09 1.078511e-08 1.316383e-08
1.189500e-09 1.072822e-08 1.309450e-08
1.190000e-09 1.067162e-08 1.302554e-08
1.190500e-09 1.061532e-08 1.295693e-08
1.191000e-09 1.055932e-08 1.288869e-08
1.191500e-09 1.050361e-08 1.282080e-08
1.192000e-09 1.044819e-08 1.275327e-08
1.192500e-09 1.039307e-08 1.268609e-08
1.193000e-09 1.033823e-08 1.261927e-08
1.193500e-09 1.028368e-08 1.255279e-08
1.194000e-09 1.022942e-08 1.248667e-08
1.194500e-09 1.017544e-08 1.242089e-08
1.195000e-09 1.012175e-08 1.235545e-08
1.195500e-09 1.006833e-08 1.229036e-08
1.196000e-09 1.001520e-08 1.222561e-08
1.196500e-09 9.962351e-09 1.216120e-08
1.197000e-09 9.909775e-09 1.209712e-08
1.197500e-09 9.857476e-09 1.203338e-08
1.198000e-09 9.805452e-09 1.196998e-08
1.198500e-09 9.753701e-09 1.190691e-08
1.199000e-09 9.702221e-09 1.184416e-08
1.199500e-09 9.651012e-09 1.178175e-08
1.200000e-09 9.600072e-09 1.171966e-08
