0.000000e+00 0 0
5.000000e-13 0 0
1.000000e-12 0 0
1.500000e-12 0 0
2.000000e-12 0 0
2.500000e-12 0 0
3.000000e-12 0 0
3.500000e-12 0 0
4.000000e-12 0 0
4.500000e-12 0 0
5.000000e-12 0 0
5.500000e-12 0 0
6.000000e-12 0 0
6.500000e-12 0 0
7.000000e-12 0 0
7.500000e-12 0 0
8.000000e-12 0 0
8.500000e-12 0 0
9.000000e-12 0 0
9.500000e-12 0 0
1.000000e-11 0 0
1.050000e-11 0 0
1.100000e-11 0 0
1.150000e-11 0 0
1.200000e-11 0 0
1.250000e-11 0 0
1.300000e-11 0 0
1.350000e-11 0 0
1.400000e-11 0 0
1.450000e-11 0 0
1.500000e-11 0 0
1.550000e-11 0 0
1.600000e-11 0 0
1.650000e-11 0 0
1.700000e-11 0 0
1.750000e-11 0 0
1.800000e-11 0 0
1.850000e-11 0 0
1.900000e-11 0 0
1.950000e-11 0 0
2.000000e-11 0 0
2.050000e-11 0 0
2.100000e-11 0 0
2.150000e-11 0 0
2.200000e-11 0 0
2.250000e-11 0 0
2.300000e-11 0 0
2.350000e-11 0 0
2.400000e-11 0 0
2.450000e-11 0 0
2.500000e-11 0 0
2.550000e-11 0 0
2.600000e-11 0 0
2.650000e-11 0 0
2.700000e-11 0 0
2.750000e-11 0 0
2.800000e-11 0 0
2.850000e-11 0 0
2.900000e-11 0 0
2.950000e-11 0 0
3.000000e-11 0 0
3.050000e-11 0 0
3.100000e-11 0 0
3.150000e-11 0 0
3.200000e-11 0 0
3.250000e-11 0 0
3.300000e-11 0 0
3.350000e-11 0 0
3.400000e-11 0 0
3.450000e-11 0 0
3.500000e-11 0 0
3.550000e-11 0 0
3.600000e-11 0 0
3.650000e-11 0 0
3.700000e-11 0 0
3.750000e-11 0 0
3.800000e-11 0 0
3.850000e-11 0 0
3.900000e-11 0 0
3.950000e-11 0 0
4.000000e-11 0 0
4.050000e-11 0 0
4.100000e-11 0 0
4.150000e-11 0 0
4.200000e-11 0 0
4.250000e-11 0 0
4.300000e-11 0 0
4.350000e-11 0 0
4.400000e-11 0 0
4.450000e-11 0 0
4.500000e-11 0 0
4.550000e-11 0 0
4.600000e-11 0 0
4.650000e-11 0 0
4.700000e-11 0 0
4.750000e-11 0 0
4.800000e-11 0 0
4.850000e-11 0 0
4.900000e-11 0 0
4.950000e-11 0 0
5.000000e-11 0 0
5.050000e-11 0 0
5.100000e-11 0 0
5.150000e-11 0 0
5.200000e-11 0 0
5.250000e-11 0 0
5.300000e-11 0 0
5.350000e-11 0 0
5.400000e-11 0 0
5.450000e-11 0 0
5.500000e-11 0 0
5.550000e-11 0 0
5.600000e-11 0 0
5.650000e-11 0 0
5.700000e-11 0 0
5.750000e-11 0 0
5.800000e-11 0 0
5.850000e-11 0 0
5.900000e-11 0 0
5.950000e-11 0 0
6.000000e-11 0 0
6.050000e-11 0 0
6.100000e-11 0 0
6.150000e-11 0 0
6.200000e-11 0 0
6.250000e-11 0 0
6.300000e-11 0 0
6.350000e-11 0 0
6.400000e-11 0 0
6.450000e-11 0 0
6.500000e-11 0 0
6.550000e-11 0 0
6.600000e-11 0 0
6.650000e-11 0 0
6.700000e-11 0 0
6.750000e-11 0 0
6.800000e-11 0 0
6.850000e-11 0 0
6.900000e-11 0 0
6.950000e-11 0 0
7.000000e-11 0 0
7.050000e-11 0 0
7.100000e-11 0 0
7.150000e-11 0 0
7.200000e-11 0 0
7.250000e-11 0 0
7.300000e-11 0 0
7.350000e-11 0 0
7.400000e-11 0 0
7.450000e-11 0 0
7.500000e-11 0 0
7.550000e-11 0 0
7.600000e-11 0 0
7.650000e-11 0 0
7.700000e-11 0 0
7.750000e-11 0 0
7.800000e-11 0 0
7.850000e-11 0 0
7.900000e-11 0 0
7.950000e-11 0 0
8.000000e-11 0 0
8.050000e-11 0 0
8.100000e-11 0 0
8.150000e-11 0 0
8.200000e-11 0 0
8.250000e-11 0 0
8.300000e-11 0 0
8.350000e-11 0 0
8.400000e-11 0 0
8.450000e-11 0 0
8.500000e-11 0 0
8.550000e-11 0 0
8.600000e-11 0 0
8.650000e-11 0 0
8.700000e-11 0 0
8.750000e-11 0 0
8.800000e-11 0 0
8.850000e-11 0 0
8.900000e-11 0 0
8.950000e-11 0 0
9.000000e-11 0 0
9.050000e-11 0 0
9.100000e-11 0 0
9.150000e-11 0 0
9.200000e-11 0 0
9.250000e-11 0 0
9.300000e-11 0 0
9.350000e-11 0 0
9.400000e-11 0 0
9.450000e-11 0 0
9.500000e-11 0 0
9.550000e-11 0 0
9.600000e-11 0 0
9.650000e-11 0 0
9.700000e-11 0 0
9.750000e-11 0 0
9.800000e-11 0 0
9.850000e-11 0 0
9.900000e-11 0 0
9.950000e-11 0 0
1.000000e-10 0 0
1.005000e-10 0 0
1.010000e-10 0 0
1.015000e-10 0 0
1.020000e-10 0 0
1.025000e-10 0 0
1.030000e-10 0 0
1.035000e-10 0 0
1.040000e-10 0 0
1.045000e-10 0 0
1.050000e-10 0 0
1.055000e-10 0 0
1.060000e-10 0 0
1.065000e-10 0 0
1.070000e-10 0 0
1.075000e-10 0 0
1.080000e-10 0 0
1.085000e-10 0 0
1.090000e-10 0 0
1.095000e-10 0 0
1.100000e-10 0 0
1.105000e-10 0 0
1.110000e-10 0 0
1.115000e-10 0 0
1.120000e-10 0 0
1.125000e-10 0 0
1.130000e-10 0 0
1.135000e-10 0 0
1.140000e-10 0 0
1.145000e-10 0 0
1.150000e-10 0 0
1.155000e-10 0 0
1.160000e-10 0 0
1.165000e-10 0 0
1.170000e-10 0 0
1.175000e-10 0 0
1.180000e-10 0 0
1.185000e-10 0 0
1.190000e-10 0 0
1.195000e-10 0 0
1.200000e-10 0 0
1.205000e-10 0 0
1.210000e-10 0 0
1.215000e-10 0 0
1.220000e-10 0 0
1.225000e-10 0 0
1.230000e-10 0 0
1.235000e-10 0 0
1.240000e-10 0 0
1.245000e-10 0 0
1.250000e-10 0 0
1.255000e-10 0 0
1.260000e-10 0 0
1.265000e-10 0 0
1.270000e-10 0 0
1.275000e-10 0 0
1.280000e-10 0 0
1.285000e-10 0 0
1.290000e-10 0 0
1.295000e-10 0 0
1.300000e-10 0 0
1.305000e-10 0 0
1.310000e-10 0 0
1.315000e-10 0 0
1.320000e-10 0 0
1.325000e-10 0 0
1.330000e-10 0 0
1.335000e-10 0 0
1.340000e-10 0 0
1.345000e-10 0 0
1.350000e-10 0 0
1.355000e-10 0 0
1.360000e-10 0 0
1.365000e-10 0 0
1.370000e-10 0 0
1.375000e-10 0 0
1.380000e-10 0 0
1.385000e-10 0 0
1.390000e-10 0 0
1.395000e-10 0 0
1.400000e-10 0 0
1.405000e-10 0 0
1.410000e-10 0 0
1.415000e-10 0 0
1.420000e-10 0 0
1.425000e-10 0 0
1.430000e-10 0 0
1.435000e-10 0 0
1.440000e-10 0 0
1.445000e-10 0 0
1.450000e-10 0 0
1.455000e-10 0 0
1.460000e-10 0 0
1.465000e-10 0 0
1.470000e-10 0 0
1.475000e-10 0 0
1.480000e-10 0 0
1.485000e-10 0 0
1.490000e-10 0 0
1.495000e-10 0 0
1.500000e-10 0 0
1.505000e-10 0 0
1.510000e-10 0 0
1.515000e-10 0 0
1.520000e-10 0 0
1.525000e-10 0 0
1.530000e-10 0 0
1.535000e-10 0 0
1.540000e-10 0 0
1.545000e-10 0 0
1.550000e-10 0 0
1.555000e-10 0 0
1.560000e-10 0 0
1.565000e-10 0 0
1.570000e-10 0 0
1.575000e-10 0 0
1.580000e-10 0 0
1.585000e-10 0 0
1.590000e-10 0 0
1.595000e-10 0 0
1.600000e-10 0 0
1.605000e-10 0 0
1.610000e-10 0 0
1.615000e-10 0 0
1.620000e-10 0 0
1.625000e-10 0 0
1.630000e-10 0 0
1.635000e-10 0 0
1.640000e-10 0 0
1.645000e-10 0 0
1.650000e-10 0 0
1.655000e-10 0 0
1.660000e-10 0 0
1.665000e-10 0 0
1.670000e-10 0 0
1.675000e-10 0 0
1.680000e-10 0 0
1.685000e-10 0 0
1.690000e-10 0 0
1.695000e-10 0 0
1.700000e-10 0 0
1.705000e-10 0 0
1.710000e-10 0 0
1.715000e-10 0 0
1.720000e-10 0 0
1.725000e-10 0 0
1.730000e-10 0 0
1.735000e-10 0 0
1.740000e-10 0 0
1.745000e-10 0 0
1.750000e-10 0 0
1.755000e-10 0 0
1.760000e-10 0 0
1.765000e-10 0 0
1.770000e-10 0 0
1.775000e-10 0 0
1.780000e-10 0 0
1.785000e-10 0 0
1.790000e-10 0 0
1.795000e-10 0 0
1.800000e-10 0 0
1.805000e-10 0 0
1.810000e-10 0 0
1.815000e-10 0 0
1.820000e-10 0 0
1.825000e-10 0 0
1.830000e-10 0 0
1.835000e-10 0 0
1.840000e-10 0 0
1.845000e-10 0 0
1.850000e-10 0 0
1.855000e-10 0 0
1.860000e-10 0 0
1.865000e-10 0 0
1.870000e-10 0 0
1.875000e-10 0 0
1.880000e-10 0 0
1.885000e-10 0 0
1.890000e-10 0 0
1.895000e-10 0 0
1.900000e-10 0 0
1.905000e-10 0 0
1.910000e-10 0 0
1.915000e-10 0 0
1.920000e-10 0 0
1.925000e-10 0 0
1.930000e-10 0 0
1.935000e-10 0 0
1.940000e-10 0 0
1.945000e-10 0 0
1.950000e-10 0 0
1.955000e-10 0 0
1.960000e-10 0 0
1.965000e-10 0 0
1.970000e-10 0 0
1.975000e-10 0 0
1.980000e-10 0 0
1.985000e-10 0 0
1.990000e-10 0 0
1.995000e-10 0 0
2.000000e-10 0 0
2.005000e-10 0 0
2.010000e-10 0 0
2.015000e-10 0 0
2.020000e-10 0 0
2.025000e-10 0 0
2.030000e-10 0 0
2.035000e-10 0 0
2.040000e-10 0 0
2.045000e-10 0 0
2.050000e-10 0 0
2.055000e-10 0 0
2.060000e-10 0 0
2.065000e-10 0 0
2.070000e-10 0 0
2.075000e-10 0 0
2.080000e-10 0 0
2.085000e-10 0 0
2.090000e-10 0 0
2.095000e-10 0 0
2.100000e-10 0 0
2.105000e-10 0 0
2.110000e-10 0 0
2.115000e-10 0 0
2.120000e-10 0 0
2.125000e-10 0 0
2.130000e-10 0 0
2.135000e-10 0 0
2.140000e-10 0 0
2.145000e-10 0 0
2.150000e-10 0 0
2.155000e-10 0 0
2.160000e-10 0 0
2.165000e-10 0 0
2.170000e-10 0 0
2.175000e-10 0 0
2.180000e-10 0 0
2.185000e-10 0 0
2.190000e-10 0 0
2.195000e-10 0 0
2.200000e-10 0 0
2.205000e-10 0 0
2.210000e-10 0 0
2.215000e-10 0 0
2.220000e-10 0 0
2.225000e-10 0 0
2.230000e-10 0 0
2.235000e-10 0 0
2.240000e-10 0 0
2.245000e-10 0 0
2.250000e-10 0 0
2.255000e-10 0 0
2.260000e-10 0 0
2.265000e-10 0 0
2.270000e-10 0 0
2.275000e-10 0 0
2.280000e-10 0 0
2.285000e-10 0 0
2.290000e-10 0 0
2.295000e-10 0 0
2.300000e-10 0 0
2.305000e-10 0 0
2.310000e-10 0 0
2.315000e-10 0 0
2.320000e-10 0 0
2.325000e-10 0 0
2.330000e-10 0 0
2.335000e-10 0 0
2.340000e-10 0 0
2.345000e-10 0 0
2.350000e-10 0 0
2.355000e-10 0 0
2.360000e-10 0 0
2.365000e-10 0 0
2.370000e-10 0 0
2.375000e-10 0 0
2.380000e-10 0 0
2.385000e-10 0 0
2.390000e-10 0 0
2.395000e-10 0 0
2.400000e-10 0 0
2.405000e-10 0 0
2.410000e-10 0 0
2.415000e-10 0 0
2.420000e-10 0 0
2.425000e-10 0 0
2.430000e-10 0 0
2.435000e-10 0 0
2.440000e-10 0 0
2.445000e-10 0 0
2.450000e-10 0 0
2.455000e-10 0 0
2.460000e-10 0 0
2.465000e-10 0 0
2.470000e-10 0 0
2.475000e-10 0 0
2.480000e-10 0 0
2.485000e-10 0 0
2.490000e-10 0 0
2.495000e-10 0 0
2.505000e-10 0.000000e+00 0
2.510000e-10 5.575898e-06 0
2.515000e-10 7.841823e-06 0
2.520000e-10 9.551024e-06 0
2.525000e-10 1.096747e-05 0
2.530000e-10 1.219407e-05 0
2.535000e-10 1.328393e-05 0
2.540000e-10 1.426880e-05 0
2.545000e-10 1.516948e-05 0
2.550000e-10 1.600052e-05 0
2.555000e-10 1.677259e-05 0
2.560000e-10 1.749378e-05 0
2.565000e-10 1.817043e-05 0
2.570000e-10 1.880761e-05 0
2.575000e-10 1.940944e-05 0
2.580000e-10 1.997938e-05 0
2.585000e-10 2.052029e-05 0
2.590000e-10 2.103465e-05 0
2.595000e-10 2.152456e-05 0
2.600000e-10 2.199187e-05 0
2.605000e-10 2.243818e-05 0
2.610000e-10 2.286491e-05 0
2.615000e-10 2.327333e-05 0
2.620000e-10 2.366455e-05 0
2.625000e-10 2.403960e-05 0
2.630000e-10 2.439938e-05 0
2.635000e-10 2.474473e-05 0
2.640000e-10 2.507640e-05 0
2.645000e-10 2.539508e-05 0
2.650000e-10 2.570141e-05 0
2.655000e-10 2.599595e-05 0
2.660000e-10 2.627927e-05 0
2.665000e-10 2.655184e-05 0
2.670000e-10 2.681414e-05 0
2.675000e-10 2.706659e-05 0
2.680000e-10 2.730961e-05 0
2.685000e-10 2.754355e-05 0
2.690000e-10 2.776878e-05 0
2.695000e-10 2.798562e-05 0
2.700000e-10 2.819439e-05 0
2.705000e-10 2.839538e-05 0
2.710000e-10 2.858886e-05 0
2.715000e-10 2.877510e-05 0
2.720000e-10 2.895434e-05 0
2.725000e-10 2.912682e-05 0
2.730000e-10 2.929275e-05 0
2.735000e-10 2.945236e-05 0
2.740000e-10 2.960584e-05 0
2.745000e-10 2.975338e-05 0
2.750000e-10 2.989517e-05 0
2.755000e-10 3.003137e-05 0
2.760000e-10 3.016217e-05 0
2.765000e-10 3.028771e-05 0
2.770000e-10 3.040814e-05 0
2.775000e-10 3.052362e-05 0
2.780000e-10 3.063429e-05 0
2.785000e-10 3.074027e-05 0
2.790000e-10 3.084171e-05 0
2.795000e-10 3.093871e-05 0
2.800000e-10 3.103141e-05 0
2.805000e-10 3.111991e-05 0.000000e+00
2.810000e-10 3.120433e-05 6.505214e-06
2.815000e-10 3.128478e-05 9.148794e-06
2.820000e-10 3.136135e-05 1.114286e-05
2.825000e-10 3.143415e-05 1.279538e-05
2.830000e-10 3.150327e-05 1.422642e-05
2.835000e-10 3.156881e-05 1.549792e-05
2.840000e-10 3.163085e-05 1.664693e-05
2.845000e-10 3.168949e-05 1.769772e-05
2.850000e-10 3.174480e-05 1.866727e-05
2.855000e-10 3.179686e-05 1.956802e-05
2.860000e-10 3.184576e-05 2.040941e-05
2.865000e-10 3.189158e-05 2.119884e-05
2.870000e-10 3.193438e-05 2.194221e-05
2.875000e-10 3.197423e-05 2.264435e-05
2.880000e-10 3.201121e-05 2.330927e-05
2.885000e-10 3.204539e-05 2.394034e-05
2.890000e-10 3.207683e-05 2.454043e-05
2.895000e-10 3.210558e-05 2.511199e-05
2.900000e-10 3.213173e-05 2.565718e-05
2.905000e-10 3.215532e-05 2.617788e-05
2.910000e-10 3.217641e-05 2.667573e-05
2.915000e-10 3.219506e-05 2.715221e-05
2.920000e-10 3.221132e-05 2.760864e-05
2.925000e-10 3.222526e-05 2.804620e-05
2.930000e-10 3.223692e-05 2.846595e-05
2.935000e-10 3.224635e-05 2.886886e-05
2.940000e-10 3.225360e-05 2.925580e-05
2.945000e-10 3.225872e-05 2.962760e-05
2.950000e-10 3.226176e-05 2.998497e-05
2.955000e-10 3.226276e-05 3.032861e-05
2.960000e-10 3.226177e-05 3.065914e-05
2.965000e-10 3.225884e-05 3.097715e-05
2.970000e-10 3.225400e-05 3.128316e-05
2.975000e-10 3.224729e-05 3.157769e-05
2.980000e-10 3.223876e-05 3.186121e-05
2.985000e-10 3.222845e-05 3.213414e-05
2.990000e-10 3.221640e-05 3.239691e-05
2.995000e-10 3.220263e-05 3.264989e-05
3.000000e-10 3.218720e-05 3.289346e-05
3.005000e-10 3.217013e-05 3.312794e-05
3.010000e-10 3.215147e-05 3.335367e-05
3.015000e-10 3.213124e-05 3.357095e-05
3.020000e-10 3.210948e-05 3.378006e-05
3.025000e-10 3.208622e-05 3.398129e-05
3.030000e-10 3.206149e-05 3.417488e-05
3.035000e-10 3.203534e-05 3.436109e-05
3.040000e-10 3.200778e-05 3.454014e-05
3.045000e-10 3.197884e-05 3.471228e-05
3.050000e-10 3.194857e-05 3.487769e-05
3.055000e-10 3.191697e-05 3.503660e-05
3.060000e-10 3.188410e-05 3.518919e-05
3.065000e-10 3.184996e-05 3.533566e-05
3.070000e-10 3.181459e-05 3.547617e-05
3.075000e-10 3.177802e-05 3.561089e-05
3.080000e-10 3.174027e-05 3.574000e-05
3.085000e-10 3.170136e-05 3.586365e-05
3.090000e-10 3.166132e-05 3.598199e-05
3.095000e-10 3.162018e-05 3.609516e-05
3.100000e-10 3.157796e-05 3.620331e-05
3.105000e-10 3.153469e-05 3.630656e-05
3.110000e-10 3.149037e-05 3.640505e-05
3.115000e-10 3.144505e-05 3.649891e-05
3.120000e-10 3.139874e-05 3.658824e-05
3.125000e-10 3.135146e-05 3.667317e-05
3.130000e-10 3.130323e-05 3.675382e-05
3.135000e-10 3.125408e-05 3.683028e-05
3.140000e-10 3.120402e-05 3.690266e-05
3.145000e-10 3.115307e-05 3.697107e-05
3.150000e-10 3.110126e-05 3.703560e-05
3.155000e-10 3.104861e-05 3.709634e-05
3.160000e-10 3.099512e-05 3.715339e-05
3.165000e-10 3.094083e-05 3.720684e-05
3.170000e-10 3.088574e-05 3.725677e-05
3.175000e-10 3.082988e-05 3.730327e-05
3.180000e-10 3.077326e-05 3.734642e-05
3.185000e-10 3.071591e-05 3.738629e-05
3.190000e-10 3.065783e-05 3.742296e-05
3.195000e-10 3.059905e-05 3.745651e-05
3.200000e-10 3.053958e-05 3.748702e-05
3.205000e-10 3.047944e-05 3.751453e-05
3.210000e-10 3.041864e-05 3.753914e-05
3.215000e-10 3.035719e-05 3.756090e-05
3.220000e-10 3.029512e-05 3.757988e-05
3.225000e-10 3.023244e-05 3.759614e-05
3.230000e-10 3.016916e-05 3.760974e-05
3.235000e-10 3.010530e-05 3.762074e-05
3.240000e-10 3.004086e-05 3.762920e-05
3.245000e-10 2.997587e-05 3.763517e-05
3.250000e-10 2.991034e-05 3.763872e-05
3.255000e-10 2.984428e-05 3.763989e-05
3.260000e-10 2.977770e-05 3.763874e-05
3.265000e-10 2.971062e-05 3.763531e-05
3.270000e-10 2.964305e-05 3.762966e-05
3.275000e-10 2.957501e-05 3.762184e-05
3.280000e-10 2.950649e-05 3.761189e-05
3.285000e-10 2.943753e-05 3.759986e-05
3.290000e-10 2.936812e-05 3.758579e-05
3.295000e-10 2.929827e-05 3.756974e-05
3.300000e-10 2.922801e-05 3.755173e-05
3.305000e-10 2.915735e-05 3.753182e-05
3.310000e-10 2.908628e-05 3.751004e-05
3.315000e-10 2.901483e-05 3.748644e-05
3.320000e-10 2.894300e-05 3.746105e-05
3.325000e-10 2.887081e-05 3.743392e-05
3.330000e-10 2.879826e-05 3.740508e-05
3.335000e-10 2.872537e-05 3.737456e-05
3.340000e-10 2.865214e-05 3.734240e-05
3.345000e-10 2.857858e-05 3.730865e-05
3.350000e-10 2.850471e-05 3.727333e-05
3.355000e-10 2.843053e-05 3.723647e-05
3.360000e-10 2.835606e-05 3.719811e-05
3.365000e-10 2.828129e-05 3.715829e-05
3.370000e-10 2.820625e-05 3.711702e-05
3.375000e-10 2.813094e-05 3.707435e-05
3.380000e-10 2.805536e-05 3.703031e-05
3.385000e-10 2.797953e-05 3.698492e-05
3.390000e-10 2.790345e-05 3.693821e-05
3.395000e-10 2.782714e-05 3.689021e-05
3.400000e-10 2.775060e-05 3.684096e-05
3.405000e-10 2.767383e-05 3.679047e-05
3.410000e-10 2.759686e-05 3.673877e-05
3.415000e-10 2.751967e-05 3.668589e-05
3.420000e-10 2.744229e-05 3.663186e-05
3.425000e-10 2.736472e-05 3.657670e-05
3.430000e-10 2.728696e-05 3.652044e-05
3.435000e-10 2.720903e-05 3.646309e-05
3.440000e-10 2.713093e-05 3.640469e-05
3.445000e-10 2.705266e-05 3.634525e-05
3.450000e-10 2.697424e-05 3.628481e-05
3.455000e-10 2.689567e-05 3.622337e-05
3.460000e-10 2.681696e-05 3.616097e-05
3.465000e-10 2.673811e-05 3.609763e-05
3.470000e-10 2.665913e-05 3.603336e-05
3.475000e-10 2.658003e-05 3.596819e-05
3.480000e-10 2.650081e-05 3.590214e-05
3.485000e-10 2.642148e-05 3.583523e-05
3.490000e-10 2.634204e-05 3.576747e-05
3.495000e-10 2.626251e-05 3.569890e-05
3.500000e-10 2.618288e-05 3.562951e-05
3.505000e-10 2.610316e-05 3.555935e-05
3.510000e-10 2.602336e-05 3.548841e-05
3.515000e-10 2.594348e-05 3.541673e-05
3.520000e-10 2.586354e-05 3.534431e-05
3.525000e-10 2.578352e-05 3.527118e-05
3.530000e-10 2.570344e-05 3.519735e-05
3.535000e-10 2.562331e-05 3.512284e-05
3.540000e-10 2.554313e-05 3.504767e-05
3.545000e-10 2.546290e-05 3.497185e-05
3.550000e-10 2.538263e-05 3.489540e-05
3.555000e-10 2.530232e-05 3.481833e-05
3.560000e-10 2.522198e-05 3.474065e-05
3.565000e-10 2.514161e-05 3.466240e-05
3.570000e-10 2.506122e-05 3.458356e-05
3.575000e-10 2.498081e-05 3.450417e-05
3.580000e-10 2.490039e-05 3.442424e-05
3.585000e-10 2.481996e-05 3.434378e-05
3.590000e-10 2.473952e-05 3.426280e-05
3.595000e-10 2.465908e-05 3.418132e-05
3.600000e-10 2.457865e-05 3.409935e-05
3.605000e-10 2.449822e-05 3.401690e-05
3.610000e-10 2.441780e-05 3.393399e-05
3.615000e-10 2.433740e-05 3.385063e-05
3.620000e-10 2.425702e-05 3.376684e-05
3.625000e-10 2.417665e-05 3.368261e-05
3.630000e-10 2.409632e-05 3.359797e-05
3.635000e-10 2.401601e-05 3.351293e-05
3.640000e-10 2.393574e-05 3.342749e-05
3.645000e-10 2.385551e-05 3.334168e-05
3.650000e-10 2.377531e-05 3.325550e-05
3.655000e-10 2.369516e-05 3.316895e-05
3.660000e-10 2.361505e-05 3.308207e-05
3.665000e-10 2.353500e-05 3.299484e-05
3.670000e-10 2.345500e-05 3.290729e-05
3.675000e-10 2.337506e-05 3.281942e-05
3.680000e-10 2.329517e-05 3.273125e-05
3.685000e-10 2.321535e-05 3.264278e-05
3.690000e-10 2.313559e-05 3.255403e-05
3.695000e-10 2.305591e-05 3.246500e-05
3.700000e-10 2.297629e-05 3.237570e-05
3.705000e-10 2.289675e-05 3.228614e-05
3.710000e-10 2.281729e-05 3.219633e-05
3.715000e-10 2.273790e-05 3.210628e-05
3.720000e-10 2.265860e-05 3.201601e-05
3.725000e-10 2.257939e-05 3.192551e-05
3.730000e-10 2.250026e-05 3.183479e-05
3.735000e-10 2.242122e-05 3.174387e-05
3.740000e-10 2.234228e-05 3.165275e-05
3.745000e-10 2.226343e-05 3.156144e-05
3.750000e-10 2.218468e-05 3.146995e-05
3.755000e-10 2.210603e-05 3.137828e-05
3.760000e-10 2.202748e-05 3.128645e-05
3.765000e-10 2.194904e-05 3.119446e-05
3.770000e-10 2.187071e-05 3.110232e-05
3.775000e-10 2.179248e-05 3.101004e-05
3.780000e-10 2.171436e-05 3.091761e-05
3.785000e-10 2.163636e-05 3.082506e-05
3.790000e-10 2.155848e-05 3.073239e-05
3.795000e-10 2.148071e-05 3.063959e-05
3.800000e-10 2.140306e-05 3.054669e-05
3.805000e-10 2.132554e-05 3.045369e-05
3.810000e-10 2.124813e-05 3.036059e-05
3.815000e-10 2.117086e-05 3.026740e-05
3.820000e-10 2.109371e-05 3.017413e-05
3.825000e-10 2.101669e-05 3.008077e-05
3.830000e-10 2.093980e-05 2.998735e-05
3.835000e-10 2.086304e-05 2.989386e-05
3.840000e-10 2.078642e-05 2.980032e-05
3.845000e-10 2.070993e-05 2.970671e-05
3.850000e-10 2.063359e-05 2.961306e-05
3.855000e-10 2.055738e-05 2.951937e-05
3.860000e-10 2.048131e-05 2.942564e-05
3.865000e-10 2.040538e-05 2.933188e-05
3.870000e-10 2.032960e-05 2.923809e-05
3.875000e-10 2.025397e-05 2.914428e-05
3.880000e-10 2.017848e-05 2.905045e-05
3.885000e-10 2.010314e-05 2.895662e-05
3.890000e-10 2.002795e-05 2.886277e-05
3.895000e-10 1.995291e-05 2.876893e-05
3.900000e-10 1.987802e-05 2.867509e-05
3.905000e-10 1.980329e-05 2.858126e-05
3.910000e-10 1.972871e-05 2.848744e-05
3.915000e-10 1.965429e-05 2.839363e-05
3.920000e-10 1.958003e-05 2.829985e-05
3.925000e-10 1.950592e-05 2.820610e-05
3.930000e-10 1.943198e-05 2.811237e-05
3.935000e-10 1.935820e-05 2.801868e-05
3.940000e-10 1.928457e-05 2.792503e-05
3.945000e-10 1.921112e-05 2.783142e-05
3.950000e-10 1.913782e-05 2.773786e-05
3.955000e-10 1.906470e-05 2.764435e-05
3.960000e-10 1.899173e-05 2.755090e-05
3.965000e-10 1.891894e-05 2.745750e-05
3.970000e-10 1.884632e-05 2.736417e-05
3.975000e-10 1.877386e-05 2.727090e-05
3.980000e-10 1.870157e-05 2.717770e-05
3.985000e-10 1.862946e-05 2.708457e-05
3.990000e-10 1.855752e-05 2.699153e-05
3.995000e-10 1.848575e-05 2.689856e-05
4.000000e-10 1.841415e-05 2.680567e-05
4.005000e-10 1.834273e-05 2.671288e-05
4.010000e-10 1.827149e-05 2.662017e-05
4.015000e-10 1.820042e-05 2.652755e-05
4.020000e-10 1.812953e-05 2.643504e-05
4.025000e-10 1.805881e-05 2.634262e-05
4.030000e-10 1.798828e-05 2.625030e-05
4.035000e-10 1.791792e-05 2.615809e-05
4.040000e-10 1.784775e-05 2.606599e-05
4.045000e-10 1.777775e-05 2.597400e-05
4.050000e-10 1.770794e-05 2.588213e-05
4.055000e-10 1.763830e-05 2.579037e-05
4.060000e-10 1.756885e-05 2.569873e-05
4.065000e-10 1.749958e-05 2.560721e-05
4.070000e-10 1.743050e-05 2.551582e-05
4.075000e-10 1.736160e-05 2.542456e-05
4.080000e-10 1.729289e-05 2.533343e-05
4.085000e-10 1.722436e-05 2.524242e-05
4.090000e-10 1.715601e-05 2.515156e-05
4.095000e-10 1.708785e-05 2.506083e-05
4.100000e-10 1.701988e-05 2.497024e-05
4.105000e-10 1.695210e-05 2.487979e-05
4.110000e-10 1.688450e-05 2.478949e-05
4.115000e-10 1.681709e-05 2.469933e-05
4.120000e-10 1.674987e-05 2.460933e-05
4.125000e-10 1.668284e-05 2.451947e-05
4.130000e-10 1.661600e-05 2.442976e-05
4.135000e-10 1.654934e-05 2.434022e-05
4.140000e-10 1.648288e-05 2.425082e-05
4.145000e-10 1.641661e-05 2.416159e-05
4.150000e-10 1.635052e-05 2.407252e-05
4.155000e-10 1.628463e-05 2.398361e-05
4.160000e-10 1.621893e-05 2.389486e-05
4.165000e-10 1.615342e-05 2.380628e-05
4.170000e-10 1.608810e-05 2.371787e-05
4.175000e-10 1.602298e-05 2.362963e-05
4.180000e-10 1.595804e-05 2.354156e-05
4.185000e-10 1.589330e-05 2.345366e-05
4.190000e-10 1.582875e-05 2.336594e-05
4.195000e-10 1.576440e-05 2.327840e-05
4.200000e-10 1.570023e-05 2.319103e-05
4.205000e-10 1.563626e-05 2.310384e-05
4.210000e-10 1.557249e-05 2.301683e-05
4.215000e-10 1.550890e-05 2.293001e-05
4.220000e-10 1.544551e-05 2.284337e-05
4.225000e-10 1.538232e-05 2.275691e-05
4.230000e-10 1.531931e-05 2.267064e-05
4.235000e-10 1.525651e-05 2.258456e-05
4.240000e-10 1.519389e-05 2.249867e-05
4.245000e-10 1.513147e-05 2.241297e-05
4.250000e-10 1.506925e-05 2.232746e-05
4.255000e-10 1.500721e-05 2.224215e-05
4.260000e-10 1.494538e-05 2.215702e-05
4.265000e-10 1.488373e-05 2.207210e-05
4.270000e-10 1.482229e-05 2.198737e-05
4.275000e-10 1.476103e-05 2.190284e-05
4.280000e-10 1.469997e-05 2.181850e-05
4.285000e-10 1.463911e-05 2.173437e-05
4.290000e-10 1.457844e-05 2.165044e-05
4.295000e-10 1.451796e-05 2.156671e-05
4.300000e-10 1.445768e-05 2.148318e-05
4.305000e-10 1.439759e-05 2.139985e-05
4.310000e-10 1.433770e-05 2.131674e-05
4.315000e-10 1.427800e-05 2.123382e-05
4.320000e-10 1.421850e-05 2.115112e-05
4.325000e-10 1.415919e-05 2.106862e-05
4.330000e-10 1.410007e-05 2.098632e-05
4.335000e-10 1.404115e-05 2.090424e-05
4.340000e-10 1.398242e-05 2.082237e-05
4.345000e-10 1.392389e-05 2.074071e-05
4.350000e-10 1.386555e-05 2.065926e-05
4.355000e-10 1.380740e-05 2.057802e-05
4.360000e-10 1.374945e-05 2.049699e-05
4.365000e-10 1.369169e-05 2.041618e-05
4.370000e-10 1.363413e-05 2.033558e-05
4.375000e-10 1.357675e-05 2.025520e-05
4.380000e-10 1.351957e-05 2.017503e-05
4.385000e-10 1.346259e-05 2.009508e-05
4.390000e-10 1.340579e-05 2.001535e-05
4.395000e-10 1.334919e-05 1.993583e-05
4.400000e-10 1.329279e-05 1.985653e-05
4.405000e-10 1.323657e-05 1.977745e-05
4.410000e-10 1.318055e-05 1.969858e-05
4.415000e-10 1.312471e-05 1.961994e-05
4.420000e-10 1.306907e-05 1.954152e-05
4.425000e-10 1.301362e-05 1.946331e-05
4.430000e-10 1.295837e-05 1.938533e-05
4.435000e-10 1.290330e-05 1.930757e-05
4.440000e-10 1.284843e-05 1.923003e-05
4.445000e-10 1.279374e-05 1.915271e-05
4.450000e-10 1.273925e-05 1.907561e-05
4.455000e-10 1.268494e-05 1.899874e-05
4.460000e-10 1.263083e-05 1.892209e-05
4.465000e-10 1.257690e-05 1.884566e-05
4.470000e-10 1.252317e-05 1.876946e-05
4.475000e-10 1.246962e-05 1.869347e-05
4.480000e-10 1.241627e-05 1.861772e-05
4.485000e-10 1.236310e-05 1.854219e-05
4.490000e-10 1.231012e-05 1.846688e-05
4.495000e-10 1.225733e-05 1.839180e-05
4.500000e-10 1.220472e-05 1.831694e-05
4.505000e-10 1.215231e-05 1.824231e-05
4.510000e-10 1.210008e-05 1.816790e-05
4.515000e-10 1.204804e-05 1.809372e-05
4.520000e-10 1.199618e-05 1.801977e-05
4.525000e-10 1.194451e-05 1.794604e-05
4.530000e-10 1.189303e-05 1.787253e-05
4.535000e-10 1.184173e-05 1.779926e-05
4.540000e-10 1.179062e-05 1.772621e-05
4.545000e-10 1.173969e-05 1.765338e-05
4.550000e-10 1.168895e-05 1.758079e-05
4.555000e-10 1.163840e-05 1.750842e-05
4.560000e-10 1.158802e-05 1.743627e-05
4.565000e-10 1.153784e-05 1.736436e-05
4.570000e-10 1.148783e-05 1.729267e-05
4.575000e-10 1.143801e-05 1.722120e-05
4.580000e-10 1.138837e-05 1.714997e-05
4.585000e-10 1.133891e-05 1.707896e-05
4.590000e-10 1.128964e-05 1.700818e-05
4.595000e-10 1.124055e-05 1.693762e-05
4.600000e-10 1.119163e-05 1.686729e-05
4.605000e-10 1.114290e-05 1.679719e-05
4.610000e-10 1.109435e-05 1.672731e-05
4.615000e-10 1.104599e-05 1.665767e-05
4.620000e-10 1.099780e-05 1.658825e-05
4.625000e-10 1.094979e-05 1.651905e-05
4.630000e-10 1.090196e-05 1.645008e-05
4.635000e-10 1.085431e-05 1.638134e-05
4.640000e-10 1.080683e-05 1.631282e-05
4.645000e-10 1.075954e-05 1.624454e-05
4.650000e-10 1.071242e-05 1.617647e-05
4.655000e-10 1.066548e-05 1.610864e-05
4.660000e-10 1.061872e-05 1.604102e-05
4.665000e-10 1.057213e-05 1.597364e-05
4.670000e-10 1.052572e-05 1.590648e-05
4.675000e-10 1.047949e-05 1.583955e-05
4.680000e-10 1.043343e-05 1.577284e-05
4.685000e-10 1.038755e-05 1.570635e-05
4.690000e-10 1.034184e-05 1.564009e-05
4.695000e-10 1.029630e-05 1.557406e-05
4.700000e-10 1.025094e-05 1.550825e-05
4.705000e-10 1.020576e-05 1.544266e-05
4.710000e-10 1.016074e-05 1.537730e-05
4.715000e-10 1.011590e-05 1.531217e-05
4.720000e-10 1.007123e-05 1.524725e-05
4.725000e-10 1.002673e-05 1.518256e-05
4.730000e-10 9.982403e-06 1.511809e-05
4.735000e-10 9.938246e-06 1.505385e-05
4.740000e-10 9.894261e-06 1.498983e-05
4.745000e-10 9.850445e-06 1.492603e-05
4.750000e-10 9.806799e-06 1.486245e-05
4.755000e-10 9.763322e-06 1.479910e-05
4.760000e-10 9.720013e-06 1.473597e-05
4.765000e-10 9.676874e-06 1.467305e-05
4.770000e-10 9.633902e-06 1.461036e-05
4.775000e-10 9.591097e-06 1.454789e-05
4.780000e-10 9.548459e-06 1.448564e-05
4.785000e-10 9.505988e-06 1.442361e-05
4.790000e-10 9.463684e-06 1.436180e-05
4.795000e-10 9.421545e-06 1.430021e-05
4.800000e-10 9.379571e-06 1.423884e-05
4.805000e-10 9.337762e-06 1.417769e-05
4.810000e-10 9.296117e-06 1.411676e-05
4.815000e-10 9.254636e-06 1.405604e-05
4.820000e-10 9.213319e-06 1.399554e-05
4.825000e-10 9.172165e-06 1.393526e-05
4.830000e-10 9.131174e-06 1.387520e-05
4.835000e-10 9.090345e-06 1.381535e-05
4.840000e-10 9.049677e-06 1.375572e-05
4.845000e-10 9.009171e-06 1.369631e-05
4.850000e-10 8.968825e-06 1.363711e-05
4.855000e-10 8.928640e-06 1.357813e-05
4.860000e-10 8.888615e-06 1.351936e-05
4.865000e-10 8.848750e-06 1.346081e-05
4.870000e-10 8.809043e-06 1.340247e-05
4.875000e-10 8.769495e-06 1.334434e-05
4.880000e-10 8.730105e-06 1.328643e-05
4.885000e-10 8.690873e-06 1.322873e-05
4.890000e-10 8.651798e-06 1.317124e-05
4.895000e-10 8.612880e-06 1.311397e-05
4.900000e-10 8.574118e-06 1.305691e-05
4.905000e-10 8.535511e-06 1.300006e-05
4.910000e-10 8.497061e-06 1.294341e-05
4.915000e-10 8.458765e-06 1.288698e-05
4.920000e-10 8.420624e-06 1.283076e-05
4.925000e-10 8.382636e-06 1.277475e-05
4.930000e-10 8.344803e-06 1.271895e-05
4.935000e-10 8.307122e-06 1.266336e-05
4.940000e-10 8.269594e-06 1.260797e-05
4.945000e-10 8.232218e-06 1.255280e-05
4.950000e-10 8.194994e-06 1.249783e-05
4.955000e-10 8.157921e-06 1.244306e-05
4.960000e-10 8.120999e-06 1.238851e-05
4.965000e-10 8.084227e-06 1.233416e-05
4.970000e-10 8.047605e-06 1.228001e-05
4.975000e-10 8.011133e-06 1.222607e-05
4.980000e-10 7.974810e-06 1.217234e-05
4.985000e-10 7.938635e-06 1.211881e-05
4.990000e-10 7.902608e-06 1.206548e-05
4.995000e-10 7.866728e-06 1.201235e-05
5.000000e-10 7.830996e-06 1.195943e-05
5.005000e-10 7.795410e-06 1.190671e-05
5.010000e-10 7.759971e-06 1.185420e-05
5.015000e-10 7.724677e-06 1.180188e-05
5.020000e-10 7.689529e-06 1.174977e-05
5.025000e-10 7.654525e-06 1.169785e-05
5.030000e-10 7.619666e-06 1.164614e-05
5.035000e-10 7.584951e-06 1.159462e-05
5.040000e-10 7.550379e-06 1.154330e-05
5.045000e-10 7.515950e-06 1.149219e-05
5.050000e-10 7.481663e-06 1.144127e-05
5.055000e-10 7.447519e-06 1.139054e-05
5.060000e-10 7.413516e-06 1.134002e-05
5.065000e-10 7.379654e-06 1.128969e-05
5.070000e-10 7.345933e-06 1.123955e-05
5.075000e-10 7.312352e-06 1.118961e-05
5.080000e-10 7.278911e-06 1.113987e-05
5.085000e-10 7.245609e-06 1.109032e-05
5.090000e-10 7.212446e-06 1.104096e-05
5.095000e-10 7.179421e-06 1.099180e-05
5.100000e-10 7.146534e-06 1.094283e-05
5.105000e-10 7.113785e-06 1.089406e-05
5.110000e-10 7.081172e-06 1.084547e-05
5.115000e-10 7.048696e-06 1.079708e-05
5.120000e-10 7.016357e-06 1.074887e-05
5.125000e-10 6.984152e-06 1.070086e-05
5.130000e-10 6.952083e-06 1.065304e-05
5.135000e-10 6.920149e-06 1.060540e-05
5.140000e-10 6.888349e-06 1.055796e-05
5.145000e-10 6.856682e-06 1.051070e-05
5.150000e-10 6.825149e-06 1.046363e-05
5.155000e-10 6.793749e-06 1.041675e-05
5.160000e-10 6.762481e-06 1.037005e-05
5.165000e-10 6.731346e-06 1.032354e-05
5.170000e-10 6.700341e-06 1.027722e-05
5.175000e-10 6.669468e-06 1.023108e-05
5.180000e-10 6.638726e-06 1.018512e-05
5.185000e-10 6.608113e-06 1.013935e-05
5.190000e-10 6.577631e-06 1.009376e-05
5.195000e-10 6.547277e-06 1.004836e-05
5.200000e-10 6.517053e-06 1.000314e-05
5.205000e-10 6.486956e-06 9.958097e-06
5.210000e-10 6.456988e-06 9.913237e-06
5.215000e-10 6.427147e-06 9.868559e-06
5.220000e-10 6.397433e-06 9.824061e-06
5.225000e-10 6.367846e-06 9.779742e-06
5.230000e-10 6.338385e-06 9.735603e-06
5.235000e-10 6.309050e-06 9.691642e-06
5.240000e-10 6.279839e-06 9.647859e-06
5.245000e-10 6.250754e-06 9.604254e-06
5.250000e-10 6.221793e-06 9.560826e-06
5.255000e-10 6.192956e-06 9.517575e-06
5.260000e-10 6.164242e-06 9.474499e-06
5.265000e-10 6.135651e-06 9.431599e-06
5.270000e-10 6.107183e-06 9.388873e-06
5.275000e-10 6.078837e-06 9.346322e-06
5.280000e-10 6.050613e-06 9.303945e-06
5.285000e-10 6.022510e-06 9.261740e-06
5.290000e-10 5.994528e-06 9.219709e-06
5.295000e-10 5.966666e-06 9.177850e-06
5.300000e-10 5.938925e-06 9.136162e-06
5.305000e-10 5.911302e-06 9.094646e-06
5.310000e-10 5.883799e-06 9.053300e-06
5.315000e-10 5.856415e-06 9.012124e-06
5.320000e-10 5.829148e-06 8.971117e-06
5.325000e-10 5.802000e-06 8.930280e-06
5.330000e-10 5.774969e-06 8.889610e-06
5.335000e-10 5.748055e-06 8.849109e-06
5.340000e-10 5.721257e-06 8.808775e-06
5.345000e-10 5.694575e-06 8.768608e-06
5.350000e-10 5.668009e-06 8.728607e-06
5.355000e-10 5.641559e-06 8.688772e-06
5.360000e-10 5.615223e-06 8.649102e-06
5.365000e-10 5.589001e-06 8.609596e-06
5.370000e-10 5.562894e-06 8.570255e-06
5.375000e-10 5.536900e-06 8.531077e-06
5.380000e-10 5.511019e-06 8.492063e-06
5.385000e-10 5.485250e-06 8.453210e-06
5.390000e-10 5.459594e-06 8.414520e-06
5.395000e-10 5.434050e-06 8.375991e-06
5.400000e-10 5.408617e-06 8.337623e-06
5.405000e-10 5.383295e-06 8.299415e-06
5.410000e-10 5.358084e-06 8.261368e-06
5.415000e-10 5.332983e-06 8.223479e-06
5.420000e-10 5.307992e-06 8.185749e-06
5.425000e-10 5.283110e-06 8.148178e-06
5.430000e-10 5.258337e-06 8.110764e-06
5.435000e-10 5.233672e-06 8.073507e-06
5.440000e-10 5.209116e-06 8.036407e-06
5.445000e-10 5.184667e-06 7.999463e-06
5.450000e-10 5.160326e-06 7.962674e-06
5.455000e-10 5.136091e-06 7.926041e-06
5.460000e-10 5.111963e-06 7.889562e-06
5.465000e-10 5.087941e-06 7.853237e-06
5.470000e-10 5.064025e-06 7.817065e-06
5.475000e-10 5.040214e-06 7.781046e-06
5.480000e-10 5.016508e-06 7.745180e-06
5.485000e-10 4.992906e-06 7.709466e-06
5.490000e-10 4.969408e-06 7.673902e-06
5.495000e-10 4.946014e-06 7.638490e-06
5.500000e-10 4.922723e-06 7.603228e-06
5.505000e-10 4.899535e-06 7.568116e-06
5.510000e-10 4.876450e-06 7.533153e-06
5.515000e-10 4.853466e-06 7.498338e-06
5.520000e-10 4.830585e-06 7.463672e-06
5.525000e-10 4.807804e-06 7.429154e-06
5.530000e-10 4.785124e-06 7.394783e-06
5.535000e-10 4.762545e-06 7.360558e-06
5.540000e-10 4.740066e-06 7.326479e-06
5.545000e-10 4.717687e-06 7.292546e-06
5.550000e-10 4.695407e-06 7.258758e-06
5.555000e-10 4.673225e-06 7.225115e-06
5.560000e-10 4.651143e-06 7.191616e-06
5.565000e-10 4.629158e-06 7.158260e-06
5.570000e-10 4.607271e-06 7.125047e-06
5.575000e-10 4.585482e-06 7.091977e-06
5.580000e-10 4.563790e-06 7.059049e-06
5.585000e-10 4.542194e-06 7.026262e-06
5.590000e-10 4.520694e-06 6.993616e-06
5.595000e-10 4.499291e-06 6.961111e-06
5.600000e-10 4.477983e-06 6.928745e-06
5.605000e-10 4.456770e-06 6.896519e-06
5.610000e-10 4.435651e-06 6.864432e-06
5.615000e-10 4.414627e-06 6.832484e-06
5.620000e-10 4.393697e-06 6.800673e-06
5.625000e-10 4.372861e-06 6.769000e-06
5.630000e-10 4.352117e-06 6.737464e-06
5.635000e-10 4.331467e-06 6.706064e-06
5.640000e-10 4.310909e-06 6.674800e-06
5.645000e-10 4.290443e-06 6.643671e-06
5.650000e-10 4.270069e-06 6.612678e-06
5.655000e-10 4.249787e-06 6.581819e-06
5.660000e-10 4.229595e-06 6.551093e-06
5.665000e-10 4.209494e-06 6.520501e-06
5.670000e-10 4.189483e-06 6.490043e-06
5.675000e-10 4.169563e-06 6.459716e-06
5.680000e-10 4.149731e-06 6.429522e-06
5.685000e-10 4.129989e-06 6.399459e-06
5.690000e-10 4.110336e-06 6.369527e-06
5.695000e-10 4.090772e-06 6.339725e-06
5.700000e-10 4.071295e-06 6.310053e-06
5.705000e-10 4.051906e-06 6.280511e-06
5.710000e-10 4.032605e-06 6.251098e-06
5.715000e-10 4.013390e-06 6.221814e-06
5.720000e-10 3.994263e-06 6.192657e-06
5.725000e-10 3.975222e-06 6.163628e-06
5.730000e-10 3.956266e-06 6.134726e-06
5.735000e-10 3.937397e-06 6.105951e-06
5.740000e-10 3.918612e-06 6.077302e-06
5.745000e-10 3.899913e-06 6.048779e-06
5.750000e-10 3.881298e-06 6.020380e-06
5.755000e-10 3.862768e-06 5.992107e-06
5.760000e-10 3.844321e-06 5.963957e-06
5.765000e-10 3.825958e-06 5.935932e-06
5.770000e-10 3.807678e-06 5.908029e-06
5.775000e-10 3.789482e-06 5.880250e-06
5.780000e-10 3.771367e-06 5.852592e-06
5.785000e-10 3.753335e-06 5.825057e-06
5.790000e-10 3.735385e-06 5.797643e-06
5.795000e-10 3.717516e-06 5.770350e-06
5.800000e-10 3.699729e-06 5.743177e-06
5.805000e-10 3.682022e-06 5.716125e-06
5.810000e-10 3.664396e-06 5.689192e-06
5.815000e-10 3.646850e-06 5.662377e-06
5.820000e-10 3.629384e-06 5.635682e-06
5.825000e-10 3.611998e-06 5.609105e-06
5.830000e-10 3.594691e-06 5.582645e-06
5.835000e-10 3.577462e-06 5.556303e-06
5.840000e-10 3.560313e-06 5.530077e-06
5.845000e-10 3.543241e-06 5.503968e-06
5.850000e-10 3.526247e-06 5.477974e-06
5.855000e-10 3.509331e-06 5.452096e-06
5.860000e-10 3.492493e-06 5.426333e-06
5.865000e-10 3.475731e-06 5.400685e-06
5.870000e-10 3.459045e-06 5.375150e-06
5.875000e-10 3.442436e-06 5.349729e-06
5.880000e-10 3.425904e-06 5.324421e-06
5.885000e-10 3.409446e-06 5.299226e-06
5.890000e-10 3.393064e-06 5.274144e-06
5.895000e-10 3.376757e-06 5.249173e-06
5.900000e-10 3.360525e-06 5.224313e-06
5.905000e-10 3.344367e-06 5.199564e-06
5.910000e-10 3.328284e-06 5.174926e-06
5.915000e-10 3.312274e-06 5.150398e-06
5.920000e-10 3.296337e-06 5.125980e-06
5.925000e-10 3.280474e-06 5.101671e-06
5.930000e-10 3.264683e-06 5.077470e-06
5.935000e-10 3.248965e-06 5.053378e-06
5.940000e-10 3.233320e-06 5.029394e-06
5.945000e-10 3.217746e-06 5.005517e-06
5.950000e-10 3.202244e-06 4.981748e-06
5.955000e-10 3.186813e-06 4.958085e-06
5.960000e-10 3.171453e-06 4.934528e-06
5.965000e-10 3.156164e-06 4.911076e-06
5.970000e-10 3.140946e-06 4.887731e-06
5.975000e-10 3.125797e-06 4.864490e-06
5.980000e-10 3.110718e-06 4.841353e-06
5.985000e-10 3.095709e-06 4.818321e-06
5.990000e-10 3.080769e-06 4.795392e-06
5.995000e-10 3.065898e-06 4.772567e-06
6.000000e-10 3.051096e-06 4.749844e-06
6.005000e-10 3.036362e-06 4.727224e-06
6.010000e-10 3.021696e-06 4.704706e-06
6.015000e-10 3.007098e-06 4.682289e-06
6.020000e-10 2.992568e-06 4.659973e-06
6.025000e-10 2.978104e-06 4.637758e-06
6.030000e-10 2.963708e-06 4.615644e-06
6.035000e-10 2.949378e-06 4.593629e-06
6.040000e-10 2.935114e-06 4.571714e-06
6.045000e-10 2.920917e-06 4.549898e-06
6.050000e-10 2.906785e-06 4.528181e-06
6.055000e-10 2.892719e-06 4.506562e-06
6.060000e-10 2.878718e-06 4.485041e-06
6.065000e-10 2.864782e-06 4.463618e-06
6.070000e-10 2.850911e-06 4.442292e-06
6.075000e-10 2.837104e-06 4.421062e-06
6.080000e-10 2.823361e-06 4.399929e-06
6.085000e-10 2.809682e-06 4.378891e-06
6.090000e-10 2.796066e-06 4.357949e-06
6.095000e-10 2.782514e-06 4.337102e-06
6.100000e-10 2.769025e-06 4.316350e-06
6.105000e-10 2.755598e-06 4.295693e-06
6.110000e-10 2.742234e-06 4.275129e-06
6.115000e-10 2.728932e-06 4.254659e-06
6.120000e-10 2.715692e-06 4.234282e-06
6.125000e-10 2.702514e-06 4.213998e-06
6.130000e-10 2.689397e-06 4.193806e-06
6.135000e-10 2.676341e-06 4.173706e-06
6.140000e-10 2.663346e-06 4.153698e-06
6.145000e-10 2.650412e-06 4.133781e-06
6.150000e-10 2.637538e-06 4.113955e-06
6.155000e-10 2.624724e-06 4.094220e-06
6.160000e-10 2.611969e-06 4.074575e-06
6.165000e-10 2.599275e-06 4.055019e-06
6.170000e-10 2.586639e-06 4.035553e-06
6.175000e-10 2.574063e-06 4.016176e-06
6.180000e-10 2.561546e-06 3.996887e-06
6.185000e-10 2.549087e-06 3.977687e-06
6.190000e-10 2.536686e-06 3.958575e-06
6.195000e-10 2.524343e-06 3.939550e-06
6.200000e-10 2.512058e-06 3.920613e-06
6.205000e-10 2.499830e-06 3.901762e-06
6.210000e-10 2.487660e-06 3.882997e-06
6.215000e-10 2.475547e-06 3.864319e-06
6.220000e-10 2.463490e-06 3.845727e-06
6.225000e-10 2.451490e-06 3.827219e-06
6.230000e-10 2.439546e-06 3.808797e-06
6.235000e-10 2.427659e-06 3.790460e-06
6.240000e-10 2.415827e-06 3.772206e-06
6.245000e-10 2.404050e-06 3.754037e-06
6.250000e-10 2.392329e-06 3.735951e-06
6.255000e-10 2.380663e-06 3.717948e-06
6.260000e-10 2.369051e-06 3.700029e-06
6.265000e-10 2.357494e-06 3.682192e-06
6.270000e-10 2.345992e-06 3.664436e-06
6.275000e-10 2.334543e-06 3.646763e-06
6.280000e-10 2.323148e-06 3.629171e-06
6.285000e-10 2.311807e-06 3.611661e-06
6.290000e-10 2.300519e-06 3.594231e-06
6.295000e-10 2.289285e-06 3.576882e-06
6.300000e-10 2.278103e-06 3.559612e-06
6.305000e-10 2.266974e-06 3.542423e-06
6.310000e-10 2.255897e-06 3.525312e-06
6.315000e-10 2.244873e-06 3.508281e-06
6.320000e-10 2.233900e-06 3.491329e-06
6.325000e-10 2.222979e-06 3.474455e-06
6.330000e-10 2.212110e-06 3.457659e-06
6.335000e-10 2.201292e-06 3.440941e-06
6.340000e-10 2.190525e-06 3.424300e-06
6.345000e-10 2.179809e-06 3.407736e-06
6.350000e-10 2.169143e-06 3.391250e-06
6.355000e-10 2.158528e-06 3.374839e-06
6.360000e-10 2.147963e-06 3.358504e-06
6.365000e-10 2.137447e-06 3.342246e-06
6.370000e-10 2.126982e-06 3.326062e-06
6.375000e-10 2.116566e-06 3.309954e-06
6.380000e-10 2.106199e-06 3.293921e-06
6.385000e-10 2.095881e-06 3.277962e-06
6.390000e-10 2.085612e-06 3.262077e-06
6.395000e-10 2.075392e-06 3.246266e-06
6.400000e-10 2.065220e-06 3.230529e-06
6.405000e-10 2.055096e-06 3.214864e-06
6.410000e-10 2.045020e-06 3.199273e-06
6.415000e-10 2.034992e-06 3.183754e-06
6.420000e-10 2.025011e-06 3.168307e-06
6.425000e-10 2.015078e-06 3.152933e-06
6.430000e-10 2.005192e-06 3.137630e-06
6.435000e-10 1.995352e-06 3.122398e-06
6.440000e-10 1.985560e-06 3.107237e-06
6.445000e-10 1.975813e-06 3.092147e-06
6.450000e-10 1.966113e-06 3.077127e-06
6.455000e-10 1.956460e-06 3.062178e-06
6.460000e-10 1.946851e-06 3.047298e-06
6.465000e-10 1.937289e-06 3.032487e-06
6.470000e-10 1.927772e-06 3.017746e-06
6.475000e-10 1.918300e-06 3.003074e-06
6.480000e-10 1.908874e-06 2.988470e-06
6.485000e-10 1.899492e-06 2.973934e-06
6.490000e-10 1.890154e-06 2.959467e-06
6.495000e-10 1.880861e-06 2.945067e-06
6.500000e-10 1.871613e-06 2.930734e-06
6.505000e-10 1.862408e-06 2.916469e-06
6.510000e-10 1.853247e-06 2.902270e-06
6.515000e-10 1.844130e-06 2.888138e-06
6.520000e-10 1.835056e-06 2.874072e-06
6.525000e-10 1.826026e-06 2.860072e-06
6.530000e-10 1.817038e-06 2.846137e-06
6.535000e-10 1.808094e-06 2.832268e-06
6.540000e-10 1.799191e-06 2.818464e-06
6.545000e-10 1.790332e-06 2.804725e-06
6.550000e-10 1.781515e-06 2.791050e-06
6.555000e-10 1.772739e-06 2.777440e-06
6.560000e-10 1.764006e-06 2.763893e-06
6.565000e-10 1.755314e-06 2.750410e-06
6.570000e-10 1.746664e-06 2.736990e-06
6.575000e-10 1.738055e-06 2.723634e-06
6.580000e-10 1.729488e-06 2.710340e-06
6.585000e-10 1.720961e-06 2.697108e-06
6.590000e-10 1.712475e-06 2.683939e-06
6.595000e-10 1.704029e-06 2.670832e-06
6.600000e-10 1.695624e-06 2.657787e-06
6.605000e-10 1.687259e-06 2.644803e-06
6.610000e-10 1.678934e-06 2.631880e-06
6.615000e-10 1.670649e-06 2.619018e-06
6.620000e-10 1.662404e-06 2.606217e-06
6.625000e-10 1.654198e-06 2.593476e-06
6.630000e-10 1.646032e-06 2.580795e-06
6.635000e-10 1.637904e-06 2.568174e-06
6.640000e-10 1.629815e-06 2.555612e-06
6.645000e-10 1.621766e-06 2.543110e-06
6.650000e-10 1.613754e-06 2.530667e-06
6.655000e-10 1.605782e-06 2.518282e-06
6.660000e-10 1.597847e-06 2.505956e-06
6.665000e-10 1.589951e-06 2.493689e-06
6.670000e-10 1.582092e-06 2.481479e-06
6.675000e-10 1.574271e-06 2.469327e-06
6.680000e-10 1.566488e-06 2.457232e-06
6.685000e-10 1.558741e-06 2.445195e-06
6.690000e-10 1.551033e-06 2.433214e-06
6.695000e-10 1.543361e-06 2.421290e-06
6.700000e-10 1.535726e-06 2.409423e-06
6.705000e-10 1.528128e-06 2.397612e-06
6.710000e-10 1.520566e-06 2.385857e-06
6.715000e-10 1.513040e-06 2.374157e-06
6.720000e-10 1.505551e-06 2.362513e-06
6.725000e-10 1.498098e-06 2.350924e-06
6.730000e-10 1.490681e-06 2.339390e-06
6.735000e-10 1.483299e-06 2.327911e-06
6.740000e-10 1.475953e-06 2.316486e-06
6.745000e-10 1.468642e-06 2.305116e-06
6.750000e-10 1.461366e-06 2.293799e-06
6.755000e-10 1.454126e-06 2.282536e-06
6.760000e-10 1.446920e-06 2.271327e-06
6.765000e-10 1.439749e-06 2.260171e-06
6.770000e-10 1.432613e-06 2.249067e-06
6.775000e-10 1.425511e-06 2.238017e-06
6.780000e-10 1.418443e-06 2.227019e-06
6.785000e-10 1.411409e-06 2.216074e-06
6.790000e-10 1.404409e-06 2.205180e-06
6.795000e-10 1.397443e-06 2.194338e-06
6.800000e-10 1.390511e-06 2.183548e-06
6.805000e-10 1.383612e-06 2.172809e-06
6.810000e-10 1.376746e-06 2.162122e-06
6.815000e-10 1.369914e-06 2.151485e-06
6.820000e-10 1.363114e-06 2.140899e-06
6.825000e-10 1.356347e-06 2.130363e-06
6.830000e-10 1.349613e-06 2.119878e-06
6.835000e-10 1.342912e-06 2.109442e-06
6.840000e-10 1.336243e-06 2.099057e-06
6.845000e-10 1.329606e-06 2.088721e-06
6.850000e-10 1.323001e-06 2.078434e-06
6.855000e-10 1.316428e-06 2.068196e-06
6.860000e-10 1.309887e-06 2.058007e-06
6.865000e-10 1.303378e-06 2.047867e-06
6.870000e-10 1.296900e-06 2.037775e-06
6.875000e-10 1.290453e-06 2.027731e-06
6.880000e-10 1.284038e-06 2.017736e-06
6.885000e-10 1.277654e-06 2.007788e-06
6.890000e-10 1.271300e-06 1.997887e-06
6.895000e-10 1.264978e-06 1.988034e-06
6.900000e-10 1.258686e-06 1.978228e-06
6.905000e-10 1.252424e-06 1.968469e-06
6.910000e-10 1.246193e-06 1.958757e-06
6.915000e-10 1.239992e-06 1.949091e-06
6.920000e-10 1.233821e-06 1.939471e-06
6.925000e-10 1.227680e-06 1.929898e-06
6.930000e-10 1.221569e-06 1.920370e-06
6.935000e-10 1.215487e-06 1.910888e-06
6.940000e-10 1.209435e-06 1.901451e-06
6.945000e-10 1.203413e-06 1.892060e-06
6.950000e-10 1.197419e-06 1.882714e-06
6.955000e-10 1.191455e-06 1.873412e-06
6.960000e-10 1.185520e-06 1.864155e-06
6.965000e-10 1.179613e-06 1.854942e-06
6.970000e-10 1.173735e-06 1.845774e-06
6.975000e-10 1.167886e-06 1.836649e-06
6.980000e-10 1.162065e-06 1.827569e-06
6.985000e-10 1.156272e-06 1.818532e-06
6.990000e-10 1.150508e-06 1.809538e-06
6.995000e-10 1.144771e-06 1.800588e-06
7.000000e-10 1.139063e-06 1.791680e-06
7.005000e-10 1.133382e-06 1.782815e-06
7.010000e-10 1.127729e-06 1.773993e-06
7.015000e-10 1.122103e-06 1.765214e-06
7.020000e-10 1.116505e-06 1.756476e-06
7.025000e-10 1.110934e-06 1.747781e-06
7.030000e-10 1.105390e-06 1.739127e-06
7.035000e-10 1.099874e-06 1.730515e-06
7.040000e-10 1.094384e-06 1.721945e-06
7.045000e-10 1.088920e-06 1.713416e-06
7.050000e-10 1.083484e-06 1.704927e-06
7.055000e-10 1.078073e-06 1.696480e-06
7.060000e-10 1.072690e-06 1.688073e-06
7.065000e-10 1.067332e-06 1.679707e-06
7.070000e-10 1.062001e-06 1.671381e-06
7.075000e-10 1.056695e-06 1.663096e-06
7.080000e-10 1.051416e-06 1.654850e-06
7.085000e-10 1.046162e-06 1.646644e-06
7.090000e-10 1.040934e-06 1.638477e-06
7.095000e-10 1.035731e-06 1.630350e-06
7.100000e-10 1.030554e-06 1.622263e-06
7.105000e-10 1.025402e-06 1.614214e-06
7.110000e-10 1.020275e-06 1.606204e-06
7.115000e-10 1.015173e-06 1.598232e-06
7.120000e-10 1.010096e-06 1.590300e-06
7.125000e-10 1.005044e-06 1.582405e-06
7.130000e-10 1.000017e-06 1.574549e-06
7.135000e-10 9.950140e-07 1.566730e-06
7.140000e-10 9.900356e-07 1.558950e-06
7.145000e-10 9.850816e-07 1.551207e-06
7.150000e-10 9.801518e-07 1.543501e-06
7.155000e-10 9.752460e-07 1.535833e-06
7.160000e-10 9.703643e-07 1.528202e-06
7.165000e-10 9.655065e-07 1.520607e-06
7.170000e-10 9.606724e-07 1.513050e-06
7.175000e-10 9.558620e-07 1.505529e-06
7.180000e-10 9.510751e-07 1.498044e-06
7.185000e-10 9.463116e-07 1.490596e-06
7.190000e-10 9.415715e-07 1.483184e-06
7.195000e-10 9.368545e-07 1.475807e-06
7.200000e-10 9.321607e-07 1.468467e-06
7.205000e-10 9.274899e-07 1.461161e-06
7.210000e-10 9.228419e-07 1.453892e-06
7.215000e-10 9.182167e-07 1.446657e-06
7.220000e-10 9.136142e-07 1.439458e-06
7.225000e-10 9.090343e-07 1.432293e-06
7.230000e-10 9.044768e-07 1.425164e-06
7.235000e-10 8.999416e-07 1.418069e-06
7.240000e-10 8.954287e-07 1.411008e-06
7.245000e-10 8.909379e-07 1.403981e-06
7.250000e-10 8.864692e-07 1.396989e-06
7.255000e-10 8.820223e-07 1.390031e-06
7.260000e-10 8.775973e-07 1.383106e-06
7.265000e-10 8.731940e-07 1.376215e-06
7.270000e-10 8.688124e-07 1.369358e-06
7.275000e-10 8.644522e-07 1.362533e-06
7.280000e-10 8.601134e-07 1.355742e-06
7.285000e-10 8.557960e-07 1.348984e-06
7.290000e-10 8.514997e-07 1.342259e-06
7.295000e-10 8.472246e-07 1.335567e-06
7.300000e-10 8.429705e-07 1.328907e-06
7.305000e-10 8.387372e-07 1.322279e-06
7.310000e-10 8.345248e-07 1.315684e-06
7.315000e-10 8.303331e-07 1.309121e-06
7.320000e-10 8.261620e-07 1.302589e-06
7.325000e-10 8.220114e-07 1.296090e-06
7.330000e-10 8.178812e-07 1.289622e-06
7.335000e-10 8.137713e-07 1.283186e-06
7.340000e-10 8.096817e-07 1.276781e-06
7.345000e-10 8.056122e-07 1.270407e-06
7.350000e-10 8.015627e-07 1.264064e-06
7.355000e-10 7.975331e-07 1.257752e-06
7.360000e-10 7.935233e-07 1.251471e-06
7.365000e-10 7.895333e-07 1.245221e-06
7.370000e-10 7.855630e-07 1.239001e-06
7.375000e-10 7.816122e-07 1.232811e-06
7.380000e-10 7.776809e-07 1.226652e-06
7.385000e-10 7.737689e-07 1.220522e-06
7.390000e-10 7.698762e-07 1.214423e-06
7.395000e-10 7.660027e-07 1.208353e-06
7.400000e-10 7.621483e-07 1.202313e-06
7.405000e-10 7.583128e-07 1.196302e-06
7.410000e-10 7.544963e-07 1.190321e-06
7.415000e-10 7.506986e-07 1.184369e-06
7.420000e-10 7.469197e-07 1.178446e-06
7.425000e-10 7.431593e-07 1.172552e-06
7.430000e-10 7.394175e-07 1.166686e-06
7.435000e-10 7.356942e-07 1.160850e-06
7.440000e-10 7.319893e-07 1.155042e-06
7.445000e-10 7.283026e-07 1.149262e-06
7.450000e-10 7.246341e-07 1.143510e-06
7.455000e-10 7.209838e-07 1.137787e-06
7.460000e-10 7.173514e-07 1.132092e-06
7.465000e-10 7.137370e-07 1.126424e-06
7.470000e-10 7.101405e-07 1.120784e-06
7.475000e-10 7.065617e-07 1.115172e-06
7.480000e-10 7.030006e-07 1.109588e-06
7.485000e-10 6.994571e-07 1.104030e-06
7.490000e-10 6.959311e-07 1.098500e-06
7.495000e-10 6.924225e-07 1.092997e-06
7.500000e-10 6.889313e-07 1.087521e-06
7.505000e-10 6.854573e-07 1.082072e-06
7.510000e-10 6.820005e-07 1.076649e-06
7.515000e-10 6.785608e-07 1.071253e-06
7.520000e-10 6.751382e-07 1.065883e-06
7.525000e-10 6.717324e-07 1.060540e-06
7.530000e-10 6.683435e-07 1.055223e-06
7.535000e-10 6.649713e-07 1.049932e-06
7.540000e-10 6.616159e-07 1.044667e-06
7.545000e-10 6.582771e-07 1.039428e-06
7.550000e-10 6.549547e-07 1.034214e-06
7.555000e-10 6.516489e-07 1.029026e-06
7.560000e-10 6.483594e-07 1.023864e-06
7.565000e-10 6.450861e-07 1.018726e-06
7.570000e-10 6.418291e-07 1.013614e-06
7.575000e-10 6.385883e-07 1.008528e-06
7.580000e-10 6.353635e-07 1.003466e-06
7.585000e-10 6.321546e-07 9.984287e-07
7.590000e-10 6.289617e-07 9.934164e-07
7.595000e-10 6.257846e-07 9.884287e-07
7.600000e-10 6.226232e-07 9.834655e-07
7.605000e-10 6.194775e-07 9.785268e-07
7.610000e-10 6.163475e-07 9.736123e-07
7.615000e-10 6.132329e-07 9.687220e-07
7.620000e-10 6.101338e-07 9.638557e-07
7.625000e-10 6.070500e-07 9.590133e-07
7.630000e-10 6.039816e-07 9.541947e-07
7.635000e-10 6.009283e-07 9.493999e-07
7.640000e-10 5.978903e-07 9.446286e-07
7.645000e-10 5.948673e-07 9.398809e-07
7.650000e-10 5.918593e-07 9.351564e-07
7.655000e-10 5.888662e-07 9.304553e-07
7.660000e-10 5.858880e-07 9.257772e-07
7.665000e-10 5.829246e-07 9.211222e-07
7.670000e-10 5.799759e-07 9.164902e-07
7.675000e-10 5.770418e-07 9.118809e-07
7.680000e-10 5.741223e-07 9.072943e-07
7.685000e-10 5.712174e-07 9.027304e-07
7.690000e-10 5.683268e-07 8.981889e-07
7.695000e-10 5.654507e-07 8.936698e-07
7.700000e-10 5.625888e-07 8.891730e-07
7.705000e-10 5.597411e-07 8.846983e-07
7.710000e-10 5.569076e-07 8.802457e-07
7.715000e-10 5.540882e-07 8.758151e-07
7.720000e-10 5.512828e-07 8.714063e-07
7.725000e-10 5.484914e-07 8.670192e-07
7.730000e-10 5.457138e-07 8.626538e-07
7.735000e-10 5.429501e-07 8.583099e-07
7.740000e-10 5.402001e-07 8.539875e-07
7.745000e-10 5.374638e-07 8.496864e-07
7.750000e-10 5.347411e-07 8.454065e-07
7.755000e-10 5.320320e-07 8.411477e-07
7.760000e-10 5.293363e-07 8.369100e-07
7.765000e-10 5.266541e-07 8.326932e-07
7.770000e-10 5.239852e-07 8.284972e-07
7.775000e-10 5.213296e-07 8.243220e-07
7.780000e-10 5.186872e-07 8.201674e-07
7.785000e-10 5.160580e-07 8.160333e-07
7.790000e-10 5.134419e-07 8.119196e-07
7.795000e-10 5.108389e-07 8.078263e-07
7.800000e-10 5.082488e-07 8.037532e-07
7.805000e-10 5.056716e-07 7.997002e-07
7.810000e-10 5.031072e-07 7.956673e-07
7.815000e-10 5.005556e-07 7.916543e-07
7.820000e-10 4.980168e-07 7.876612e-07
7.825000e-10 4.954906e-07 7.836878e-07
7.830000e-10 4.929770e-07 7.797341e-07
7.835000e-10 4.904760e-07 7.757999e-07
7.840000e-10 4.879874e-07 7.718852e-07
7.845000e-10 4.855112e-07 7.679899e-07
7.850000e-10 4.830474e-07 7.641139e-07
7.855000e-10 4.805959e-07 7.602570e-07
7.860000e-10 4.781566e-07 7.564193e-07
7.865000e-10 4.757294e-07 7.526005e-07
7.870000e-10 4.733144e-07 7.488007e-07
7.875000e-10 4.709115e-07 7.450197e-07
7.880000e-10 4.685205e-07 7.412574e-07
7.885000e-10 4.661415e-07 7.375137e-07
7.890000e-10 4.637744e-07 7.337887e-07
7.895000e-10 4.614191e-07 7.300820e-07
7.900000e-10 4.590755e-07 7.263938e-07
7.905000e-10 4.567437e-07 7.227238e-07
7.910000e-10 4.544235e-07 7.190720e-07
7.915000e-10 4.521149e-07 7.154384e-07
7.920000e-10 4.498178e-07 7.118227e-07
7.925000e-10 4.475322e-07 7.082250e-07
7.930000e-10 4.452581e-07 7.046452e-07
7.935000e-10 4.429953e-07 7.010831e-07
7.940000e-10 4.407438e-07 6.975386e-07
7.945000e-10 4.385036e-07 6.940118e-07
7.950000e-10 4.362745e-07 6.905025e-07
7.955000e-10 4.340567e-07 6.870106e-07
7.960000e-10 4.318499e-07 6.835360e-07
7.965000e-10 4.296541e-07 6.800787e-07
7.970000e-10 4.274694e-07 6.766385e-07
7.975000e-10 4.252956e-07 6.732155e-07
7.980000e-10 4.231326e-07 6.698094e-07
7.985000e-10 4.209805e-07 6.664203e-07
7.990000e-10 4.188391e-07 6.630480e-07
7.995000e-10 4.167085e-07 6.596924e-07
8.000000e-10 4.145886e-07 6.563536e-07
8.005000e-10 4.124792e-07 6.530313e-07
8.010000e-10 4.103804e-07 6.497256e-07
8.015000e-10 4.082921e-07 6.464362e-07
8.020000e-10 4.062143e-07 6.431633e-07
8.025000e-10 4.041469e-07 6.399066e-07
8.030000e-10 4.020899e-07 6.366661e-07
8.035000e-10 4.000431e-07 6.334418e-07
8.040000e-10 3.980066e-07 6.302334e-07
8.045000e-10 3.959803e-07 6.270411e-07
8.050000e-10 3.939642e-07 6.238646e-07
8.055000e-10 3.919582e-07 6.207039e-07
8.060000e-10 3.899622e-07 6.175590e-07
8.065000e-10 3.879763e-07 6.144297e-07
8.070000e-10 3.860002e-07 6.113161e-07
8.075000e-10 3.840342e-07 6.082179e-07
8.080000e-10 3.820779e-07 6.051351e-07
8.085000e-10 3.801315e-07 6.020677e-07
8.090000e-10 3.781948e-07 5.990156e-07
8.095000e-10 3.762679e-07 5.959787e-07
8.100000e-10 3.743506e-07 5.929569e-07
8.105000e-10 3.724430e-07 5.899502e-07
8.110000e-10 3.705449e-07 5.869584e-07
8.115000e-10 3.686563e-07 5.839816e-07
8.120000e-10 3.667773e-07 5.810196e-07
8.125000e-10 3.649076e-07 5.780724e-07
8.130000e-10 3.630474e-07 5.751398e-07
8.135000e-10 3.611965e-07 5.722219e-07
8.140000e-10 3.593548e-07 5.693186e-07
8.145000e-10 3.575225e-07 5.664297e-07
8.150000e-10 3.556993e-07 5.635553e-07
8.155000e-10 3.538853e-07 5.606952e-07
8.160000e-10 3.520804e-07 5.578493e-07
8.165000e-10 3.502846e-07 5.550177e-07
8.170000e-10 3.484978e-07 5.522002e-07
8.175000e-10 3.467200e-07 5.493967e-07
8.180000e-10 3.449511e-07 5.466073e-07
8.185000e-10 3.431911e-07 5.438318e-07
8.190000e-10 3.414399e-07 5.410701e-07
8.195000e-10 3.396976e-07 5.383222e-07
8.200000e-10 3.379640e-07 5.355881e-07
8.205000e-10 3.362391e-07 5.328676e-07
8.210000e-10 3.345229e-07 5.301607e-07
8.215000e-10 3.328154e-07 5.274673e-07
8.220000e-10 3.311164e-07 5.247874e-07
8.225000e-10 3.294260e-07 5.221209e-07
8.230000e-10 3.277441e-07 5.194677e-07
8.235000e-10 3.260706e-07 5.168278e-07
8.240000e-10 3.244056e-07 5.142011e-07
8.245000e-10 3.227489e-07 5.115875e-07
8.250000e-10 3.211006e-07 5.089870e-07
8.255000e-10 3.194606e-07 5.063994e-07
8.260000e-10 3.178288e-07 5.038249e-07
8.265000e-10 3.162053e-07 5.012632e-07
8.270000e-10 3.145899e-07 4.987143e-07
8.275000e-10 3.129827e-07 4.961782e-07
8.280000e-10 3.113835e-07 4.936547e-07
8.285000e-10 3.097924e-07 4.911439e-07
8.290000e-10 3.082093e-07 4.886457e-07
8.295000e-10 3.066342e-07 4.861599e-07
8.300000e-10 3.050671e-07 4.836866e-07
8.305000e-10 3.035078e-07 4.812257e-07
8.310000e-10 3.019564e-07 4.787772e-07
8.315000e-10 3.004128e-07 4.763408e-07
8.320000e-10 2.988770e-07 4.739167e-07
8.325000e-10 2.973489e-07 4.715047e-07
8.330000e-10 2.958286e-07 4.691048e-07
8.335000e-10 2.943159e-07 4.667170e-07
8.340000e-10 2.928108e-07 4.643411e-07
8.345000e-10 2.913133e-07 4.619771e-07
8.350000e-10 2.898234e-07 4.596249e-07
8.355000e-10 2.883410e-07 4.572845e-07
8.360000e-10 2.868660e-07 4.549559e-07
8.365000e-10 2.853985e-07 4.526390e-07
8.370000e-10 2.839384e-07 4.503336e-07
8.375000e-10 2.824857e-07 4.480398e-07
8.380000e-10 2.810403e-07 4.457576e-07
8.385000e-10 2.796022e-07 4.434867e-07
8.390000e-10 2.781714e-07 4.412273e-07
8.395000e-10 2.767477e-07 4.389792e-07
8.400000e-10 2.753313e-07 4.367424e-07
8.405000e-10 2.739220e-07 4.345168e-07
8.410000e-10 2.725199e-07 4.323024e-07
8.415000e-10 2.711248e-07 4.300991e-07
8.420000e-10 2.697367e-07 4.279068e-07
8.425000e-10 2.683557e-07 4.257256e-07
8.430000e-10 2.669816e-07 4.235553e-07
8.435000e-10 2.656145e-07 4.213959e-07
8.440000e-10 2.642543e-07 4.192473e-07
8.445000e-10 2.629010e-07 4.171096e-07
8.450000e-10 2.615545e-07 4.149825e-07
8.455000e-10 2.602148e-07 4.128662e-07
8.460000e-10 2.588819e-07 4.107605e-07
8.465000e-10 2.575557e-07 4.086653e-07
8.470000e-10 2.562362e-07 4.065807e-07
8.475000e-10 2.549234e-07 4.045066e-07
8.480000e-10 2.536172e-07 4.024429e-07
8.485000e-10 2.523176e-07 4.003896e-07
8.490000e-10 2.510246e-07 3.983466e-07
8.495000e-10 2.497382e-07 3.963138e-07
8.500000e-10 2.484582e-07 3.942913e-07
8.505000e-10 2.471847e-07 3.922790e-07
8.510000e-10 2.459177e-07 3.902768e-07
8.515000e-10 2.446571e-07 3.882846e-07
8.520000e-10 2.434028e-07 3.863025e-07
8.525000e-10 2.421549e-07 3.843303e-07
8.530000e-10 2.409133e-07 3.823681e-07
8.535000e-10 2.396780e-07 3.804157e-07
8.540000e-10 2.384489e-07 3.784732e-07
8.545000e-10 2.372261e-07 3.765404e-07
8.550000e-10 2.360095e-07 3.746174e-07
8.555000e-10 2.347990e-07 3.727040e-07
8.560000e-10 2.335946e-07 3.708003e-07
8.565000e-10 2.323964e-07 3.689061e-07
8.570000e-10 2.312042e-07 3.670215e-07
8.575000e-10 2.300180e-07 3.651464e-07
8.580000e-10 2.288379e-07 3.632808e-07
8.585000e-10 2.276637e-07 3.614245e-07
8.590000e-10 2.264955e-07 3.595776e-07
8.595000e-10 2.253332e-07 3.577400e-07
8.600000e-10 2.241768e-07 3.559116e-07
8.605000e-10 2.230262e-07 3.540925e-07
8.610000e-10 2.218815e-07 3.522825e-07
8.615000e-10 2.207426e-07 3.504816e-07
8.620000e-10 2.196095e-07 3.486898e-07
8.625000e-10 2.184821e-07 3.469071e-07
8.630000e-10 2.173604e-07 3.451333e-07
8.635000e-10 2.162444e-07 3.433685e-07
8.640000e-10 2.151340e-07 3.416126e-07
8.645000e-10 2.140293e-07 3.398655e-07
8.650000e-10 2.129302e-07 3.381273e-07
8.655000e-10 2.118367e-07 3.363978e-07
8.660000e-10 2.107487e-07 3.346770e-07
8.665000e-10 2.096662e-07 3.329649e-07
8.670000e-10 2.085892e-07 3.312615e-07
8.675000e-10 2.075177e-07 3.295667e-07
8.680000e-10 2.064516e-07 3.278804e-07
8.685000e-10 2.053910e-07 3.262026e-07
8.690000e-10 2.043357e-07 3.245333e-07
8.695000e-10 2.032857e-07 3.228724e-07
8.700000e-10 2.022411e-07 3.212199e-07
8.705000e-10 2.012018e-07 3.195757e-07
8.710000e-10 2.001678e-07 3.179398e-07
8.715000e-10 1.991390e-07 3.163122e-07
8.720000e-10 1.981155e-07 3.146928e-07
8.725000e-10 1.970971e-07 3.130816e-07
8.730000e-10 1.960840e-07 3.114786e-07
8.735000e-10 1.950759e-07 3.098836e-07
8.740000e-10 1.940730e-07 3.082967e-07
8.745000e-10 1.930752e-07 3.067178e-07
8.750000e-10 1.920824e-07 3.051469e-07
8.755000e-10 1.910947e-07 3.035839e-07
8.760000e-10 1.901120e-07 3.020288e-07
8.765000e-10 1.891343e-07 3.004816e-07
8.770000e-10 1.881616e-07 2.989422e-07
8.775000e-10 1.871938e-07 2.974106e-07
8.780000e-10 1.862309e-07 2.958867e-07
8.785000e-10 1.852729e-07 2.943706e-07
8.790000e-10 1.843198e-07 2.928621e-07
8.795000e-10 1.833716e-07 2.913612e-07
8.800000e-10 1.824281e-07 2.898679e-07
8.805000e-10 1.814895e-07 2.883822e-07
8.810000e-10 1.805556e-07 2.869040e-07
8.815000e-10 1.796265e-07 2.854332e-07
8.820000e-10 1.787021e-07 2.839699e-07
8.825000e-10 1.777824e-07 2.825140e-07
8.830000e-10 1.768674e-07 2.810655e-07
8.835000e-10 1.759570e-07 2.796243e-07
8.840000e-10 1.750513e-07 2.781904e-07
8.845000e-10 1.741501e-07 2.767638e-07
8.850000e-10 1.732536e-07 2.753444e-07
8.855000e-10 1.723616e-07 2.739321e-07
8.860000e-10 1.714742e-07 2.725271e-07
8.865000e-10 1.705913e-07 2.711291e-07
8.870000e-10 1.697128e-07 2.697382e-07
8.875000e-10 1.688389e-07 2.683544e-07
8.880000e-10 1.679694e-07 2.669775e-07
8.885000e-10 1.671043e-07 2.656077e-07
8.890000e-10 1.662436e-07 2.642448e-07
8.895000e-10 1.653873e-07 2.628887e-07
8.900000e-10 1.645354e-07 2.615396e-07
8.905000e-10 1.636878e-07 2.601973e-07
8.910000e-10 1.628445e-07 2.588618e-07
8.915000e-10 1.620055e-07 2.575330e-07
8.920000e-10 1.611708e-07 2.562110e-07
8.925000e-10 1.603403e-07 2.548957e-07
8.930000e-10 1.595141e-07 2.535871e-07
8.935000e-10 1.586921e-07 2.522851e-07
8.940000e-10 1.578742e-07 2.509897e-07
8.945000e-10 1.570606e-07 2.497009e-07
8.950000e-10 1.562511e-07 2.484186e-07
8.955000e-10 1.554457e-07 2.471428e-07
8.960000e-10 1.546444e-07 2.458735e-07
8.965000e-10 1.538472e-07 2.446106e-07
8.970000e-10 1.530540e-07 2.433541e-07
8.975000e-10 1.522649e-07 2.421040e-07
8.980000e-10 1.514799e-07 2.408602e-07
8.985000e-10 1.506988e-07 2.396228e-07
8.990000e-10 1.499217e-07 2.383916e-07
8.995000e-10 1.491486e-07 2.371667e-07
9.000000e-10 1.483794e-07 2.359480e-07
9.005000e-10 1.476141e-07 2.347355e-07
9.010000e-10 1.468528e-07 2.335291e-07
9.015000e-10 1.460953e-07 2.323289e-07
9.020000e-10 1.453417e-07 2.311347e-07
9.025000e-10 1.445919e-07 2.299467e-07
9.030000e-10 1.438460e-07 2.287646e-07
9.035000e-10 1.431039e-07 2.275886e-07
9.040000e-10 1.423655e-07 2.264185e-07
9.045000e-10 1.416310e-07 2.252544e-07
9.050000e-10 1.409001e-07 2.240962e-07
9.055000e-10 1.401730e-07 2.229438e-07
9.060000e-10 1.394496e-07 2.217973e-07
9.065000e-10 1.387300e-07 2.206567e-07
9.070000e-10 1.380139e-07 2.195218e-07
9.075000e-10 1.373016e-07 2.183927e-07
9.080000e-10 1.365928e-07 2.172694e-07
9.085000e-10 1.358877e-07 2.161518e-07
9.090000e-10 1.351862e-07 2.150398e-07
9.095000e-10 1.344883e-07 2.139335e-07
9.100000e-10 1.337940e-07 2.128328e-07
9.105000e-10 1.331031e-07 2.117377e-07
9.110000e-10 1.324159e-07 2.106482e-07
9.115000e-10 1.317321e-07 2.095642e-07
9.120000e-10 1.310518e-07 2.084858e-07
9.125000e-10 1.303750e-07 2.074128e-07
9.130000e-10 1.297017e-07 2.063453e-07
9.135000e-10 1.290318e-07 2.052832e-07
9.140000e-10 1.283653e-07 2.042265e-07
9.145000e-10 1.277022e-07 2.031752e-07
9.150000e-10 1.270425e-07 2.021292e-07
9.155000e-10 1.263862e-07 2.010886e-07
9.160000e-10 1.257333e-07 2.000532e-07
9.165000e-10 1.250836e-07 1.990231e-07
9.170000e-10 1.244373e-07 1.979983e-07
9.175000e-10 1.237943e-07 1.969787e-07
9.180000e-10 1.231546e-07 1.959642e-07
9.185000e-10 1.225182e-07 1.949550e-07
9.190000e-10 1.218850e-07 1.939509e-07
9.195000e-10 1.212551e-07 1.929518e-07
9.200000e-10 1.206284e-07 1.919579e-07
9.205000e-10 1.200049e-07 1.909691e-07
9.210000e-10 1.193845e-07 1.899852e-07
9.215000e-10 1.187674e-07 1.890064e-07
9.220000e-10 1.181534e-07 1.880326e-07
9.225000e-10 1.175425e-07 1.870637e-07
9.230000e-10 1.169348e-07 1.860998e-07
9.235000e-10 1.163302e-07 1.851408e-07
9.240000e-10 1.157287e-07 1.841866e-07
9.245000e-10 1.151302e-07 1.832373e-07
9.250000e-10 1.145349e-07 1.822929e-07
9.255000e-10 1.139425e-07 1.813533e-07
9.260000e-10 1.133532e-07 1.804184e-07
9.265000e-10 1.127669e-07 1.794884e-07
9.270000e-10 1.121837e-07 1.785630e-07
9.275000e-10 1.116034e-07 1.776424e-07
9.280000e-10 1.110260e-07 1.767265e-07
9.285000e-10 1.104517e-07 1.758153e-07
9.290000e-10 1.098802e-07 1.749087e-07
9.295000e-10 1.093117e-07 1.740067e-07
9.300000e-10 1.087462e-07 1.731093e-07
9.305000e-10 1.081835e-07 1.722165e-07
9.310000e-10 1.076237e-07 1.713283e-07
9.315000e-10 1.070667e-07 1.704445e-07
9.320000e-10 1.065126e-07 1.695653e-07
9.325000e-10 1.059614e-07 1.686906e-07
9.330000e-10 1.054130e-07 1.678203e-07
9.335000e-10 1.048674e-07 1.669545e-07
9.340000e-10 1.043245e-07 1.660931e-07
9.345000e-10 1.037845e-07 1.652361e-07
9.350000e-10 1.032472e-07 1.643835e-07
9.355000e-10 1.027127e-07 1.635352e-07
9.360000e-10 1.021810e-07 1.626913e-07
9.365000e-10 1.016519e-07 1.618516e-07
9.370000e-10 1.011256e-07 1.610163e-07
9.375000e-10 1.006019e-07 1.601852e-07
9.380000e-10 1.000810e-07 1.593583e-07
9.385000e-10 9.956271e-08 1.585357e-07
9.390000e-10 9.904709e-08 1.577173e-07
9.395000e-10 9.853412e-08 1.569030e-07
9.400000e-10 9.802377e-08 1.560929e-07
9.405000e-10 9.751604e-08 1.552870e-07
9.410000e-10 9.701092e-08 1.544852e-07
9.415000e-10 9.650838e-08 1.536874e-07
9.420000e-10 9.600843e-08 1.528938e-07
9.425000e-10 9.551104e-08 1.521042e-07
9.430000e-10 9.501620e-08 1.513186e-07
9.435000e-10 9.452390e-08 1.505371e-07
9.440000e-10 9.403413e-08 1.497595e-07
9.445000e-10 9.354687e-08 1.489859e-07
9.450000e-10 9.306212e-08 1.482163e-07
9.455000e-10 9.257984e-08 1.474506e-07
9.460000e-10 9.210005e-08 1.466888e-07
9.465000e-10 9.162272e-08 1.459309e-07
9.470000e-10 9.114784e-08 1.451769e-07
9.475000e-10 9.067539e-08 1.444267e-07
9.480000e-10 9.020538e-08 1.436804e-07
9.485000e-10 8.973777e-08 1.429379e-07
9.490000e-10 8.927257e-08 1.421992e-07
9.495000e-10 8.880975e-08 1.414643e-07
9.500000e-10 8.834931e-08 1.407331e-07
9.505000e-10 8.789124e-08 1.400057e-07
9.510000e-10 8.743552e-08 1.392819e-07
9.515000e-10 8.698214e-08 1.385619e-07
9.520000e-10 8.653109e-08 1.378456e-07
9.525000e-10 8.608236e-08 1.371330e-07
9.530000e-10 8.563593e-08 1.364239e-07
9.535000e-10 8.519179e-08 1.357186e-07
9.540000e-10 8.474994e-08 1.350168e-07
9.545000e-10 8.431036e-08 1.343186e-07
9.550000e-10 8.387303e-08 1.336240e-07
9.555000e-10 8.343796e-08 1.329329e-07
9.560000e-10 8.300512e-08 1.322454e-07
9.565000e-10 8.257450e-08 1.315614e-07
9.570000e-10 8.214610e-08 1.308809e-07
9.575000e-10 8.171990e-08 1.302039e-07
9.580000e-10 8.129589e-08 1.295304e-07
9.585000e-10 8.087406e-08 1.288603e-07
9.590000e-10 8.045440e-08 1.281936e-07
9.595000e-10 8.003690e-08 1.275304e-07
9.600000e-10 7.962154e-08 1.268705e-07
9.605000e-10 7.920832e-08 1.262141e-07
9.610000e-10 7.879723e-08 1.255609e-07
9.615000e-10 7.838824e-08 1.249112e-07
9.620000e-10 7.798137e-08 1.242647e-07
9.625000e-10 7.757658e-08 1.236216e-07
9.630000e-10 7.717388e-08 1.229818e-07
9.635000e-10 7.677325e-08 1.223453e-07
9.640000e-10 7.637468e-08 1.217120e-07
9.645000e-10 7.597816e-08 1.210819e-07
9.650000e-10 7.558368e-08 1.204551e-07
9.655000e-10 7.519123e-08 1.198315e-07
9.660000e-10 7.480080e-08 1.192111e-07
9.665000e-10 7.441238e-08 1.185939e-07
9.670000e-10 7.402595e-08 1.179798e-07
9.675000e-10 7.364152e-08 1.173689e-07
9.680000e-10 7.325907e-08 1.167612e-07
9.685000e-10 7.287858e-08 1.161565e-07
9.690000e-10 7.250005e-08 1.155549e-07
9.695000e-10 7.212347e-08 1.149565e-07
9.700000e-10 7.174883e-08 1.143611e-07
9.705000e-10 7.137612e-08 1.137687e-07
9.710000e-10 7.100533e-08 1.131794e-07
9.715000e-10 7.063644e-08 1.125931e-07
9.720000e-10 7.026946e-08 1.120098e-07
9.725000e-10 6.990437e-08 1.114295e-07
9.730000e-10 6.954115e-08 1.108522e-07
9.735000e-10 6.917981e-08 1.102779e-07
9.740000e-10 6.882033e-08 1.097065e-07
9.745000e-10 6.846270e-08 1.091380e-07
9.750000e-10 6.810691e-08 1.085725e-07
9.755000e-10 6.775295e-08 1.080098e-07
9.760000e-10 6.740082e-08 1.074501e-07
9.765000e-10 6.705050e-08 1.068932e-07
9.770000e-10 6.670199e-08 1.063391e-07
9.775000e-10 6.635527e-08 1.057880e-07
9.780000e-10 6.601034e-08 1.052396e-07
9.785000e-10 6.566719e-08 1.046941e-07
9.790000e-10 6.532580e-08 1.041513e-07
9.795000e-10 6.498618e-08 1.036114e-07
9.800000e-10 6.464831e-08 1.030742e-07
9.805000e-10 6.431217e-08 1.025398e-07
9.810000e-10 6.397777e-08 1.020081e-07
9.815000e-10 6.364510e-08 1.014792e-07
9.820000e-10 6.331413e-08 1.009529e-07
9.825000e-10 6.298488e-08 1.004294e-07
9.830000e-10 6.265732e-08 9.990858e-08
9.835000e-10 6.233145e-08 9.939042e-08
9.840000e-10 6.200727e-08 9.887493e-08
9.845000e-10 6.168475e-08 9.836208e-08
9.850000e-10 6.136390e-08 9.785187e-08
9.855000e-10 6.104470e-08 9.734428e-08
9.860000e-10 6.072715e-08 9.683930e-08
9.865000e-10 6.041123e-08 9.633692e-08
9.870000e-10 6.009695e-08 9.583712e-08
9.875000e-10 5.978428e-08 9.533988e-08
9.880000e-10 5.947323e-08 9.484521e-08
9.885000e-10 5.916379e-08 9.435307e-08
9.890000e-10 5.885594e-08 9.386347e-08
9.895000e-10 5.854968e-08 9.337638e-08
9.900000e-10 5.824500e-08 9.289180e-08
9.905000e-10 5.794189e-08 9.240971e-08
9.910000e-10 5.764035e-08 9.193010e-08
9.915000e-10 5.734036e-08 9.145295e-08
9.920000e-10 5.704192e-08 9.097826e-08
9.925000e-10 5.674502e-08 9.050601e-08
9.930000e-10 5.644966e-08 9.003619e-08
9.935000e-10 5.615581e-08 8.956879e-08
9.940000e-10 5.586349e-08 8.910379e-08
9.945000e-10 5.557267e-08 8.864118e-08
9.950000e-10 5.528336e-08 8.818096e-08
9.955000e-10 5.499554e-08 8.772310e-08
9.960000e-10 5.470921e-08 8.726760e-08
9.965000e-10 5.442435e-08 8.681444e-08
9.970000e-10 5.414097e-08 8.636361e-08
9.975000e-10 5.385904e-08 8.591511e-08
9.980000e-10 5.357858e-08 8.546891e-08
9.985000e-10 5.329956e-08 8.502501e-08
9.990000e-10 5.302199e-08 8.458339e-08
9.995000e-10 5.274585e-08 8.414405e-08
1.000000e-09 5.247113e-08 8.370697e-08
1.000500e-09 5.219784e-08 8.327214e-08
1.001000e-09 5.192595e-08 8.283955e-08
1.001500e-09 5.165547e-08 8.240918e-08
1.002000e-09 5.138639e-08 8.198104e-08
1.002500e-09 5.111870e-08 8.155509e-08
1.003000e-09 5.085239e-08 8.113134e-08
1.003500e-09 5.058746e-08 8.070978e-08
1.004000e-09 5.032390e-08 8.029038e-08
1.004500e-09 5.006170e-08 7.987315e-08
1.005000e-09 4.980085e-08 7.945806e-08
1.005500e-09 4.954135e-08 7.904511e-08
1.006000e-09 4.928320e-08 7.863429e-08
1.006500e-09 4.902638e-08 7.822559e-08
1.007000e-09 4.877088e-08 7.781899e-08
1.007500e-09 4.851671e-08 7.741448e-08
1.008000e-09 4.826385e-08 7.701207e-08
1.008500e-09 4.801230e-08 7.661172e-08
1.009000e-09 4.776205e-08 7.621344e-08
1.009500e-09 4.751309e-08 7.581721e-08
1.010000e-09 4.726542e-08 7.542302e-08
1.010500e-09 4.701904e-08 7.503087e-08
1.011000e-09 4.677392e-08 7.464073e-08
1.011500e-09 4.653008e-08 7.425261e-08
1.012000e-09 4.628749e-08 7.386649e-08
1.012500e-09 4.604616e-08 7.348236e-08
1.013000e-09 4.580608e-08 7.310021e-08
1.013500e-09 4.556724e-08 7.272003e-08
1.014000e-09 4.532963e-08 7.234181e-08
1.014500e-09 4.509326e-08 7.196554e-08
1.015000e-09 4.485811e-08 7.159121e-08
1.015500e-09 4.462417e-08 7.121881e-08
1.016000e-09 4.439145e-08 7.084834e-08
1.016500e-09 4.415993e-08 7.047977e-08
1.017000e-09 4.392960e-08 7.011310e-08
1.017500e-09 4.370047e-08 6.974833e-08
1.018000e-09 4.347253e-08 6.938544e-08
1.018500e-09 4.324576e-08 6.902442e-08
1.019000e-09 4.302017e-08 6.866526e-08
1.019500e-09 4.279575e-08 6.830796e-08
1.020000e-09 4.257249e-08 6.795250e-08
1.020500e-09 4.235038e-08 6.759887e-08
1.021000e-09 4.212943e-08 6.724707e-08
1.021500e-09 4.190962e-08 6.689709e-08
1.022000e-09 4.169094e-08 6.654891e-08
1.022500e-09 4.147340e-08 6.620253e-08
1.023000e-09 4.125698e-08 6.585793e-08
1.023500e-09 4.104169e-08 6.551512e-08
1.024000e-09 4.082751e-08 6.517407e-08
1.024500e-09 4.061444e-08 6.483479e-08
1.025000e-09 4.040247e-08 6.449725e-08
1.025500e-09 4.019161e-08 6.416146e-08
1.026000e-09 3.998183e-08 6.382741e-08
1.026500e-09 3.977314e-08 6.349508e-08
1.027000e-09 3.956553e-08 6.316446e-08
1.027500e-09 3.935900e-08 6.283555e-08
1.028000e-09 3.915353e-08 6.250834e-08
1.028500e-09 3.894914e-08 6.218282e-08
1.029000e-09 3.874580e-08 6.185899e-08
1.029500e-09 3.854351e-08 6.153682e-08
1.030000e-09 3.834227e-08 6.121632e-08
1.030500e-09 3.814208e-08 6.089747e-08
1.031000e-09 3.794292e-08 6.058028e-08
1.031500e-09 3.774479e-08 6.026472e-08
1.032000e-09 3.754770e-08 5.995079e-08
1.032500e-09 3.735162e-08 5.963848e-08
1.033000e-09 3.715656e-08 5.932779e-08
1.033500e-09 3.696251e-08 5.901870e-08
1.034000e-09 3.676946e-08 5.871121e-08
1.034500e-09 3.657742e-08 5.840531e-08
1.035000e-09 3.638637e-08 5.810099e-08
1.035500e-09 3.619632e-08 5.779825e-08
1.036000e-09 3.600725e-08 5.749706e-08
1.036500e-09 3.581916e-08 5.719744e-08
1.037000e-09 3.563204e-08 5.689936e-08
1.037500e-09 3.544589e-08 5.660283e-08
1.038000e-09 3.526071e-08 5.630783e-08
1.038500e-09 3.507650e-08 5.601435e-08
1.039000e-09 3.489323e-08 5.572239e-08
1.039500e-09 3.471092e-08 5.543194e-08
1.040000e-09 3.452955e-08 5.514299e-08
1.040500e-09 3.434912e-08 5.485554e-08
1.041000e-09 3.416963e-08 5.456958e-08
1.041500e-09 3.399107e-08 5.428509e-08
1.042000e-09 3.381344e-08 5.400207e-08
1.042500e-09 3.363672e-08 5.372052e-08
1.043000e-09 3.346093e-08 5.344042e-08
1.043500e-09 3.328605e-08 5.316178e-08
1.044000e-09 3.311207e-08 5.288457e-08
1.044500e-09 3.293900e-08 5.260880e-08
1.045000e-09 3.276682e-08 5.233446e-08
1.045500e-09 3.259554e-08 5.206153e-08
1.046000e-09 3.242515e-08 5.179002e-08
1.046500e-09 3.225564e-08 5.151991e-08
1.047000e-09 3.208701e-08 5.125120e-08
1.047500e-09 3.191926e-08 5.098389e-08
1.048000e-09 3.175238e-08 5.071795e-08
1.048500e-09 3.158636e-08 5.045339e-08
1.049000e-09 3.142121e-08 5.019020e-08
1.049500e-09 3.125691e-08 4.992838e-08
1.050000e-09 3.109347e-08 4.966790e-08
1.050500e-09 3.093087e-08 4.940878e-08
1.051000e-09 3.076912e-08 4.915100e-08
1.051500e-09 3.060821e-08 4.889455e-08
1.052000e-09 3.044813e-08 4.863943e-08
1.052500e-09 3.028889e-08 4.838563e-08
1.053000e-09 3.013047e-08 4.813315e-08
1.053500e-09 2.997288e-08 4.788197e-08
1.054000e-09 2.981610e-08 4.763210e-08
1.054500e-09 2.966014e-08 4.738351e-08
1.055000e-09 2.950499e-08 4.713622e-08
1.055500e-09 2.935064e-08 4.689021e-08
1.056000e-09 2.919710e-08 4.664547e-08
1.056500e-09 2.904435e-08 4.640200e-08
1.057000e-09 2.889240e-08 4.615979e-08
1.057500e-09 2.874124e-08 4.591883e-08
1.058000e-09 2.859086e-08 4.567912e-08
1.058500e-09 2.844126e-08 4.544066e-08
1.059000e-09 2.829244e-08 4.520343e-08
1.059500e-09 2.814440e-08 4.496743e-08
1.060000e-09 2.799712e-08 4.473265e-08
1.060500e-09 2.785061e-08 4.449909e-08
1.061000e-09 2.770486e-08 4.426674e-08
1.061500e-09 2.755987e-08 4.403559e-08
1.062000e-09 2.741563e-08 4.380564e-08
1.062500e-09 2.727214e-08 4.357689e-08
1.063000e-09 2.712940e-08 4.334932e-08
1.063500e-09 2.698740e-08 4.312293e-08
1.064000e-09 2.684613e-08 4.289771e-08
1.064500e-09 2.670561e-08 4.267366e-08
1.065000e-09 2.656581e-08 4.245077e-08
1.065500e-09 2.642674e-08 4.222904e-08
1.066000e-09 2.628839e-08 4.200845e-08
1.066500e-09 2.615076e-08 4.178901e-08
1.067000e-09 2.601385e-08 4.157071e-08
1.067500e-09 2.587765e-08 4.135354e-08
1.068000e-09 2.574215e-08 4.113750e-08
1.068500e-09 2.560737e-08 4.092258e-08
1.069000e-09 2.547328e-08 4.070877e-08
1.069500e-09 2.533989e-08 4.049607e-08
1.070000e-09 2.520719e-08 4.028447e-08
1.070500e-09 2.507519e-08 4.007398e-08
1.071000e-09 2.494387e-08 3.986457e-08
1.071500e-09 2.481323e-08 3.965625e-08
1.072000e-09 2.468328e-08 3.944901e-08
1.072500e-09 2.455400e-08 3.924285e-08
1.073000e-09 2.442539e-08 3.903775e-08
1.073500e-09 2.429745e-08 3.883372e-08
1.074000e-09 2.417018e-08 3.863075e-08
1.074500e-09 2.404357e-08 3.842883e-08
1.075000e-09 2.391762e-08 3.822796e-08
1.075500e-09 2.379232e-08 3.802813e-08
1.076000e-09 2.366767e-08 3.782934e-08
1.076500e-09 2.354368e-08 3.763158e-08
1.077000e-09 2.342033e-08 3.743485e-08
1.077500e-09 2.329762e-08 3.723913e-08
1.078000e-09 2.317555e-08 3.704444e-08
1.078500e-09 2.305412e-08 3.685075e-08
1.079000e-09 2.293331e-08 3.665807e-08
1.079500e-09 2.281314e-08 3.646639e-08
1.080000e-09 2.269359e-08 3.627571e-08
1.080500e-09 2.257467e-08 3.608602e-08
1.081000e-09 2.245636e-08 3.589731e-08
1.081500e-09 2.233867e-08 3.570958e-08
1.082000e-09 2.222159e-08 3.552282e-08
1.082500e-09 2.210513e-08 3.533704e-08
1.083000e-09 2.198926e-08 3.515222e-08
1.083500e-09 2.187401e-08 3.496836e-08
1.084000e-09 2.175935e-08 3.478545e-08
1.084500e-09 2.164529e-08 3.460350e-08
1.085000e-09 2.153182e-08 3.442249e-08
1.085500e-09 2.141895e-08 3.424242e-08
1.086000e-09 2.130666e-08 3.406328e-08
1.086500e-09 2.119495e-08 3.388508e-08
1.087000e-09 2.108383e-08 3.370780e-08
1.087500e-09 2.097329e-08 3.353144e-08
1.088000e-09 2.086333e-08 3.335600e-08
1.088500e-09 2.075393e-08 3.318147e-08
1.089000e-09 2.064511e-08 3.300785e-08
1.089500e-09 2.053685e-08 3.283513e-08
1.090000e-09 2.042916e-08 3.266331e-08
1.090500e-09 2.032203e-08 3.249238e-08
1.091000e-09 2.021545e-08 3.232234e-08
1.091500e-09 2.010944e-08 3.215318e-08
1.092000e-09 2.000397e-08 3.198490e-08
1.092500e-09 1.989905e-08 3.181750e-08
1.093000e-09 1.979469e-08 3.165096e-08
1.093500e-09 1.969086e-08 3.148530e-08
1.094000e-09 1.958758e-08 3.132049e-08
1.094500e-09 1.948483e-08 3.115654e-08
1.095000e-09 1.938262e-08 3.099344e-08
1.095500e-09 1.928094e-08 3.083119e-08
1.096000e-09 1.917980e-08 3.066979e-08
1.096500e-09 1.907918e-08 3.050922e-08
1.097000e-09 1.897908e-08 3.034949e-08
1.097500e-09 1.887951e-08 3.019059e-08
1.098000e-09 1.878045e-08 3.003251e-08
1.098500e-09 1.868191e-08 2.987526e-08
1.099000e-09 1.858389e-08 2.971883e-08
1.099500e-09 1.848638e-08 2.956320e-08
1.100000e-09 1.838937e-08 2.940839e-08
1.100500e-09 1.829287e-08 2.925439e-08
1.101000e-09 1.819688e-08 2.910118e-08
1.101500e-09 1.810138e-08 2.894877e-08
1.102000e-09 1.800638e-08 2.879716e-08
1.102500e-09 1.791188e-08 2.864633e-08
1.103000e-09 1.781787e-08 2.849629e-08
1.103500e-09 1.772436e-08 2.834703e-08
1.104000e-09 1.763133e-08 2.819854e-08
1.104500e-09 1.753878e-08 2.805083e-08
1.105000e-09 1.744672e-08 2.790388e-08
1.105500e-09 1.735514e-08 2.775771e-08
1.106000e-09 1.726403e-08 2.761229e-08
1.106500e-09 1.717340e-08 2.746763e-08
1.107000e-09 1.708325e-08 2.732372e-08
1.107500e-09 1.699356e-08 2.718056e-08
1.108000e-09 1.690434e-08 2.703814e-08
1.108500e-09 1.681559e-08 2.689647e-08
1.109000e-09 1.672730e-08 2.675553e-08
1.109500e-09 1.663947e-08 2.661533e-08
1.110000e-09 1.655210e-08 2.647586e-08
1.110500e-09 1.646519e-08 2.633711e-08
1.111000e-09 1.637873e-08 2.619909e-08
1.111500e-09 1.629272e-08 2.606178e-08
1.112000e-09 1.620716e-08 2.592519e-08
1.112500e-09 1.612205e-08 2.578931e-08
1.113000e-09 1.603738e-08 2.565414e-08
1.113500e-09 1.595315e-08 2.551967e-08
1.114000e-09 1.586936e-08 2.538591e-08
1.114500e-09 1.578601e-08 2.525284e-08
1.115000e-09 1.570310e-08 2.512046e-08
1.115500e-09 1.562061e-08 2.498877e-08
1.116000e-09 1.553856e-08 2.485777e-08
1.116500e-09 1.545694e-08 2.472745e-08
1.117000e-09 1.537574e-08 2.459781e-08
1.117500e-09 1.529497e-08 2.446884e-08
1.118000e-09 1.521462e-08 2.434055e-08
1.118500e-09 1.513469e-08 2.421292e-08
1.119000e-09 1.505517e-08 2.408596e-08
1.119500e-09 1.497607e-08 2.395966e-08
1.120000e-09 1.489739e-08 2.383402e-08
1.120500e-09 1.481911e-08 2.370903e-08
1.121000e-09 1.474125e-08 2.358470e-08
1.121500e-09 1.466379e-08 2.346101e-08
1.122000e-09 1.458673e-08 2.333797e-08
1.122500e-09 1.451008e-08 2.321556e-08
1.123000e-09 1.443383e-08 2.309380e-08
1.123500e-09 1.435798e-08 2.297267e-08
1.124000e-09 1.428252e-08 2.285217e-08
1.124500e-09 1.420746e-08 2.273230e-08
1.125000e-09 1.413278e-08 2.261306e-08
1.125500e-09 1.405850e-08 2.249443e-08
1.126000e-09 1.398461e-08 2.237643e-08
1.126500e-09 1.391111e-08 2.225904e-08
1.127000e-09 1.383798e-08 2.214226e-08
1.127500e-09 1.376524e-08 2.202609e-08
1.128000e-09 1.369288e-08 2.191053e-08
1.128500e-09 1.362090e-08 2.179557e-08
1.129000e-09 1.354930e-08 2.168120e-08
1.129500e-09 1.347806e-08 2.156744e-08
1.130000e-09 1.340721e-08 2.145427e-08
1.130500e-09 1.333672e-08 2.134168e-08
1.131000e-09 1.326660e-08 2.122969e-08
1.131500e-09 1.319684e-08 2.111828e-08
1.132000e-09 1.312745e-08 2.100745e-08
1.132500e-09 1.305843e-08 2.089720e-08
1.133000e-09 1.298976e-08 2.078752e-08
1.133500e-09 1.292146e-08 2.067842e-08
1.134000e-09 1.285351e-08 2.056988e-08
1.134500e-09 1.278591e-08 2.046191e-08
1.135000e-09 1.271867e-08 2.035450e-08
1.135500e-09 1.265178e-08 2.024766e-08
1.136000e-09 1.258525e-08 2.014137e-08
1.136500e-09 1.251905e-08 2.003564e-08
1.137000e-09 1.245321e-08 1.993045e-08
1.137500e-09 1.238771e-08 1.982582e-08
1.138000e-09 1.232255e-08 1.972173e-08
1.138500e-09 1.225773e-08 1.961819e-08
1.139000e-09 1.219325e-08 1.951519e-08
1.139500e-09 1.212911e-08 1.941272e-08
1.140000e-09 1.206531e-08 1.931079e-08
1.140500e-09 1.200184e-08 1.920939e-08
1.141000e-09 1.193870e-08 1.910852e-08
1.141500e-09 1.187589e-08 1.900817e-08
1.142000e-09 1.181341e-08 1.890835e-08
1.142500e-09 1.175125e-08 1.880905e-08
1.143000e-09 1.168942e-08 1.871027e-08
1.143500e-09 1.162792e-08 1.861201e-08
1.144000e-09 1.156673e-08 1.851425e-08
1.144500e-09 1.150587e-08 1.841701e-08
1.145000e-09 1.144532e-08 1.832028e-08
1.145500e-09 1.138510e-08 1.822405e-08
1.146000e-09 1.132518e-08 1.812832e-08
1.146500e-09 1.126558e-08 1.803309e-08
1.147000e-09 1.120630e-08 1.793837e-08
1.147500e-09 1.114732e-08 1.784413e-08
1.148000e-09 1.108865e-08 1.775039e-08
1.148500e-09 1.103029e-08 1.765713e-08
1.149000e-09 1.097223e-08 1.756437e-08
1.149500e-09 1.091448e-08 1.747208e-08
1.150000e-09 1.085703e-08 1.738028e-08
1.150500e-09 1.079988e-08 1.728896e-08
1.151000e-09 1.074303e-08 1.719812e-08
1.151500e-09 1.068648e-08 1.710775e-08
1.152000e-09 1.063022e-08 1.701785e-08
1.152500e-09 1.057426e-08 1.692843e-08
1.153000e-09 1.051859e-08 1.683947e-08
1.153500e-09 1.046321e-08 1.675097e-08
1.154000e-09 1.040813e-08 1.666294e-08
1.154500e-09 1.035333e-08 1.657536e-08
1.155000e-09 1.029882e-08 1.648825e-08
1.155500e-09 1.024459e-08 1.640159e-08
1.156000e-09 1.019065e-08 1.631538e-08
1.156500e-09 1.013699e-08 1.622962e-08
1.157000e-09 1.008361e-08 1.614431e-08
1.157500e-09 1.003051e-08 1.605945e-08
1.158000e-09 9.977686e-09 1.597503e-08
1.158500e-09 9.925141e-09 1.589105e-08
1.159000e-09 9.872872e-09 1.580751e-08
1.159500e-09 9.820876e-09 1.572441e-08
1.160000e-09 9.769152e-09 1.564174e-08
1.160500e-09 9.717700e-09 1.555950e-08
1.161000e-09 9.666517e-09 1.547770e-08
1.161500e-09 9.615602e-09 1.539632e-08
1.162000e-09 9.564954e-09 1.531536e-08
1.162500e-09 9.514571e-09 1.523483e-08
1.163000e-09 9.464452e-09 1.515472e-08
1.163500e-09 9.414596e-09 1.507503e-08
1.164000e-09 9.365001e-09 1.499576e-08
1.164500e-09 9.315666e-09 1.491690e-08
1.165000e-09 9.266589e-09 1.483845e-08
1.165500e-09 9.217770e-09 1.476041e-08
1.166000e-09 9.169206e-09 1.468279e-08
1.166500e-09 9.120897e-09 1.460556e-08
1.167000e-09 9.072841e-09 1.452874e-08
1.167500e-09 9.025037e-09 1.445233e-08
1.168000e-09 8.977483e-09 1.437631e-08
1.168500e-09 8.930179e-09 1.430069e-08
1.169000e-09 8.883123e-09 1.422546e-08
1.169500e-09 8.836313e-09 1.415063e-08
1.170000e-09 8.789749e-09 1.407619e-08
1.170500e-09 8.743428e-09 1.400214e-08
1.171000e-09 8.697351e-09 1.392848e-08
1.171500e-09 8.651515e-09 1.385520e-08
1.172000e-09 8.605919e-09 1.378231e-08
1.172500e-09 8.560563e-09 1.370979e-08
1.173000e-09 8.515444e-09 1.363766e-08
1.173500e-09 8.470562e-09 1.356590e-08
1.174000e-09 8.425915e-09 1.349452e-08
1.174500e-09 8.381502e-09 1.342351e-08
1.175000e-09 8.337322e-09 1.335288e-08
1.175500e-09 8.293374e-09 1.328261e-08
1.176000e-09 8.249656e-09 1.321271e-08
1.176500e-09 8.206167e-09 1.314318e-08
1.177000e-09 8.162907e-09 1.307401e-08
1.177500e-09 8.119873e-09 1.300521e-08
1.178000e-09 8.077065e-09 1.293676e-08
1.178500e-09 8.034482e-09 1.286867e-08
1.179000e-09 7.992122e-09 1.280094e-08
1.179500e-09 7.949984e-09 1.273356e-08
1.180000e-09 7.908067e-09 1.266654e-08
1.180500e-09 7.866370e-09 1.259986e-08
1.181000e-09 7.824892e-09 1.253354e-08
1.181500e-09 7.783631e-09 1.246756e-08
1.182000e-09 7.742587e-09 1.240193e-08
1.182500e-09 7.701758e-09 1.233664e-08
1.183000e-09 7.661143e-09 1.227169e-08
1.183500e-09 7.620742e-09 1.220708e-08
1.184000e-09 7.580552e-09 1.214281e-08
1.184500e-09 7.540573e-09 1.207888e-08
1.185000e-09 7.500804e-09 1.201529e-08
1.185500e-09 7.461244e-09 1.195202e-08
1.186000e-09 7.421891e-09 1.188909e-08
1.186500e-09 7.382745e-09 1.182648e-08
1.187000e-09 7.343804e-09 1.176421e-08
1.187500e-09 7.305068e-09 1.170226e-08
1.188000e-09 7.266534e-09 1.164063e-08
1.188500e-09 7.228203e-09 1.157933e-08
1.189000e-09 7.190074e-09 1.151835e-08
1.189500e-09 7.152144e-09 1.145769e-08
1.190000e-09 7.114413e-09 1.139734e-08
1.190500e-09 7.076881e-09 1.133732e-08
1.191000e-09 7.039545e-09 1.127760e-08
1.191500e-09 7.002406e-09 1.121820e-08
1.192000e-09 6.965461e-09 1.115911e-08
1.192500e-09 6.928711e-09 1.110033e-08
1.193000e-09 6.892153e-09 1.104186e-08
1.193500e-09 6.855787e-09 1.098370e-08
1.194000e-09 6.819612e-09 1.092583e-08
1.194500e-09 6.783627e-09 1.086828e-08
1.195000e-09 6.747831e-09 1.081102e-08
1.195500e-09 6.712223e-09 1.075406e-08
1.196000e-09 6.676802e-09 1.069741e-08
1.196500e-09 6.641567e-09 1.064105e-08
1.197000e-09 6.606517e-09 1.058498e-08
1.197500e-09 6.571651e-09 1.052921e-08
1.198000e-09 6.536968e-09 1.047373e-08
1.198500e-09 6.502467e-09 1.041854e-08
1.199000e-09 6.468148e-09 1.036364e-08
1.199500e-09 6.434008e-09 1.030903e-08
1.200000e-09 6.400048e-09 1.025471e-08
