0.000000e+00 0 0
5.000000e-13 0 0
1.000000e-12 0 0
1.500000e-12 0 0
2.000000e-12 0 0
2.500000e-12 0 0
3.000000e-12 0 0
3.500000e-12 0 0
4.000000e-12 0 0
4.500000e-12 0 0
5.000000e-12 0 0
5.500000e-12 0 0
6.000000e-12 0 0
6.500000e-12 0 0
7.000000e-12 0 0
7.500000e-12 0 0
8.000000e-12 0 0
8.500000e-12 0 0
9.000000e-12 0 0
9.500000e-12 0 0
1.000000e-11 0 0
1.050000e-11 0 0
1.100000e-11 0 0
1.150000e-11 0 0
1.200000e-11 0 0
1.250000e-11 0 0
1.300000e-11 0 0
1.350000e-11 0 0
1.400000e-11 0 0
1.450000e-11 0 0
1.500000e-11 0 0
1.550000e-11 0 0
1.600000e-11 0 0
1.650000e-11 0 0
1.700000e-11 0 0
1.750000e-11 0 0
1.800000e-11 0 0
1.850000e-11 0 0
1.900000e-11 0 0
1.950000e-11 0 0
2.000000e-11 0 0
2.050000e-11 0 0
2.100000e-11 0 0
2.150000e-11 0 0
2.200000e-11 0 0
2.250000e-11 0 0
2.300000e-11 0 0
2.350000e-11 0 0
2.400000e-11 0 0
2.450000e-11 0 0
2.500000e-11 0 0
2.550000e-11 0 0
2.600000e-11 0 0
2.650000e-11 0 0
2.700000e-11 0 0
2.750000e-11 0 0
2.800000e-11 0 0
2.850000e-11 0 0
2.900000e-11 0 0
2.950000e-11 0 0
3.000000e-11 0 0
3.050000e-11 0 0
3.100000e-11 0 0
3.150000e-11 0 0
3.200000e-11 0 0
3.250000e-11 0 0
3.300000e-11 0 0
3.350000e-11 0 0
3.400000e-11 0 0
3.450000e-11 0 0
3.500000e-11 0 0
3.550000e-11 0 0
3.600000e-11 0 0
3.650000e-11 0 0
3.700000e-11 0 0
3.750000e-11 0 0
3.800000e-11 0 0
3.850000e-11 0 0
3.900000e-11 0 0
3.950000e-11 0 0
4.000000e-11 0 0
4.050000e-11 0 0
4.100000e-11 0 0
4.150000e-11 0 0
4.200000e-11 0 0
4.250000e-11 0 0
4.300000e-11 0 0
4.350000e-11 0 0
4.400000e-11 0 0
4.450000e-11 0 0
4.500000e-11 0 0
4.550000e-11 0 0
4.600000e-11 0 0
4.650000e-11 0 0
4.700000e-11 0 0
4.750000e-11 0 0
4.800000e-11 0 0
4.850000e-11 0 0
4.900000e-11 0 0
4.950000e-11 0 0
5.000000e-11 0 0
5.050000e-11 0 0
5.100000e-11 0 0
5.150000e-11 0 0
5.200000e-11 0 0
5.250000e-11 0 0
5.300000e-11 0 0
5.350000e-11 0 0
5.400000e-11 0 0
5.450000e-11 0 0
5.500000e-11 0 0
5.550000e-11 0 0
5.600000e-11 0 0
5.650000e-11 0 0
5.700000e-11 0 0
5.750000e-11 0 0
5.800000e-11 0 0
5.850000e-11 0 0
5.900000e-11 0 0
5.950000e-11 0 0
6.000000e-11 0 0
6.050000e-11 0 0
6.100000e-11 0 0
6.150000e-11 0 0
6.200000e-11 0 0
6.250000e-11 0 0
6.300000e-11 0 0
6.350000e-11 0 0
6.400000e-11 0 0
6.450000e-11 0 0
6.500000e-11 0 0
6.550000e-11 0 0
6.600000e-11 0 0
6.650000e-11 0 0
6.700000e-11 0 0
6.750000e-11 0 0
6.800000e-11 0 0
6.850000e-11 0 0
6.900000e-11 0 0
6.950000e-11 0 0
7.000000e-11 0 0
7.050000e-11 0 0
7.100000e-11 0 0
7.150000e-11 0 0
7.200000e-11 0 0
7.250000e-11 0 0
7.300000e-11 0 0
7.350000e-11 0 0
7.400000e-11 0 0
7.450000e-11 0 0
7.500000e-11 0 0
7.550000e-11 0 0
7.600000e-11 0 0
7.650000e-11 0 0
7.700000e-11 0 0
7.750000e-11 0 0
7.800000e-11 0 0
7.850000e-11 0 0
7.900000e-11 0 0
7.950000e-11 0 0
8.000000e-11 0 0
8.050000e-11 0 0
8.100000e-11 0 0
8.150000e-11 0 0
8.200000e-11 0 0
8.250000e-11 0 0
8.300000e-11 0 0
8.350000e-11 0 0
8.400000e-11 0 0
8.450000e-11 0 0
8.500000e-11 0 0
8.550000e-11 0 0
8.600000e-11 0 0
8.650000e-11 0 0
8.700000e-11 0 0
8.750000e-11 0 0
8.800000e-11 0 0
8.850000e-11 0 0
8.900000e-11 0 0
8.950000e-11 0 0
9.000000e-11 0 0
9.050000e-11 0 0
9.100000e-11 0 0
9.150000e-11 0 0
9.200000e-11 0 0
9.250000e-11 0 0
9.300000e-11 0 0
9.350000e-11 0 0
9.400000e-11 0 0
9.450000e-11 0 0
9.500000e-11 0 0
9.550000e-11 0 0
9.600000e-11 0 0
9.650000e-11 0 0
9.700000e-11 0 0
9.750000e-11 0 0
9.800000e-11 0 0
9.850000e-11 0 0
9.900000e-11 0 0
9.950000e-11 0 0
1.000000e-10 0 0
1.005000e-10 0 0
1.010000e-10 0 0
1.015000e-10 0 0
1.020000e-10 0 0
1.025000e-10 0 0
1.030000e-10 0 0
1.035000e-10 0 0
1.040000e-10 0 0
1.045000e-10 0 0
1.050000e-10 0 0
1.055000e-10 0 0
1.060000e-10 0 0
1.065000e-10 0 0
1.070000e-10 0 0
1.075000e-10 0 0
1.080000e-10 0 0
1.085000e-10 0 0
1.090000e-10 0 0
1.095000e-10 0 0
1.100000e-10 0 0
1.105000e-10 0 0
1.110000e-10 0 0
1.115000e-10 0 0
1.120000e-10 0 0
1.125000e-10 0 0
1.130000e-10 0 0
1.135000e-10 0 0
1.140000e-10 0 0
1.145000e-10 0 0
1.150000e-10 0 0
1.155000e-10 0 0
1.160000e-10 0 0
1.165000e-10 0 0
1.170000e-10 0 0
1.175000e-10 0 0
1.180000e-10 0 0
1.185000e-10 0 0
1.190000e-10 0 0
1.195000e-10 0 0
1.200000e-10 0 0
1.205000e-10 0 0
1.210000e-10 0 0
1.215000e-10 0 0
1.220000e-10 0 0
1.225000e-10 0 0
1.230000e-10 0 0
1.235000e-10 0 0
1.240000e-10 0 0
1.245000e-10 0 0
1.250000e-10 0 0
1.255000e-10 0 0
1.260000e-10 0 0
1.265000e-10 0 0
1.270000e-10 0 0
1.275000e-10 0 0
1.280000e-10 0 0
1.285000e-10 0 0
1.290000e-10 0 0
1.295000e-10 0 0
1.300000e-10 0 0
1.305000e-10 0 0
1.310000e-10 0 0
1.315000e-10 0 0
1.320000e-10 0 0
1.325000e-10 0 0
1.330000e-10 0 0
1.335000e-10 0 0
1.340000e-10 0 0
1.345000e-10 0 0
1.350000e-10 0 0
1.355000e-10 0 0
1.360000e-10 0 0
1.365000e-10 0 0
1.370000e-10 0 0
1.375000e-10 0 0
1.380000e-10 0 0
1.385000e-10 0 0
1.390000e-10 0 0
1.395000e-10 0 0
1.400000e-10 0 0
1.405000e-10 0 0
1.410000e-10 0 0
1.415000e-10 0 0
1.420000e-10 0 0
1.425000e-10 0 0
1.430000e-10 0 0
1.435000e-10 0 0
1.440000e-10 0 0
1.445000e-10 0 0
1.450000e-10 0 0
1.455000e-10 0 0
1.460000e-10 0 0
1.465000e-10 0 0
1.470000e-10 0 0
1.475000e-10 0 0
1.480000e-10 0 0
1.485000e-10 0 0
1.490000e-10 0 0
1.495000e-10 0 0
1.500000e-10 0 0
1.505000e-10 0 0
1.510000e-10 0 0
1.515000e-10 0 0
1.520000e-10 0 0
1.525000e-10 0 0
1.530000e-10 0 0
1.535000e-10 0 0
1.540000e-10 0 0
1.545000e-10 0 0
1.550000e-10 0 0
1.555000e-10 0 0
1.560000e-10 0 0
1.565000e-10 0 0
1.570000e-10 0 0
1.575000e-10 0 0
1.580000e-10 0 0
1.585000e-10 0 0
1.590000e-10 0 0
1.595000e-10 0 0
1.600000e-10 0 0
1.605000e-10 0 0
1.610000e-10 0 0
1.615000e-10 0 0
1.620000e-10 0 0
1.625000e-10 0 0
1.630000e-10 0 0
1.635000e-10 0 0
1.640000e-10 0 0
1.645000e-10 0 0
1.650000e-10 0 0
1.655000e-10 0 0
1.660000e-10 0 0
1.665000e-10 0 0
1.670000e-10 0 0
1.675000e-10 0 0
1.680000e-10 0 0
1.685000e-10 0 0
1.690000e-10 0 0
1.695000e-10 0 0
1.700000e-10 0 0
1.705000e-10 0 0
1.710000e-10 0 0
1.715000e-10 0 0
1.720000e-10 0 0
1.725000e-10 0 0
1.730000e-10 0 0
1.735000e-10 0 0
1.740000e-10 0 0
1.745000e-10 0 0
1.750000e-10 0 0
1.755000e-10 0 0
1.760000e-10 0 0
1.765000e-10 0 0
1.770000e-10 0 0
1.775000e-10 0 0
1.780000e-10 0 0
1.785000e-10 0 0
1.790000e-10 0 0
1.795000e-10 0 0
1.800000e-10 0 0
1.805000e-10 0 0
1.810000e-10 0 0
1.815000e-10 0 0
1.820000e-10 0 0
1.825000e-10 0 0
1.830000e-10 0 0
1.835000e-10 0 0
1.840000e-10 0 0
1.845000e-10 0 0
1.850000e-10 0 0
1.855000e-10 0 0
1.860000e-10 0 0
1.865000e-10 0 0
1.870000e-10 0 0
1.875000e-10 0 0
1.880000e-10 0 0
1.885000e-10 0 0
1.890000e-10 0 0
1.895000e-10 0 0
1.900000e-10 0 0
1.905000e-10 0 0
1.910000e-10 0 0
1.915000e-10 0 0
1.920000e-10 0 0
1.925000e-10 0 0
1.930000e-10 0 0
1.935000e-10 0 0
1.940000e-10 0 0
1.945000e-10 0 0
1.950000e-10 0 0
1.955000e-10 0 0
1.960000e-10 0 0
1.965000e-10 0 0
1.970000e-10 0 0
1.975000e-10 0 0
1.980000e-10 0 0
1.985000e-10 0 0
1.990000e-10 0 0
1.995000e-10 0 0
2.000000e-10 0 0
2.005000e-10 0 0
2.010000e-10 0 0
2.015000e-10 0 0
2.020000e-10 0 0
2.025000e-10 0 0
2.030000e-10 0 0
2.035000e-10 0 0
2.040000e-10 0 0
2.045000e-10 0 0
2.050000e-10 0 0
2.055000e-10 0 0
2.060000e-10 0 0
2.065000e-10 0 0
2.070000e-10 0 0
2.075000e-10 0 0
2.080000e-10 0 0
2.085000e-10 0 0
2.090000e-10 0 0
2.095000e-10 0 0
2.100000e-10 0 0
2.105000e-10 0 0
2.110000e-10 0 0
2.115000e-10 0 0
2.120000e-10 0 0
2.125000e-10 0 0
2.130000e-10 0 0
2.135000e-10 0 0
2.140000e-10 0 0
2.145000e-10 0 0
2.150000e-10 0 0
2.155000e-10 0 0
2.160000e-10 0 0
2.165000e-10 0 0
2.170000e-10 0 0
2.175000e-10 0 0
2.180000e-10 0 0
2.185000e-10 0 0
2.190000e-10 0 0
2.195000e-10 0 0
2.200000e-10 0 0
2.205000e-10 0 0
2.210000e-10 0 0
2.215000e-10 0 0
2.220000e-10 0 0
2.225000e-10 0 0
2.230000e-10 0 0
2.235000e-10 0 0
2.240000e-10 0 0
2.245000e-10 0 0
2.250000e-10 0 0
2.255000e-10 0 0
2.260000e-10 0 0
2.265000e-10 0 0
2.270000e-10 0 0
2.275000e-10 0 0
2.280000e-10 0 0
2.285000e-10 0 0
2.290000e-10 0 0
2.295000e-10 0 0
2.300000e-10 0 0
2.305000e-10 0 0
2.310000e-10 0 0
2.315000e-10 0 0
2.320000e-10 0 0
2.325000e-10 0 0
2.330000e-10 0 0
2.335000e-10 0 0
2.340000e-10 0 0
2.345000e-10 0 0
2.350000e-10 0 0
2.355000e-10 0 0
2.360000e-10 0 0
2.365000e-10 0 0
2.370000e-10 0 0
2.375000e-10 0 0
2.380000e-10 0 0
2.385000e-10 0 0
2.390000e-10 0 0
2.395000e-10 0 0
2.400000e-10 0 0
2.405000e-10 0 0
2.410000e-10 0 0
2.415000e-10 0 0
2.420000e-10 0 0
2.425000e-10 0 0
2.430000e-10 0 0
2.435000e-10 0 0
2.440000e-10 0 0
2.445000e-10 0 0
2.450000e-10 0 0
2.455000e-10 0 0
2.460000e-10 0 0
2.465000e-10 0 0
2.470000e-10 0 0
2.475000e-10 0 0
2.480000e-10 0 0
2.485000e-10 0 0
2.490000e-10 0 0
2.495000e-10 0 0
2.505000e-10 0.000000e+00 0
2.510000e-10 6.040556e-06 0
2.515000e-10 8.495309e-06 0
2.520000e-10 1.034694e-05 0
2.525000e-10 1.188143e-05 0
2.530000e-10 1.321025e-05 0
2.535000e-10 1.439093e-05 0
2.540000e-10 1.545786e-05 0
2.545000e-10 1.643360e-05 0
2.550000e-10 1.733390e-05 0
2.555000e-10 1.817030e-05 0
2.560000e-10 1.895160e-05 0
2.565000e-10 1.968463e-05 0
2.570000e-10 2.037491e-05 0
2.575000e-10 2.102690e-05 0
2.580000e-10 2.164433e-05 0
2.585000e-10 2.223032e-05 0
2.590000e-10 2.278754e-05 0
2.595000e-10 2.331828e-05 0
2.600000e-10 2.382453e-05 0
2.605000e-10 2.430803e-05 0
2.610000e-10 2.477032e-05 0
2.615000e-10 2.521277e-05 0
2.620000e-10 2.563660e-05 0
2.625000e-10 2.604290e-05 0
2.630000e-10 2.643267e-05 0
2.635000e-10 2.680680e-05 0
2.640000e-10 2.716610e-05 0
2.645000e-10 2.751134e-05 0
2.650000e-10 2.784319e-05 0
2.655000e-10 2.816228e-05 0
2.660000e-10 2.846921e-05 0
2.665000e-10 2.876449e-05 0
2.670000e-10 2.904865e-05 0
2.675000e-10 2.932214e-05 0
2.680000e-10 2.958541e-05 0
2.685000e-10 2.983884e-05 0
2.690000e-10 3.008284e-05 0
2.695000e-10 3.031776e-05 0
2.700000e-10 3.054392e-05 0
2.705000e-10 3.076166e-05 0
2.710000e-10 3.097127e-05 0
2.715000e-10 3.117302e-05 0
2.720000e-10 3.136720e-05 0
2.725000e-10 3.155405e-05 0
2.730000e-10 3.173382e-05 0
2.735000e-10 3.190672e-05 0
2.740000e-10 3.207299e-05 0
2.745000e-10 3.223283e-05 0
2.750000e-10 3.238643e-05 0
2.755000e-10 3.253399e-05 0
2.760000e-10 3.267568e-05 0
2.765000e-10 3.281168e-05 0
2.770000e-10 3.294215e-05 0
2.775000e-10 3.306726e-05 0
2.780000e-10 3.318715e-05 0
2.785000e-10 3.330196e-05 0
2.790000e-10 3.341185e-05 0
2.795000e-10 3.351694e-05 0
2.800000e-10 3.361736e-05 0
2.805000e-10 3.371324e-05 0.000000e+00
2.810000e-10 3.380469e-05 4.646581e-06
2.815000e-10 3.389184e-05 6.534853e-06
2.820000e-10 3.397480e-05 7.959187e-06
2.825000e-10 3.405366e-05 9.139560e-06
2.830000e-10 3.412854e-05 1.016173e-05
2.835000e-10 3.419954e-05 1.106994e-05
2.840000e-10 3.426676e-05 1.189066e-05
2.845000e-10 3.433028e-05 1.264123e-05
2.850000e-10 3.439020e-05 1.333377e-05
2.855000e-10 3.444660e-05 1.397716e-05
2.860000e-10 3.449958e-05 1.457815e-05
2.865000e-10 3.454921e-05 1.514203e-05
2.870000e-10 3.459557e-05 1.567300e-05
2.875000e-10 3.463875e-05 1.617454e-05
2.880000e-10 3.467882e-05 1.664948e-05
2.885000e-10 3.471584e-05 1.710025e-05
2.890000e-10 3.474989e-05 1.752888e-05
2.895000e-10 3.478105e-05 1.793714e-05
2.900000e-10 3.480937e-05 1.832656e-05
2.905000e-10 3.483492e-05 1.869848e-05
2.910000e-10 3.485777e-05 1.905409e-05
2.915000e-10 3.487798e-05 1.939444e-05
2.920000e-10 3.489560e-05 1.972046e-05
2.925000e-10 3.491070e-05 2.003300e-05
2.930000e-10 3.492333e-05 2.033282e-05
2.935000e-10 3.493354e-05 2.062061e-05
2.940000e-10 3.494140e-05 2.089700e-05
2.945000e-10 3.494695e-05 2.116257e-05
2.950000e-10 3.495024e-05 2.141784e-05
2.955000e-10 3.495133e-05 2.166330e-05
2.960000e-10 3.495026e-05 2.189939e-05
2.965000e-10 3.494708e-05 2.212653e-05
2.970000e-10 3.494183e-05 2.234512e-05
2.975000e-10 3.493457e-05 2.255549e-05
2.980000e-10 3.492533e-05 2.275800e-05
2.985000e-10 3.491416e-05 2.295296e-05
2.990000e-10 3.490109e-05 2.314065e-05
2.995000e-10 3.488618e-05 2.332135e-05
3.000000e-10 3.486947e-05 2.349533e-05
3.005000e-10 3.485098e-05 2.366282e-05
3.010000e-10 3.483075e-05 2.382405e-05
3.015000e-10 3.480884e-05 2.397925e-05
3.020000e-10 3.478526e-05 2.412862e-05
3.025000e-10 3.476007e-05 2.427235e-05
3.030000e-10 3.473328e-05 2.441063e-05
3.035000e-10 3.470495e-05 2.454363e-05
3.040000e-10 3.467509e-05 2.467153e-05
3.045000e-10 3.464375e-05 2.479448e-05
3.050000e-10 3.461095e-05 2.491264e-05
3.055000e-10 3.457672e-05 2.502614e-05
3.060000e-10 3.454110e-05 2.513514e-05
3.065000e-10 3.450412e-05 2.523975e-05
3.070000e-10 3.446581e-05 2.534012e-05
3.075000e-10 3.442619e-05 2.543635e-05
3.080000e-10 3.438529e-05 2.552857e-05
3.085000e-10 3.434314e-05 2.561689e-05
3.090000e-10 3.429977e-05 2.570142e-05
3.095000e-10 3.425520e-05 2.578226e-05
3.100000e-10 3.420946e-05 2.585951e-05
3.105000e-10 3.416258e-05 2.593326e-05
3.110000e-10 3.411457e-05 2.600361e-05
3.115000e-10 3.406547e-05 2.607065e-05
3.120000e-10 3.401530e-05 2.613446e-05
3.125000e-10 3.396408e-05 2.619512e-05
3.130000e-10 3.391183e-05 2.625273e-05
3.135000e-10 3.385858e-05 2.630734e-05
3.140000e-10 3.380435e-05 2.635904e-05
3.145000e-10 3.374916e-05 2.640791e-05
3.150000e-10 3.369303e-05 2.645400e-05
3.155000e-10 3.363599e-05 2.649739e-05
3.160000e-10 3.357805e-05 2.653814e-05
3.165000e-10 3.351923e-05 2.657631e-05
3.170000e-10 3.345955e-05 2.661198e-05
3.175000e-10 3.339904e-05 2.664519e-05
3.180000e-10 3.333770e-05 2.667601e-05
3.185000e-10 3.327557e-05 2.670449e-05
3.190000e-10 3.321265e-05 2.673069e-05
3.195000e-10 3.314897e-05 2.675465e-05
3.200000e-10 3.308455e-05 2.677644e-05
3.205000e-10 3.301939e-05 2.679610e-05
3.210000e-10 3.295352e-05 2.681367e-05
3.215000e-10 3.288696e-05 2.682921e-05
3.220000e-10 3.281972e-05 2.684277e-05
3.225000e-10 3.275181e-05 2.685438e-05
3.230000e-10 3.268326e-05 2.686410e-05
3.235000e-10 3.261407e-05 2.687196e-05
3.240000e-10 3.254427e-05 2.687800e-05
3.245000e-10 3.247386e-05 2.688227e-05
3.250000e-10 3.240287e-05 2.688480e-05
3.255000e-10 3.233130e-05 2.688564e-05
3.260000e-10 3.225918e-05 2.688481e-05
3.265000e-10 3.218651e-05 2.688237e-05
3.270000e-10 3.211331e-05 2.687833e-05
3.275000e-10 3.203959e-05 2.687274e-05
3.280000e-10 3.196537e-05 2.686564e-05
3.285000e-10 3.189065e-05 2.685704e-05
3.290000e-10 3.181546e-05 2.684700e-05
3.295000e-10 3.173980e-05 2.683553e-05
3.300000e-10 3.166368e-05 2.682267e-05
3.305000e-10 3.158713e-05 2.680844e-05
3.310000e-10 3.151014e-05 2.679289e-05
3.315000e-10 3.143273e-05 2.677603e-05
3.320000e-10 3.135492e-05 2.675790e-05
3.325000e-10 3.127671e-05 2.673851e-05
3.330000e-10 3.119811e-05 2.671791e-05
3.335000e-10 3.111915e-05 2.669611e-05
3.340000e-10 3.103981e-05 2.667315e-05
3.345000e-10 3.096013e-05 2.664904e-05
3.350000e-10 3.088010e-05 2.662380e-05
3.355000e-10 3.079974e-05 2.659748e-05
3.360000e-10 3.071906e-05 2.657008e-05
3.365000e-10 3.063807e-05 2.654163e-05
3.370000e-10 3.055677e-05 2.651216e-05
3.375000e-10 3.047518e-05 2.648168e-05
3.380000e-10 3.039331e-05 2.645022e-05
3.385000e-10 3.031116e-05 2.641780e-05
3.390000e-10 3.022874e-05 2.638444e-05
3.395000e-10 3.014607e-05 2.635015e-05
3.400000e-10 3.006315e-05 2.631497e-05
3.405000e-10 2.997999e-05 2.627891e-05
3.410000e-10 2.989659e-05 2.624198e-05
3.415000e-10 2.981298e-05 2.620421e-05
3.420000e-10 2.972915e-05 2.616562e-05
3.425000e-10 2.964511e-05 2.612622e-05
3.430000e-10 2.956088e-05 2.608603e-05
3.435000e-10 2.947645e-05 2.604506e-05
3.440000e-10 2.939184e-05 2.600335e-05
3.445000e-10 2.930705e-05 2.596089e-05
3.450000e-10 2.922210e-05 2.591772e-05
3.455000e-10 2.913698e-05 2.587384e-05
3.460000e-10 2.905171e-05 2.582927e-05
3.465000e-10 2.896629e-05 2.578402e-05
3.470000e-10 2.888073e-05 2.573812e-05
3.475000e-10 2.879503e-05 2.569157e-05
3.480000e-10 2.870921e-05 2.564439e-05
3.485000e-10 2.862327e-05 2.559659e-05
3.490000e-10 2.853721e-05 2.554820e-05
3.495000e-10 2.845105e-05 2.549921e-05
3.500000e-10 2.836479e-05 2.544965e-05
3.505000e-10 2.827843e-05 2.539953e-05
3.510000e-10 2.819198e-05 2.534886e-05
3.515000e-10 2.810544e-05 2.529766e-05
3.520000e-10 2.801883e-05 2.524594e-05
3.525000e-10 2.793215e-05 2.519370e-05
3.530000e-10 2.784540e-05 2.514097e-05
3.535000e-10 2.775859e-05 2.508775e-05
3.540000e-10 2.767172e-05 2.503405e-05
3.545000e-10 2.758481e-05 2.497989e-05
3.550000e-10 2.749784e-05 2.492528e-05
3.555000e-10 2.741084e-05 2.487023e-05
3.560000e-10 2.732381e-05 2.481475e-05
3.565000e-10 2.723674e-05 2.475885e-05
3.570000e-10 2.714966e-05 2.470255e-05
3.575000e-10 2.706255e-05 2.464584e-05
3.580000e-10 2.697542e-05 2.458874e-05
3.585000e-10 2.688829e-05 2.453127e-05
3.590000e-10 2.680115e-05 2.447343e-05
3.595000e-10 2.671401e-05 2.441523e-05
3.600000e-10 2.662687e-05 2.435668e-05
3.605000e-10 2.653974e-05 2.429779e-05
3.610000e-10 2.645262e-05 2.423857e-05
3.615000e-10 2.636552e-05 2.417902e-05
3.620000e-10 2.627843e-05 2.411917e-05
3.625000e-10 2.619138e-05 2.405901e-05
3.630000e-10 2.610435e-05 2.399855e-05
3.635000e-10 2.601735e-05 2.393780e-05
3.640000e-10 2.593039e-05 2.387678e-05
3.645000e-10 2.584346e-05 2.381548e-05
3.650000e-10 2.575659e-05 2.375393e-05
3.655000e-10 2.566976e-05 2.369211e-05
3.660000e-10 2.558298e-05 2.363005e-05
3.665000e-10 2.549625e-05 2.356774e-05
3.670000e-10 2.540958e-05 2.350521e-05
3.675000e-10 2.532298e-05 2.344245e-05
3.680000e-10 2.523644e-05 2.337947e-05
3.685000e-10 2.514996e-05 2.331627e-05
3.690000e-10 2.506356e-05 2.325288e-05
3.695000e-10 2.497723e-05 2.318928e-05
3.700000e-10 2.489098e-05 2.312550e-05
3.705000e-10 2.480481e-05 2.306153e-05
3.710000e-10 2.471873e-05 2.299738e-05
3.715000e-10 2.463273e-05 2.293306e-05
3.720000e-10 2.454682e-05 2.286858e-05
3.725000e-10 2.446100e-05 2.280393e-05
3.730000e-10 2.437528e-05 2.273914e-05
3.735000e-10 2.428966e-05 2.267419e-05
3.740000e-10 2.420414e-05 2.260911e-05
3.745000e-10 2.411872e-05 2.254389e-05
3.750000e-10 2.403340e-05 2.247853e-05
3.755000e-10 2.394820e-05 2.241306e-05
3.760000e-10 2.386311e-05 2.234747e-05
3.765000e-10 2.377813e-05 2.228176e-05
3.770000e-10 2.369326e-05 2.221594e-05
3.775000e-10 2.360852e-05 2.215003e-05
3.780000e-10 2.352389e-05 2.208401e-05
3.785000e-10 2.343939e-05 2.201790e-05
3.790000e-10 2.335502e-05 2.195170e-05
3.795000e-10 2.327077e-05 2.188542e-05
3.800000e-10 2.318665e-05 2.181907e-05
3.805000e-10 2.310266e-05 2.175264e-05
3.810000e-10 2.301881e-05 2.168614e-05
3.815000e-10 2.293510e-05 2.161957e-05
3.820000e-10 2.285152e-05 2.155295e-05
3.825000e-10 2.276808e-05 2.148627e-05
3.830000e-10 2.268478e-05 2.141954e-05
3.835000e-10 2.260163e-05 2.135276e-05
3.840000e-10 2.251862e-05 2.128594e-05
3.845000e-10 2.243576e-05 2.121908e-05
3.850000e-10 2.235305e-05 2.115219e-05
3.855000e-10 2.227049e-05 2.108526e-05
3.860000e-10 2.218809e-05 2.101831e-05
3.865000e-10 2.210583e-05 2.095134e-05
3.870000e-10 2.202374e-05 2.088435e-05
3.875000e-10 2.194180e-05 2.081734e-05
3.880000e-10 2.186002e-05 2.075032e-05
3.885000e-10 2.177840e-05 2.068330e-05
3.890000e-10 2.169694e-05 2.061627e-05
3.895000e-10 2.161565e-05 2.054924e-05
3.900000e-10 2.153453e-05 2.048221e-05
3.905000e-10 2.145357e-05 2.041518e-05
3.910000e-10 2.137277e-05 2.034817e-05
3.915000e-10 2.129215e-05 2.028117e-05
3.920000e-10 2.121170e-05 2.021418e-05
3.925000e-10 2.113142e-05 2.014721e-05
3.930000e-10 2.105131e-05 2.008027e-05
3.935000e-10 2.097138e-05 2.001334e-05
3.940000e-10 2.089162e-05 1.994645e-05
3.945000e-10 2.081204e-05 1.987959e-05
3.950000e-10 2.073264e-05 1.981276e-05
3.955000e-10 2.065342e-05 1.974597e-05
3.960000e-10 2.057438e-05 1.967921e-05
3.965000e-10 2.049552e-05 1.961250e-05
3.970000e-10 2.041684e-05 1.954583e-05
3.975000e-10 2.033835e-05 1.947921e-05
3.980000e-10 2.026004e-05 1.941264e-05
3.985000e-10 2.018191e-05 1.934612e-05
3.990000e-10 2.010398e-05 1.927966e-05
3.995000e-10 2.002623e-05 1.921326e-05
4.000000e-10 1.994867e-05 1.914691e-05
4.005000e-10 1.987129e-05 1.908063e-05
4.010000e-10 1.979411e-05 1.901441e-05
4.015000e-10 1.971712e-05 1.894825e-05
4.020000e-10 1.964032e-05 1.888217e-05
4.025000e-10 1.956371e-05 1.881616e-05
4.030000e-10 1.948730e-05 1.875022e-05
4.035000e-10 1.941108e-05 1.868435e-05
4.040000e-10 1.933506e-05 1.861857e-05
4.045000e-10 1.925923e-05 1.855286e-05
4.050000e-10 1.918360e-05 1.848723e-05
4.055000e-10 1.910816e-05 1.842169e-05
4.060000e-10 1.903292e-05 1.835624e-05
4.065000e-10 1.895788e-05 1.829087e-05
4.070000e-10 1.888304e-05 1.822559e-05
4.075000e-10 1.880840e-05 1.816040e-05
4.080000e-10 1.873396e-05 1.809530e-05
4.085000e-10 1.865972e-05 1.803030e-05
4.090000e-10 1.858568e-05 1.796540e-05
4.095000e-10 1.851184e-05 1.790059e-05
4.100000e-10 1.843821e-05 1.783589e-05
4.105000e-10 1.836477e-05 1.777128e-05
4.110000e-10 1.829154e-05 1.770678e-05
4.115000e-10 1.821852e-05 1.764238e-05
4.120000e-10 1.814569e-05 1.757809e-05
4.125000e-10 1.807308e-05 1.751391e-05
4.130000e-10 1.800066e-05 1.744983e-05
4.135000e-10 1.792846e-05 1.738587e-05
4.140000e-10 1.785645e-05 1.732202e-05
4.145000e-10 1.778466e-05 1.725828e-05
4.150000e-10 1.771307e-05 1.719465e-05
4.155000e-10 1.764169e-05 1.713115e-05
4.160000e-10 1.757051e-05 1.706776e-05
4.165000e-10 1.749954e-05 1.700449e-05
4.170000e-10 1.742878e-05 1.694134e-05
4.175000e-10 1.735823e-05 1.687831e-05
4.180000e-10 1.728788e-05 1.681540e-05
4.185000e-10 1.721774e-05 1.675262e-05
4.190000e-10 1.714782e-05 1.668996e-05
4.195000e-10 1.707810e-05 1.662743e-05
4.200000e-10 1.700859e-05 1.656502e-05
4.205000e-10 1.693929e-05 1.650274e-05
4.210000e-10 1.687019e-05 1.644059e-05
4.215000e-10 1.680131e-05 1.637858e-05
4.220000e-10 1.673264e-05 1.631669e-05
4.225000e-10 1.666418e-05 1.625494e-05
4.230000e-10 1.659592e-05 1.619332e-05
4.235000e-10 1.652788e-05 1.613183e-05
4.240000e-10 1.646005e-05 1.607048e-05
4.245000e-10 1.639243e-05 1.600926e-05
4.250000e-10 1.632502e-05 1.594819e-05
4.255000e-10 1.625782e-05 1.588725e-05
4.260000e-10 1.619082e-05 1.582645e-05
4.265000e-10 1.612404e-05 1.576578e-05
4.270000e-10 1.605748e-05 1.570526e-05
4.275000e-10 1.599112e-05 1.564488e-05
4.280000e-10 1.592497e-05 1.558464e-05
4.285000e-10 1.585903e-05 1.552455e-05
4.290000e-10 1.579331e-05 1.546460e-05
4.295000e-10 1.572779e-05 1.540479e-05
4.300000e-10 1.566248e-05 1.534513e-05
4.305000e-10 1.559739e-05 1.528561e-05
4.310000e-10 1.553251e-05 1.522624e-05
4.315000e-10 1.546783e-05 1.516702e-05
4.320000e-10 1.540337e-05 1.510794e-05
4.325000e-10 1.533912e-05 1.504901e-05
4.330000e-10 1.527508e-05 1.499023e-05
4.335000e-10 1.521124e-05 1.493160e-05
4.340000e-10 1.514762e-05 1.487312e-05
4.345000e-10 1.508421e-05 1.481479e-05
4.350000e-10 1.502101e-05 1.475661e-05
4.355000e-10 1.495802e-05 1.469859e-05
4.360000e-10 1.489524e-05 1.464071e-05
4.365000e-10 1.483267e-05 1.458299e-05
4.370000e-10 1.477030e-05 1.452542e-05
4.375000e-10 1.470815e-05 1.446800e-05
4.380000e-10 1.464621e-05 1.441074e-05
4.385000e-10 1.458447e-05 1.435363e-05
4.390000e-10 1.452294e-05 1.429668e-05
4.395000e-10 1.446163e-05 1.423988e-05
4.400000e-10 1.440052e-05 1.418324e-05
4.405000e-10 1.433962e-05 1.412675e-05
4.410000e-10 1.427892e-05 1.407042e-05
4.415000e-10 1.421844e-05 1.401424e-05
4.420000e-10 1.415816e-05 1.395823e-05
4.425000e-10 1.409809e-05 1.390237e-05
4.430000e-10 1.403823e-05 1.384666e-05
4.435000e-10 1.397858e-05 1.379112e-05
4.440000e-10 1.391913e-05 1.373573e-05
4.445000e-10 1.385989e-05 1.368051e-05
4.450000e-10 1.380085e-05 1.362544e-05
4.455000e-10 1.374202e-05 1.357053e-05
4.460000e-10 1.368340e-05 1.351578e-05
4.465000e-10 1.362498e-05 1.346119e-05
4.470000e-10 1.356677e-05 1.340675e-05
4.475000e-10 1.350876e-05 1.335248e-05
4.480000e-10 1.345095e-05 1.329837e-05
4.485000e-10 1.339336e-05 1.324442e-05
4.490000e-10 1.333596e-05 1.319063e-05
4.495000e-10 1.327877e-05 1.313700e-05
4.500000e-10 1.322178e-05 1.308353e-05
4.505000e-10 1.316500e-05 1.303022e-05
4.510000e-10 1.310842e-05 1.297707e-05
4.515000e-10 1.305204e-05 1.292409e-05
4.520000e-10 1.299586e-05 1.287126e-05
4.525000e-10 1.293989e-05 1.281860e-05
4.530000e-10 1.288411e-05 1.276610e-05
4.535000e-10 1.282854e-05 1.271376e-05
4.540000e-10 1.277317e-05 1.266158e-05
4.545000e-10 1.271800e-05 1.260956e-05
4.550000e-10 1.266303e-05 1.255770e-05
4.555000e-10 1.260826e-05 1.250601e-05
4.560000e-10 1.255369e-05 1.245448e-05
4.565000e-10 1.249932e-05 1.240311e-05
4.570000e-10 1.244515e-05 1.235190e-05
4.575000e-10 1.239118e-05 1.230086e-05
4.580000e-10 1.233740e-05 1.224998e-05
4.585000e-10 1.228382e-05 1.219926e-05
4.590000e-10 1.223044e-05 1.214870e-05
4.595000e-10 1.217726e-05 1.209830e-05
4.600000e-10 1.212427e-05 1.204807e-05
4.605000e-10 1.207148e-05 1.199799e-05
4.610000e-10 1.201888e-05 1.194808e-05
4.615000e-10 1.196648e-05 1.189833e-05
4.620000e-10 1.191428e-05 1.184875e-05
4.625000e-10 1.186227e-05 1.179932e-05
4.630000e-10 1.181045e-05 1.175006e-05
4.635000e-10 1.175883e-05 1.170096e-05
4.640000e-10 1.170740e-05 1.165202e-05
4.645000e-10 1.165617e-05 1.160324e-05
4.650000e-10 1.160512e-05 1.155462e-05
4.655000e-10 1.155427e-05 1.150617e-05
4.660000e-10 1.150361e-05 1.145787e-05
4.665000e-10 1.145315e-05 1.140974e-05
4.670000e-10 1.140287e-05 1.136177e-05
4.675000e-10 1.135278e-05 1.131396e-05
4.680000e-10 1.130288e-05 1.126631e-05
4.685000e-10 1.125318e-05 1.121882e-05
4.690000e-10 1.120366e-05 1.117150e-05
4.695000e-10 1.115433e-05 1.112433e-05
4.700000e-10 1.110519e-05 1.107732e-05
4.705000e-10 1.105623e-05 1.103047e-05
4.710000e-10 1.100747e-05 1.098379e-05
4.715000e-10 1.095889e-05 1.093726e-05
4.720000e-10 1.091050e-05 1.089089e-05
4.725000e-10 1.086229e-05 1.084469e-05
4.730000e-10 1.081427e-05 1.079864e-05
4.735000e-10 1.076643e-05 1.075275e-05
4.740000e-10 1.071878e-05 1.070702e-05
4.745000e-10 1.067132e-05 1.066145e-05
4.750000e-10 1.062403e-05 1.061604e-05
4.755000e-10 1.057693e-05 1.057078e-05
4.760000e-10 1.053001e-05 1.052569e-05
4.765000e-10 1.048328e-05 1.048075e-05
4.770000e-10 1.043673e-05 1.043597e-05
4.775000e-10 1.039036e-05 1.039135e-05
4.780000e-10 1.034416e-05 1.034689e-05
4.785000e-10 1.029815e-05 1.030258e-05
4.790000e-10 1.025232e-05 1.025843e-05
4.795000e-10 1.020667e-05 1.021444e-05
4.800000e-10 1.016120e-05 1.017060e-05
4.805000e-10 1.011591e-05 1.012692e-05
4.810000e-10 1.007079e-05 1.008340e-05
4.815000e-10 1.002586e-05 1.004003e-05
4.820000e-10 9.981096e-06 9.996817e-06
4.825000e-10 9.936512e-06 9.953760e-06
4.830000e-10 9.892105e-06 9.910857e-06
4.835000e-10 9.847873e-06 9.868110e-06
4.840000e-10 9.803817e-06 9.825517e-06
4.845000e-10 9.759935e-06 9.783079e-06
4.850000e-10 9.716228e-06 9.740795e-06
4.855000e-10 9.672694e-06 9.698664e-06
4.860000e-10 9.629333e-06 9.656687e-06
4.865000e-10 9.586145e-06 9.614863e-06
4.870000e-10 9.543130e-06 9.573192e-06
4.875000e-10 9.500286e-06 9.531674e-06
4.880000e-10 9.457614e-06 9.490308e-06
4.885000e-10 9.415112e-06 9.449094e-06
4.890000e-10 9.372781e-06 9.408032e-06
4.895000e-10 9.330619e-06 9.367121e-06
4.900000e-10 9.288627e-06 9.326362e-06
4.905000e-10 9.246804e-06 9.285754e-06
4.910000e-10 9.205149e-06 9.245296e-06
4.915000e-10 9.163662e-06 9.204988e-06
4.920000e-10 9.122342e-06 9.164831e-06
4.925000e-10 9.081189e-06 9.124823e-06
4.930000e-10 9.040203e-06 9.084965e-06
4.935000e-10 8.999382e-06 9.045255e-06
4.940000e-10 8.958727e-06 9.005695e-06
4.945000e-10 8.918236e-06 8.966283e-06
4.950000e-10 8.877910e-06 8.927018e-06
4.955000e-10 8.837748e-06 8.887902e-06
4.960000e-10 8.797749e-06 8.848933e-06
4.965000e-10 8.757913e-06 8.810112e-06
4.970000e-10 8.718239e-06 8.771437e-06
4.975000e-10 8.678727e-06 8.732909e-06
4.980000e-10 8.639377e-06 8.694526e-06
4.985000e-10 8.600188e-06 8.656290e-06
4.990000e-10 8.561158e-06 8.618199e-06
4.995000e-10 8.522289e-06 8.580253e-06
5.000000e-10 8.483579e-06 8.542453e-06
5.005000e-10 8.445028e-06 8.504796e-06
5.010000e-10 8.406635e-06 8.467284e-06
5.015000e-10 8.368401e-06 8.429915e-06
5.020000e-10 8.330323e-06 8.392690e-06
5.025000e-10 8.292402e-06 8.355608e-06
5.030000e-10 8.254638e-06 8.318669e-06
5.035000e-10 8.217030e-06 8.281872e-06
5.040000e-10 8.179577e-06 8.245217e-06
5.045000e-10 8.142279e-06 8.208704e-06
5.050000e-10 8.105135e-06 8.172332e-06
5.055000e-10 8.068145e-06 8.136101e-06
5.060000e-10 8.031309e-06 8.100011e-06
5.065000e-10 7.994625e-06 8.064061e-06
5.070000e-10 7.958094e-06 8.028251e-06
5.075000e-10 7.921715e-06 7.992581e-06
5.080000e-10 7.885487e-06 7.957049e-06
5.085000e-10 7.849410e-06 7.921657e-06
5.090000e-10 7.813483e-06 7.886403e-06
5.095000e-10 7.777706e-06 7.851287e-06
5.100000e-10 7.742079e-06 7.816309e-06
5.105000e-10 7.706600e-06 7.781468e-06
5.110000e-10 7.671270e-06 7.746764e-06
5.115000e-10 7.636088e-06 7.712197e-06
5.120000e-10 7.601053e-06 7.677766e-06
5.125000e-10 7.566165e-06 7.643471e-06
5.130000e-10 7.531423e-06 7.609312e-06
5.135000e-10 7.496828e-06 7.575287e-06
5.140000e-10 7.462378e-06 7.541398e-06
5.145000e-10 7.428073e-06 7.507642e-06
5.150000e-10 7.393912e-06 7.474021e-06
5.155000e-10 7.359895e-06 7.440534e-06
5.160000e-10 7.326022e-06 7.407179e-06
5.165000e-10 7.292291e-06 7.373958e-06
5.170000e-10 7.258703e-06 7.340869e-06
5.175000e-10 7.225257e-06 7.307912e-06
5.180000e-10 7.191953e-06 7.275088e-06
5.185000e-10 7.158789e-06 7.242394e-06
5.190000e-10 7.125767e-06 7.209831e-06
5.195000e-10 7.092884e-06 7.177400e-06
5.200000e-10 7.060140e-06 7.145098e-06
5.205000e-10 7.027536e-06 7.112926e-06
5.210000e-10 6.995070e-06 7.080884e-06
5.215000e-10 6.962743e-06 7.048971e-06
5.220000e-10 6.930553e-06 7.017186e-06
5.225000e-10 6.898500e-06 6.985530e-06
5.230000e-10 6.866584e-06 6.954002e-06
5.235000e-10 6.834804e-06 6.922602e-06
5.240000e-10 6.803159e-06 6.891328e-06
5.245000e-10 6.771650e-06 6.860182e-06
5.250000e-10 6.740276e-06 6.829162e-06
5.255000e-10 6.709035e-06 6.798268e-06
5.260000e-10 6.677929e-06 6.767499e-06
5.265000e-10 6.646956e-06 6.736856e-06
5.270000e-10 6.616115e-06 6.706338e-06
5.275000e-10 6.585407e-06 6.675944e-06
5.280000e-10 6.554831e-06 6.645675e-06
5.285000e-10 6.524386e-06 6.615529e-06
5.290000e-10 6.494072e-06 6.585506e-06
5.295000e-10 6.463889e-06 6.555607e-06
5.300000e-10 6.433835e-06 6.525830e-06
5.305000e-10 6.403911e-06 6.496175e-06
5.310000e-10 6.374116e-06 6.466643e-06
5.315000e-10 6.344449e-06 6.437231e-06
5.320000e-10 6.314911e-06 6.407941e-06
5.325000e-10 6.285500e-06 6.378771e-06
5.330000e-10 6.256216e-06 6.349722e-06
5.335000e-10 6.227059e-06 6.320792e-06
5.340000e-10 6.198028e-06 6.291982e-06
5.345000e-10 6.169123e-06 6.263291e-06
5.350000e-10 6.140344e-06 6.234719e-06
5.355000e-10 6.111689e-06 6.206266e-06
5.360000e-10 6.083158e-06 6.177930e-06
5.365000e-10 6.054751e-06 6.149712e-06
5.370000e-10 6.026468e-06 6.121611e-06
5.375000e-10 5.998308e-06 6.093627e-06
5.380000e-10 5.970270e-06 6.065759e-06
5.385000e-10 5.942354e-06 6.038007e-06
5.390000e-10 5.914560e-06 6.010371e-06
5.395000e-10 5.886888e-06 5.982851e-06
5.400000e-10 5.859335e-06 5.955445e-06
5.405000e-10 5.831903e-06 5.928154e-06
5.410000e-10 5.804591e-06 5.900977e-06
5.415000e-10 5.777398e-06 5.873914e-06
5.420000e-10 5.750325e-06 5.846964e-06
5.425000e-10 5.723369e-06 5.820127e-06
5.430000e-10 5.696532e-06 5.793403e-06
5.435000e-10 5.669812e-06 5.766791e-06
5.440000e-10 5.643209e-06 5.740291e-06
5.445000e-10 5.616723e-06 5.713902e-06
5.450000e-10 5.590353e-06 5.687624e-06
5.455000e-10 5.564099e-06 5.661458e-06
5.460000e-10 5.537960e-06 5.635401e-06
5.465000e-10 5.511937e-06 5.609455e-06
5.470000e-10 5.486027e-06 5.583618e-06
5.475000e-10 5.460232e-06 5.557890e-06
5.480000e-10 5.434550e-06 5.532271e-06
5.485000e-10 5.408982e-06 5.506761e-06
5.490000e-10 5.383526e-06 5.481359e-06
5.495000e-10 5.358182e-06 5.456064e-06
5.500000e-10 5.332950e-06 5.430877e-06
5.505000e-10 5.307830e-06 5.405797e-06
5.510000e-10 5.282821e-06 5.380823e-06
5.515000e-10 5.257922e-06 5.355956e-06
5.520000e-10 5.233133e-06 5.331195e-06
5.525000e-10 5.208454e-06 5.306538e-06
5.530000e-10 5.183885e-06 5.281988e-06
5.535000e-10 5.159424e-06 5.257541e-06
5.540000e-10 5.135072e-06 5.233199e-06
5.545000e-10 5.110827e-06 5.208962e-06
5.550000e-10 5.086690e-06 5.184827e-06
5.555000e-10 5.062661e-06 5.160796e-06
5.560000e-10 5.038738e-06 5.136868e-06
5.565000e-10 5.014921e-06 5.113043e-06
5.570000e-10 4.991211e-06 5.089319e-06
5.575000e-10 4.967606e-06 5.065698e-06
5.580000e-10 4.944106e-06 5.042178e-06
5.585000e-10 4.920710e-06 5.018758e-06
5.590000e-10 4.897419e-06 4.995440e-06
5.595000e-10 4.874232e-06 4.972222e-06
5.600000e-10 4.851148e-06 4.949104e-06
5.605000e-10 4.828167e-06 4.926085e-06
5.610000e-10 4.805289e-06 4.903166e-06
5.615000e-10 4.782513e-06 4.880346e-06
5.620000e-10 4.759839e-06 4.857624e-06
5.625000e-10 4.737266e-06 4.835000e-06
5.630000e-10 4.714794e-06 4.812474e-06
5.635000e-10 4.692423e-06 4.790046e-06
5.640000e-10 4.670152e-06 4.767714e-06
5.645000e-10 4.647980e-06 4.745480e-06
5.650000e-10 4.625908e-06 4.723341e-06
5.655000e-10 4.603936e-06 4.701299e-06
5.660000e-10 4.582061e-06 4.679352e-06
5.665000e-10 4.560285e-06 4.657501e-06
5.670000e-10 4.538607e-06 4.635745e-06
5.675000e-10 4.517026e-06 4.614083e-06
5.680000e-10 4.495542e-06 4.592515e-06
5.685000e-10 4.474155e-06 4.571042e-06
5.690000e-10 4.452864e-06 4.549662e-06
5.695000e-10 4.431669e-06 4.528375e-06
5.700000e-10 4.410570e-06 4.507181e-06
5.705000e-10 4.389565e-06 4.486080e-06
5.710000e-10 4.368655e-06 4.465070e-06
5.715000e-10 4.347840e-06 4.444153e-06
5.720000e-10 4.327118e-06 4.423327e-06
5.725000e-10 4.306490e-06 4.402592e-06
5.730000e-10 4.285955e-06 4.381947e-06
5.735000e-10 4.265513e-06 4.361394e-06
5.740000e-10 4.245163e-06 4.340930e-06
5.745000e-10 4.224906e-06 4.320556e-06
5.750000e-10 4.204740e-06 4.300272e-06
5.755000e-10 4.184665e-06 4.280076e-06
5.760000e-10 4.164681e-06 4.259970e-06
5.765000e-10 4.144788e-06 4.239951e-06
5.770000e-10 4.124985e-06 4.220021e-06
5.775000e-10 4.105272e-06 4.200178e-06
5.780000e-10 4.085648e-06 4.180423e-06
5.785000e-10 4.066113e-06 4.160755e-06
5.790000e-10 4.046667e-06 4.141174e-06
5.795000e-10 4.027309e-06 4.121679e-06
5.800000e-10 4.008040e-06 4.102269e-06
5.805000e-10 3.988857e-06 4.082946e-06
5.810000e-10 3.969763e-06 4.063708e-06
5.815000e-10 3.950755e-06 4.044555e-06
5.820000e-10 3.931833e-06 4.025487e-06
5.825000e-10 3.912998e-06 4.006503e-06
5.830000e-10 3.894248e-06 3.987604e-06
5.835000e-10 3.875584e-06 3.968788e-06
5.840000e-10 3.857005e-06 3.950055e-06
5.845000e-10 3.838511e-06 3.931406e-06
5.850000e-10 3.820101e-06 3.912839e-06
5.855000e-10 3.801776e-06 3.894354e-06
5.860000e-10 3.783534e-06 3.875952e-06
5.865000e-10 3.765375e-06 3.857632e-06
5.870000e-10 3.747299e-06 3.839393e-06
5.875000e-10 3.729306e-06 3.821235e-06
5.880000e-10 3.711395e-06 3.803158e-06
5.885000e-10 3.693567e-06 3.785162e-06
5.890000e-10 3.675820e-06 3.767245e-06
5.895000e-10 3.658154e-06 3.749409e-06
5.900000e-10 3.640569e-06 3.731652e-06
5.905000e-10 3.623065e-06 3.713975e-06
5.910000e-10 3.605640e-06 3.696376e-06
5.915000e-10 3.588296e-06 3.678856e-06
5.920000e-10 3.571032e-06 3.661414e-06
5.925000e-10 3.553847e-06 3.644051e-06
5.930000e-10 3.536740e-06 3.626765e-06
5.935000e-10 3.519712e-06 3.609556e-06
5.940000e-10 3.502763e-06 3.592424e-06
5.945000e-10 3.485891e-06 3.575370e-06
5.950000e-10 3.469097e-06 3.558391e-06
5.955000e-10 3.452381e-06 3.541489e-06
5.960000e-10 3.435741e-06 3.524663e-06
5.965000e-10 3.419178e-06 3.507912e-06
5.970000e-10 3.402691e-06 3.491236e-06
5.975000e-10 3.386280e-06 3.474636e-06
5.980000e-10 3.369945e-06 3.458110e-06
5.985000e-10 3.353685e-06 3.441658e-06
5.990000e-10 3.337500e-06 3.425280e-06
5.995000e-10 3.321390e-06 3.408976e-06
6.000000e-10 3.305354e-06 3.392746e-06
6.005000e-10 3.289392e-06 3.376588e-06
6.010000e-10 3.273504e-06 3.360504e-06
6.015000e-10 3.257690e-06 3.344492e-06
6.020000e-10 3.241948e-06 3.328552e-06
6.025000e-10 3.226280e-06 3.312685e-06
6.030000e-10 3.210683e-06 3.296889e-06
6.035000e-10 3.195159e-06 3.281164e-06
6.040000e-10 3.179707e-06 3.265510e-06
6.045000e-10 3.164327e-06 3.249927e-06
6.050000e-10 3.149017e-06 3.234415e-06
6.055000e-10 3.133779e-06 3.218973e-06
6.060000e-10 3.118611e-06 3.203601e-06
6.065000e-10 3.103514e-06 3.188299e-06
6.070000e-10 3.088487e-06 3.173065e-06
6.075000e-10 3.073529e-06 3.157901e-06
6.080000e-10 3.058641e-06 3.142806e-06
6.085000e-10 3.043822e-06 3.127779e-06
6.090000e-10 3.029072e-06 3.112821e-06
6.095000e-10 3.014390e-06 3.097930e-06
6.100000e-10 2.999777e-06 3.083107e-06
6.105000e-10 2.985231e-06 3.068352e-06
6.110000e-10 2.970753e-06 3.053664e-06
6.115000e-10 2.956343e-06 3.039042e-06
6.120000e-10 2.942000e-06 3.024487e-06
6.125000e-10 2.927723e-06 3.009998e-06
6.130000e-10 2.913513e-06 2.995576e-06
6.135000e-10 2.899369e-06 2.981219e-06
6.140000e-10 2.885292e-06 2.966927e-06
6.145000e-10 2.871279e-06 2.952701e-06
6.150000e-10 2.857332e-06 2.938540e-06
6.155000e-10 2.843451e-06 2.924443e-06
6.160000e-10 2.829634e-06 2.910410e-06
6.165000e-10 2.815881e-06 2.896442e-06
6.170000e-10 2.802193e-06 2.882538e-06
6.175000e-10 2.788568e-06 2.868697e-06
6.180000e-10 2.775008e-06 2.854920e-06
6.185000e-10 2.761510e-06 2.841205e-06
6.190000e-10 2.748076e-06 2.827554e-06
6.195000e-10 2.734705e-06 2.813964e-06
6.200000e-10 2.721396e-06 2.800438e-06
6.205000e-10 2.708150e-06 2.786973e-06
6.210000e-10 2.694965e-06 2.773570e-06
6.215000e-10 2.681842e-06 2.760228e-06
6.220000e-10 2.668781e-06 2.746948e-06
6.225000e-10 2.655781e-06 2.733728e-06
6.230000e-10 2.642842e-06 2.720569e-06
6.235000e-10 2.629963e-06 2.707471e-06
6.240000e-10 2.617145e-06 2.694433e-06
6.245000e-10 2.604388e-06 2.681455e-06
6.250000e-10 2.591689e-06 2.668536e-06
6.255000e-10 2.579051e-06 2.655677e-06
6.260000e-10 2.566472e-06 2.642878e-06
6.265000e-10 2.553952e-06 2.630137e-06
6.270000e-10 2.541491e-06 2.617455e-06
6.275000e-10 2.529088e-06 2.604831e-06
6.280000e-10 2.516744e-06 2.592265e-06
6.285000e-10 2.504458e-06 2.579758e-06
6.290000e-10 2.492229e-06 2.567308e-06
6.295000e-10 2.480059e-06 2.554915e-06
6.300000e-10 2.467945e-06 2.542580e-06
6.305000e-10 2.455888e-06 2.530302e-06
6.310000e-10 2.443889e-06 2.518080e-06
6.315000e-10 2.431945e-06 2.505915e-06
6.320000e-10 2.420059e-06 2.493806e-06
6.325000e-10 2.408228e-06 2.481754e-06
6.330000e-10 2.396452e-06 2.469757e-06
6.335000e-10 2.384733e-06 2.457815e-06
6.340000e-10 2.373069e-06 2.445929e-06
6.345000e-10 2.361459e-06 2.434097e-06
6.350000e-10 2.349905e-06 2.422321e-06
6.355000e-10 2.338405e-06 2.410599e-06
6.360000e-10 2.326959e-06 2.398932e-06
6.365000e-10 2.315568e-06 2.387318e-06
6.370000e-10 2.304230e-06 2.375759e-06
6.375000e-10 2.292946e-06 2.364253e-06
6.380000e-10 2.281715e-06 2.352801e-06
6.385000e-10 2.270538e-06 2.341401e-06
6.390000e-10 2.259413e-06 2.330055e-06
6.395000e-10 2.248341e-06 2.318762e-06
6.400000e-10 2.237321e-06 2.307520e-06
6.405000e-10 2.226354e-06 2.296332e-06
6.410000e-10 2.215438e-06 2.285195e-06
6.415000e-10 2.204575e-06 2.274110e-06
6.420000e-10 2.193762e-06 2.263077e-06
6.425000e-10 2.183001e-06 2.252095e-06
6.430000e-10 2.172291e-06 2.241164e-06
6.435000e-10 2.161632e-06 2.230284e-06
6.440000e-10 2.151023e-06 2.219455e-06
6.445000e-10 2.140465e-06 2.208676e-06
6.450000e-10 2.129956e-06 2.197948e-06
6.455000e-10 2.119498e-06 2.187270e-06
6.460000e-10 2.109089e-06 2.176641e-06
6.465000e-10 2.098730e-06 2.166062e-06
6.470000e-10 2.088420e-06 2.155533e-06
6.475000e-10 2.078159e-06 2.145053e-06
6.480000e-10 2.067946e-06 2.134621e-06
6.485000e-10 2.057783e-06 2.124239e-06
6.490000e-10 2.047667e-06 2.113905e-06
6.495000e-10 2.037600e-06 2.103619e-06
6.500000e-10 2.027580e-06 2.093382e-06
6.505000e-10 2.017609e-06 2.083192e-06
6.510000e-10 2.007685e-06 2.073050e-06
6.515000e-10 1.997808e-06 2.062956e-06
6.520000e-10 1.987978e-06 2.052909e-06
6.525000e-10 1.978195e-06 2.042908e-06
6.530000e-10 1.968458e-06 2.032955e-06
6.535000e-10 1.958768e-06 2.023049e-06
6.540000e-10 1.949124e-06 2.013189e-06
6.545000e-10 1.939526e-06 2.003375e-06
6.550000e-10 1.929974e-06 1.993607e-06
6.555000e-10 1.920468e-06 1.983885e-06
6.560000e-10 1.911007e-06 1.974209e-06
6.565000e-10 1.901591e-06 1.964578e-06
6.570000e-10 1.892220e-06 1.954993e-06
6.575000e-10 1.882893e-06 1.945453e-06
6.580000e-10 1.873612e-06 1.935957e-06
6.585000e-10 1.864374e-06 1.926506e-06
6.590000e-10 1.855181e-06 1.917100e-06
6.595000e-10 1.846032e-06 1.907737e-06
6.600000e-10 1.836926e-06 1.898419e-06
6.605000e-10 1.827864e-06 1.889145e-06
6.610000e-10 1.818846e-06 1.879914e-06
6.615000e-10 1.809870e-06 1.870727e-06
6.620000e-10 1.800938e-06 1.861583e-06
6.625000e-10 1.792048e-06 1.852483e-06
6.630000e-10 1.783201e-06 1.843425e-06
6.635000e-10 1.774396e-06 1.834410e-06
6.640000e-10 1.765633e-06 1.825437e-06
6.645000e-10 1.756913e-06 1.816507e-06
6.650000e-10 1.748234e-06 1.807619e-06
6.655000e-10 1.739597e-06 1.798773e-06
6.660000e-10 1.731001e-06 1.789969e-06
6.665000e-10 1.722446e-06 1.781206e-06
6.670000e-10 1.713933e-06 1.772485e-06
6.675000e-10 1.705460e-06 1.763805e-06
6.680000e-10 1.697028e-06 1.755166e-06
6.685000e-10 1.688637e-06 1.746568e-06
6.690000e-10 1.680285e-06 1.738010e-06
6.695000e-10 1.671974e-06 1.729493e-06
6.700000e-10 1.663703e-06 1.721016e-06
6.705000e-10 1.655472e-06 1.712580e-06
6.710000e-10 1.647280e-06 1.704183e-06
6.715000e-10 1.639127e-06 1.695827e-06
6.720000e-10 1.631014e-06 1.687509e-06
6.725000e-10 1.622939e-06 1.679232e-06
6.730000e-10 1.614904e-06 1.670993e-06
6.735000e-10 1.606907e-06 1.662794e-06
6.740000e-10 1.598949e-06 1.654633e-06
6.745000e-10 1.591029e-06 1.646511e-06
6.750000e-10 1.583147e-06 1.638428e-06
6.755000e-10 1.575303e-06 1.630383e-06
6.760000e-10 1.567497e-06 1.622376e-06
6.765000e-10 1.559728e-06 1.614408e-06
6.770000e-10 1.551997e-06 1.606477e-06
6.775000e-10 1.544303e-06 1.598584e-06
6.780000e-10 1.536646e-06 1.590728e-06
6.785000e-10 1.529026e-06 1.582910e-06
6.790000e-10 1.521443e-06 1.575129e-06
6.795000e-10 1.513897e-06 1.567384e-06
6.800000e-10 1.506387e-06 1.559677e-06
6.805000e-10 1.498913e-06 1.552007e-06
6.810000e-10 1.491475e-06 1.544373e-06
6.815000e-10 1.484073e-06 1.536775e-06
6.820000e-10 1.476707e-06 1.529214e-06
6.825000e-10 1.469376e-06 1.521688e-06
6.830000e-10 1.462081e-06 1.514198e-06
6.835000e-10 1.454821e-06 1.506745e-06
6.840000e-10 1.447596e-06 1.499326e-06
6.845000e-10 1.440406e-06 1.491943e-06
6.850000e-10 1.433251e-06 1.484596e-06
6.855000e-10 1.426131e-06 1.477283e-06
6.860000e-10 1.419044e-06 1.470005e-06
6.865000e-10 1.411993e-06 1.462762e-06
6.870000e-10 1.404975e-06 1.455553e-06
6.875000e-10 1.397991e-06 1.448379e-06
6.880000e-10 1.391041e-06 1.441240e-06
6.885000e-10 1.384125e-06 1.434134e-06
6.890000e-10 1.377242e-06 1.427062e-06
6.895000e-10 1.370392e-06 1.420024e-06
6.900000e-10 1.363576e-06 1.413020e-06
6.905000e-10 1.356793e-06 1.406049e-06
6.910000e-10 1.350042e-06 1.399112e-06
6.915000e-10 1.343325e-06 1.392208e-06
6.920000e-10 1.336640e-06 1.385337e-06
6.925000e-10 1.329987e-06 1.378498e-06
6.930000e-10 1.323366e-06 1.371693e-06
6.935000e-10 1.316778e-06 1.364920e-06
6.940000e-10 1.310222e-06 1.358180e-06
6.945000e-10 1.303697e-06 1.351471e-06
6.950000e-10 1.297204e-06 1.344795e-06
6.955000e-10 1.290743e-06 1.338151e-06
6.960000e-10 1.284313e-06 1.331539e-06
6.965000e-10 1.277914e-06 1.324959e-06
6.970000e-10 1.271546e-06 1.318410e-06
6.975000e-10 1.265210e-06 1.311892e-06
6.980000e-10 1.258904e-06 1.305406e-06
6.985000e-10 1.252628e-06 1.298951e-06
6.990000e-10 1.246384e-06 1.292527e-06
6.995000e-10 1.240169e-06 1.286134e-06
7.000000e-10 1.233985e-06 1.279772e-06
7.005000e-10 1.227831e-06 1.273440e-06
7.010000e-10 1.221707e-06 1.267138e-06
7.015000e-10 1.215612e-06 1.260867e-06
7.020000e-10 1.209547e-06 1.254626e-06
7.025000e-10 1.203512e-06 1.248415e-06
7.030000e-10 1.197506e-06 1.242234e-06
7.035000e-10 1.191530e-06 1.236082e-06
7.040000e-10 1.185582e-06 1.229961e-06
7.045000e-10 1.179664e-06 1.223868e-06
7.050000e-10 1.173774e-06 1.217805e-06
7.055000e-10 1.167913e-06 1.211771e-06
7.060000e-10 1.162081e-06 1.205767e-06
7.065000e-10 1.156276e-06 1.199791e-06
7.070000e-10 1.150501e-06 1.193844e-06
7.075000e-10 1.144753e-06 1.187925e-06
7.080000e-10 1.139034e-06 1.182036e-06
7.085000e-10 1.133342e-06 1.176174e-06
7.090000e-10 1.127678e-06 1.170341e-06
7.095000e-10 1.122042e-06 1.164536e-06
7.100000e-10 1.116433e-06 1.158759e-06
7.105000e-10 1.110852e-06 1.153010e-06
7.110000e-10 1.105298e-06 1.147288e-06
7.115000e-10 1.099771e-06 1.141595e-06
7.120000e-10 1.094271e-06 1.135928e-06
7.125000e-10 1.088798e-06 1.130289e-06
7.130000e-10 1.083352e-06 1.124678e-06
7.135000e-10 1.077932e-06 1.119093e-06
7.140000e-10 1.072539e-06 1.113536e-06
7.145000e-10 1.067172e-06 1.108005e-06
7.150000e-10 1.061831e-06 1.102501e-06
7.155000e-10 1.056517e-06 1.097024e-06
7.160000e-10 1.051228e-06 1.091573e-06
7.165000e-10 1.045965e-06 1.086148e-06
7.170000e-10 1.040728e-06 1.080750e-06
7.175000e-10 1.035517e-06 1.075378e-06
7.180000e-10 1.030331e-06 1.070032e-06
7.185000e-10 1.025171e-06 1.064711e-06
7.190000e-10 1.020036e-06 1.059417e-06
7.195000e-10 1.014926e-06 1.054148e-06
7.200000e-10 1.009841e-06 1.048905e-06
7.205000e-10 1.004781e-06 1.043687e-06
7.210000e-10 9.997454e-07 1.038494e-06
7.215000e-10 9.947348e-07 1.033327e-06
7.220000e-10 9.897488e-07 1.028184e-06
7.225000e-10 9.847871e-07 1.023067e-06
7.230000e-10 9.798498e-07 1.017974e-06
7.235000e-10 9.749368e-07 1.012906e-06
7.240000e-10 9.700478e-07 1.007863e-06
7.245000e-10 9.651827e-07 1.002844e-06
7.250000e-10 9.603416e-07 9.978494e-07
7.255000e-10 9.555242e-07 9.928791e-07
7.260000e-10 9.507304e-07 9.879329e-07
7.265000e-10 9.459602e-07 9.830108e-07
7.270000e-10 9.412134e-07 9.781126e-07
7.275000e-10 9.364899e-07 9.732382e-07
7.280000e-10 9.317896e-07 9.683874e-07
7.285000e-10 9.271123e-07 9.635603e-07
7.290000e-10 9.224581e-07 9.587566e-07
7.295000e-10 9.178267e-07 9.539762e-07
7.300000e-10 9.132180e-07 9.492191e-07
7.305000e-10 9.086320e-07 9.444852e-07
7.310000e-10 9.040686e-07 9.397742e-07
7.315000e-10 8.995275e-07 9.350862e-07
7.320000e-10 8.950088e-07 9.304210e-07
7.325000e-10 8.905123e-07 9.257786e-07
7.330000e-10 8.860380e-07 9.211587e-07
7.335000e-10 8.815856e-07 9.165613e-07
7.340000e-10 8.771552e-07 9.119863e-07
7.345000e-10 8.727465e-07 9.074336e-07
7.350000e-10 8.683595e-07 9.029030e-07
7.355000e-10 8.639942e-07 8.983946e-07
7.360000e-10 8.596503e-07 8.939081e-07
7.365000e-10 8.553278e-07 8.894435e-07
7.370000e-10 8.510266e-07 8.850006e-07
7.375000e-10 8.467466e-07 8.805794e-07
7.380000e-10 8.424876e-07 8.761798e-07
7.385000e-10 8.382496e-07 8.718016e-07
7.390000e-10 8.340325e-07 8.674448e-07
7.395000e-10 8.298362e-07 8.631093e-07
7.400000e-10 8.256606e-07 8.587949e-07
7.405000e-10 8.215056e-07 8.545016e-07
7.410000e-10 8.173710e-07 8.502292e-07
7.415000e-10 8.132568e-07 8.459777e-07
7.420000e-10 8.091630e-07 8.417470e-07
7.425000e-10 8.050893e-07 8.375369e-07
7.430000e-10 8.010357e-07 8.333474e-07
7.435000e-10 7.970021e-07 8.291784e-07
7.440000e-10 7.929884e-07 8.250297e-07
7.445000e-10 7.889945e-07 8.209013e-07
7.450000e-10 7.850203e-07 8.167931e-07
7.455000e-10 7.810658e-07 8.127050e-07
7.460000e-10 7.771307e-07 8.086369e-07
7.465000e-10 7.732151e-07 8.045887e-07
7.470000e-10 7.693189e-07 8.005603e-07
7.475000e-10 7.654419e-07 7.965516e-07
7.480000e-10 7.615840e-07 7.925626e-07
7.485000e-10 7.577452e-07 7.885930e-07
7.490000e-10 7.539254e-07 7.846429e-07
7.495000e-10 7.501244e-07 7.807121e-07
7.500000e-10 7.463422e-07 7.768006e-07
7.505000e-10 7.425788e-07 7.729082e-07
7.510000e-10 7.388339e-07 7.690349e-07
7.515000e-10 7.351076e-07 7.651806e-07
7.520000e-10 7.313997e-07 7.613452e-07
7.525000e-10 7.277101e-07 7.575286e-07
7.530000e-10 7.240388e-07 7.537306e-07
7.535000e-10 7.203856e-07 7.499514e-07
7.540000e-10 7.167506e-07 7.461906e-07
7.545000e-10 7.131335e-07 7.424483e-07
7.550000e-10 7.095343e-07 7.387243e-07
7.555000e-10 7.059529e-07 7.350186e-07
7.560000e-10 7.023893e-07 7.313311e-07
7.565000e-10 6.988433e-07 7.276617e-07
7.570000e-10 6.953149e-07 7.240103e-07
7.575000e-10 6.918040e-07 7.203768e-07
7.580000e-10 6.883104e-07 7.167612e-07
7.585000e-10 6.848342e-07 7.131633e-07
7.590000e-10 6.813752e-07 7.095831e-07
7.595000e-10 6.779333e-07 7.060205e-07
7.600000e-10 6.745085e-07 7.024754e-07
7.605000e-10 6.711007e-07 6.989477e-07
7.610000e-10 6.677097e-07 6.954373e-07
7.615000e-10 6.643356e-07 6.919443e-07
7.620000e-10 6.609782e-07 6.884683e-07
7.625000e-10 6.576375e-07 6.850095e-07
7.630000e-10 6.543134e-07 6.815677e-07
7.635000e-10 6.510057e-07 6.781428e-07
7.640000e-10 6.477144e-07 6.747347e-07
7.645000e-10 6.444395e-07 6.713435e-07
7.650000e-10 6.411809e-07 6.679689e-07
7.655000e-10 6.379384e-07 6.646109e-07
7.660000e-10 6.347120e-07 6.612695e-07
7.665000e-10 6.315016e-07 6.579445e-07
7.670000e-10 6.283072e-07 6.546358e-07
7.675000e-10 6.251286e-07 6.513435e-07
7.680000e-10 6.219659e-07 6.480674e-07
7.685000e-10 6.188188e-07 6.448074e-07
7.690000e-10 6.156874e-07 6.415635e-07
7.695000e-10 6.125715e-07 6.383356e-07
7.700000e-10 6.094712e-07 6.351235e-07
7.705000e-10 6.063862e-07 6.319274e-07
7.710000e-10 6.033166e-07 6.287469e-07
7.715000e-10 6.002622e-07 6.255822e-07
7.720000e-10 5.972230e-07 6.224330e-07
7.725000e-10 5.941990e-07 6.192994e-07
7.730000e-10 5.911900e-07 6.161813e-07
7.735000e-10 5.881959e-07 6.130785e-07
7.740000e-10 5.852168e-07 6.099911e-07
7.745000e-10 5.822524e-07 6.069188e-07
7.750000e-10 5.793029e-07 6.038618e-07
7.755000e-10 5.763680e-07 6.008198e-07
7.760000e-10 5.734477e-07 5.977929e-07
7.765000e-10 5.705419e-07 5.947809e-07
7.770000e-10 5.676506e-07 5.917837e-07
7.775000e-10 5.647737e-07 5.888014e-07
7.780000e-10 5.619112e-07 5.858338e-07
7.785000e-10 5.590629e-07 5.828809e-07
7.790000e-10 5.562288e-07 5.799426e-07
7.795000e-10 5.534088e-07 5.770188e-07
7.800000e-10 5.506028e-07 5.741094e-07
7.805000e-10 5.478109e-07 5.712144e-07
7.810000e-10 5.450328e-07 5.683338e-07
7.815000e-10 5.422686e-07 5.654674e-07
7.820000e-10 5.395182e-07 5.626151e-07
7.825000e-10 5.367815e-07 5.597770e-07
7.830000e-10 5.340584e-07 5.569529e-07
7.835000e-10 5.313489e-07 5.541428e-07
7.840000e-10 5.286530e-07 5.513466e-07
7.845000e-10 5.259705e-07 5.485642e-07
7.850000e-10 5.233013e-07 5.457956e-07
7.855000e-10 5.206455e-07 5.430407e-07
7.860000e-10 5.180029e-07 5.402995e-07
7.865000e-10 5.153736e-07 5.375718e-07
7.870000e-10 5.127573e-07 5.348576e-07
7.875000e-10 5.101541e-07 5.321569e-07
7.880000e-10 5.075639e-07 5.294696e-07
7.885000e-10 5.049866e-07 5.267955e-07
7.890000e-10 5.024222e-07 5.241348e-07
7.895000e-10 4.998706e-07 5.214872e-07
7.900000e-10 4.973318e-07 5.188527e-07
7.905000e-10 4.948056e-07 5.162313e-07
7.910000e-10 4.922921e-07 5.136229e-07
7.915000e-10 4.897911e-07 5.110274e-07
7.920000e-10 4.873026e-07 5.084448e-07
7.925000e-10 4.848266e-07 5.058750e-07
7.930000e-10 4.823629e-07 5.033180e-07
7.935000e-10 4.799115e-07 5.007736e-07
7.940000e-10 4.774724e-07 4.982419e-07
7.945000e-10 4.750455e-07 4.957227e-07
7.950000e-10 4.726308e-07 4.932161e-07
7.955000e-10 4.702281e-07 4.907218e-07
7.960000e-10 4.678374e-07 4.882400e-07
7.965000e-10 4.654587e-07 4.857705e-07
7.970000e-10 4.630918e-07 4.833132e-07
7.975000e-10 4.607369e-07 4.808682e-07
7.980000e-10 4.583937e-07 4.784353e-07
7.985000e-10 4.560622e-07 4.760145e-07
7.990000e-10 4.537424e-07 4.736057e-07
7.995000e-10 4.514342e-07 4.712089e-07
8.000000e-10 4.491376e-07 4.688240e-07
8.005000e-10 4.468525e-07 4.664509e-07
8.010000e-10 4.445788e-07 4.640897e-07
8.015000e-10 4.423165e-07 4.617402e-07
8.020000e-10 4.400655e-07 4.594023e-07
8.025000e-10 4.378258e-07 4.570761e-07
8.030000e-10 4.355973e-07 4.547615e-07
8.035000e-10 4.333800e-07 4.524584e-07
8.040000e-10 4.311738e-07 4.501667e-07
8.045000e-10 4.289787e-07 4.478865e-07
8.050000e-10 4.267946e-07 4.456176e-07
8.055000e-10 4.246214e-07 4.433600e-07
8.060000e-10 4.224591e-07 4.411136e-07
8.065000e-10 4.203076e-07 4.388784e-07
8.070000e-10 4.181669e-07 4.366543e-07
8.075000e-10 4.160370e-07 4.344413e-07
8.080000e-10 4.139177e-07 4.322394e-07
8.085000e-10 4.118091e-07 4.300484e-07
8.090000e-10 4.097111e-07 4.278683e-07
8.095000e-10 4.076236e-07 4.256990e-07
8.100000e-10 4.055465e-07 4.235406e-07
8.105000e-10 4.034799e-07 4.213930e-07
8.110000e-10 4.014236e-07 4.192560e-07
8.115000e-10 3.993777e-07 4.171297e-07
8.120000e-10 3.973420e-07 4.150140e-07
8.125000e-10 3.953166e-07 4.129088e-07
8.130000e-10 3.933013e-07 4.108142e-07
8.135000e-10 3.912962e-07 4.087300e-07
8.140000e-10 3.893011e-07 4.066561e-07
8.145000e-10 3.873160e-07 4.045927e-07
8.150000e-10 3.853409e-07 4.025395e-07
8.155000e-10 3.833757e-07 4.004965e-07
8.160000e-10 3.814204e-07 3.984638e-07
8.165000e-10 3.794750e-07 3.964412e-07
8.170000e-10 3.775393e-07 3.944287e-07
8.175000e-10 3.756133e-07 3.924262e-07
8.180000e-10 3.736970e-07 3.904338e-07
8.185000e-10 3.717903e-07 3.884513e-07
8.190000e-10 3.698933e-07 3.864786e-07
8.195000e-10 3.680057e-07 3.845159e-07
8.200000e-10 3.661277e-07 3.825629e-07
8.205000e-10 3.642591e-07 3.806197e-07
8.210000e-10 3.623999e-07 3.786862e-07
8.215000e-10 3.605500e-07 3.767624e-07
8.220000e-10 3.587094e-07 3.748482e-07
8.225000e-10 3.568782e-07 3.729435e-07
8.230000e-10 3.550561e-07 3.710484e-07
8.235000e-10 3.532432e-07 3.691627e-07
8.240000e-10 3.514394e-07 3.672865e-07
8.245000e-10 3.496447e-07 3.654196e-07
8.250000e-10 3.478590e-07 3.635621e-07
8.255000e-10 3.460823e-07 3.617139e-07
8.260000e-10 3.443146e-07 3.598749e-07
8.265000e-10 3.425557e-07 3.580451e-07
8.270000e-10 3.408057e-07 3.562245e-07
8.275000e-10 3.390645e-07 3.544130e-07
8.280000e-10 3.373321e-07 3.526105e-07
8.285000e-10 3.356085e-07 3.508171e-07
8.290000e-10 3.338935e-07 3.490326e-07
8.295000e-10 3.321871e-07 3.472571e-07
8.300000e-10 3.304893e-07 3.454905e-07
8.305000e-10 3.288001e-07 3.437327e-07
8.310000e-10 3.271194e-07 3.419837e-07
8.315000e-10 3.254472e-07 3.402434e-07
8.320000e-10 3.237834e-07 3.385119e-07
8.325000e-10 3.221280e-07 3.367891e-07
8.330000e-10 3.204810e-07 3.350749e-07
8.335000e-10 3.188422e-07 3.333693e-07
8.340000e-10 3.172117e-07 3.316722e-07
8.345000e-10 3.155894e-07 3.299836e-07
8.350000e-10 3.139753e-07 3.283035e-07
8.355000e-10 3.123694e-07 3.266318e-07
8.360000e-10 3.107715e-07 3.249685e-07
8.365000e-10 3.091817e-07 3.233135e-07
8.370000e-10 3.076000e-07 3.216669e-07
8.375000e-10 3.060262e-07 3.200285e-07
8.380000e-10 3.044603e-07 3.183983e-07
8.385000e-10 3.029024e-07 3.167762e-07
8.390000e-10 3.013523e-07 3.151624e-07
8.395000e-10 2.998101e-07 3.135566e-07
8.400000e-10 2.982756e-07 3.119589e-07
8.405000e-10 2.967489e-07 3.103691e-07
8.410000e-10 2.952298e-07 3.087874e-07
8.415000e-10 2.937185e-07 3.072136e-07
8.420000e-10 2.922148e-07 3.056477e-07
8.425000e-10 2.907187e-07 3.040897e-07
8.430000e-10 2.892301e-07 3.025395e-07
8.435000e-10 2.877491e-07 3.009970e-07
8.440000e-10 2.862755e-07 2.994624e-07
8.445000e-10 2.848094e-07 2.979354e-07
8.450000e-10 2.833507e-07 2.964161e-07
8.455000e-10 2.818993e-07 2.949044e-07
8.460000e-10 2.804553e-07 2.934003e-07
8.465000e-10 2.790186e-07 2.919038e-07
8.470000e-10 2.775892e-07 2.904148e-07
8.475000e-10 2.761670e-07 2.889333e-07
8.480000e-10 2.747520e-07 2.874592e-07
8.485000e-10 2.733441e-07 2.859926e-07
8.490000e-10 2.719433e-07 2.845333e-07
8.495000e-10 2.705497e-07 2.830813e-07
8.500000e-10 2.691631e-07 2.816367e-07
8.505000e-10 2.677834e-07 2.801993e-07
8.510000e-10 2.664108e-07 2.787691e-07
8.515000e-10 2.650451e-07 2.773461e-07
8.520000e-10 2.636864e-07 2.759303e-07
8.525000e-10 2.623345e-07 2.745217e-07
8.530000e-10 2.609894e-07 2.731201e-07
8.535000e-10 2.596512e-07 2.717255e-07
8.540000e-10 2.583197e-07 2.703380e-07
8.545000e-10 2.569950e-07 2.689574e-07
8.550000e-10 2.556769e-07 2.675838e-07
8.555000e-10 2.543656e-07 2.662172e-07
8.560000e-10 2.530608e-07 2.648573e-07
8.565000e-10 2.517627e-07 2.635044e-07
8.570000e-10 2.504712e-07 2.621582e-07
8.575000e-10 2.491862e-07 2.608189e-07
8.580000e-10 2.479077e-07 2.594863e-07
8.585000e-10 2.466357e-07 2.581604e-07
8.590000e-10 2.453701e-07 2.568411e-07
8.595000e-10 2.441110e-07 2.555285e-07
8.600000e-10 2.428582e-07 2.542226e-07
8.605000e-10 2.416118e-07 2.529232e-07
8.610000e-10 2.403717e-07 2.516303e-07
8.615000e-10 2.391378e-07 2.503440e-07
8.620000e-10 2.379102e-07 2.490642e-07
8.625000e-10 2.366889e-07 2.477908e-07
8.630000e-10 2.354737e-07 2.465238e-07
8.635000e-10 2.342647e-07 2.452632e-07
8.640000e-10 2.330619e-07 2.440090e-07
8.645000e-10 2.318651e-07 2.427611e-07
8.650000e-10 2.306744e-07 2.415195e-07
8.655000e-10 2.294897e-07 2.402841e-07
8.660000e-10 2.283111e-07 2.390550e-07
8.665000e-10 2.271384e-07 2.378321e-07
8.670000e-10 2.259717e-07 2.366154e-07
8.675000e-10 2.248109e-07 2.354048e-07
8.680000e-10 2.236559e-07 2.342003e-07
8.685000e-10 2.225069e-07 2.330018e-07
8.690000e-10 2.213637e-07 2.318095e-07
8.695000e-10 2.202262e-07 2.306231e-07
8.700000e-10 2.190946e-07 2.294428e-07
8.705000e-10 2.179687e-07 2.282684e-07
8.710000e-10 2.168485e-07 2.270999e-07
8.715000e-10 2.157340e-07 2.259373e-07
8.720000e-10 2.146251e-07 2.247806e-07
8.725000e-10 2.135219e-07 2.236297e-07
8.730000e-10 2.124243e-07 2.224847e-07
8.735000e-10 2.113322e-07 2.213454e-07
8.740000e-10 2.102457e-07 2.202119e-07
8.745000e-10 2.091648e-07 2.190841e-07
8.750000e-10 2.080893e-07 2.179621e-07
8.755000e-10 2.070193e-07 2.168456e-07
8.760000e-10 2.059547e-07 2.157349e-07
8.765000e-10 2.048955e-07 2.146297e-07
8.770000e-10 2.038417e-07 2.135302e-07
8.775000e-10 2.027933e-07 2.124361e-07
8.780000e-10 2.017502e-07 2.113477e-07
8.785000e-10 2.007123e-07 2.102647e-07
8.790000e-10 1.996798e-07 2.091872e-07
8.795000e-10 1.986525e-07 2.081151e-07
8.800000e-10 1.976305e-07 2.070485e-07
8.805000e-10 1.966136e-07 2.059873e-07
8.810000e-10 1.956019e-07 2.049314e-07
8.815000e-10 1.945954e-07 2.038809e-07
8.820000e-10 1.935939e-07 2.028357e-07
8.825000e-10 1.925976e-07 2.017957e-07
8.830000e-10 1.916063e-07 2.007611e-07
8.835000e-10 1.906201e-07 1.997317e-07
8.840000e-10 1.896389e-07 1.987075e-07
8.845000e-10 1.886627e-07 1.976884e-07
8.850000e-10 1.876914e-07 1.966746e-07
8.855000e-10 1.867251e-07 1.956658e-07
8.860000e-10 1.857637e-07 1.946622e-07
8.865000e-10 1.848072e-07 1.936636e-07
8.870000e-10 1.838556e-07 1.926702e-07
8.875000e-10 1.829088e-07 1.916817e-07
8.880000e-10 1.819668e-07 1.906982e-07
8.885000e-10 1.810296e-07 1.897198e-07
8.890000e-10 1.800972e-07 1.887463e-07
8.895000e-10 1.791696e-07 1.877777e-07
8.900000e-10 1.782466e-07 1.868140e-07
8.905000e-10 1.773284e-07 1.858552e-07
8.910000e-10 1.764149e-07 1.849013e-07
8.915000e-10 1.755060e-07 1.839522e-07
8.920000e-10 1.746017e-07 1.830079e-07
8.925000e-10 1.737020e-07 1.820684e-07
8.930000e-10 1.728069e-07 1.811336e-07
8.935000e-10 1.719164e-07 1.802036e-07
8.940000e-10 1.710304e-07 1.792784e-07
8.945000e-10 1.701490e-07 1.783578e-07
8.950000e-10 1.692720e-07 1.774418e-07
8.955000e-10 1.683995e-07 1.765306e-07
8.960000e-10 1.675314e-07 1.756239e-07
8.965000e-10 1.666678e-07 1.747218e-07
8.970000e-10 1.658085e-07 1.738244e-07
8.975000e-10 1.649537e-07 1.729314e-07
8.980000e-10 1.641032e-07 1.720430e-07
8.985000e-10 1.632570e-07 1.711591e-07
8.990000e-10 1.624152e-07 1.702797e-07
8.995000e-10 1.615776e-07 1.694048e-07
9.000000e-10 1.607444e-07 1.685343e-07
9.005000e-10 1.599153e-07 1.676682e-07
9.010000e-10 1.590905e-07 1.668065e-07
9.015000e-10 1.582699e-07 1.659492e-07
9.020000e-10 1.574535e-07 1.650962e-07
9.025000e-10 1.566413e-07 1.642476e-07
9.030000e-10 1.558332e-07 1.634033e-07
9.035000e-10 1.550292e-07 1.625633e-07
9.040000e-10 1.542293e-07 1.617275e-07
9.045000e-10 1.534335e-07 1.608960e-07
9.050000e-10 1.526418e-07 1.600687e-07
9.055000e-10 1.518541e-07 1.592456e-07
9.060000e-10 1.510705e-07 1.584267e-07
9.065000e-10 1.502908e-07 1.576119e-07
9.070000e-10 1.495151e-07 1.568013e-07
9.075000e-10 1.487434e-07 1.559948e-07
9.080000e-10 1.479756e-07 1.551924e-07
9.085000e-10 1.472117e-07 1.543941e-07
9.090000e-10 1.464518e-07 1.535999e-07
9.095000e-10 1.456957e-07 1.528096e-07
9.100000e-10 1.449435e-07 1.520234e-07
9.105000e-10 1.441951e-07 1.512412e-07
9.110000e-10 1.434505e-07 1.504630e-07
9.115000e-10 1.427098e-07 1.496887e-07
9.120000e-10 1.419728e-07 1.489184e-07
9.125000e-10 1.412396e-07 1.481520e-07
9.130000e-10 1.405101e-07 1.473895e-07
9.135000e-10 1.397844e-07 1.466308e-07
9.140000e-10 1.390624e-07 1.458761e-07
9.145000e-10 1.383441e-07 1.451251e-07
9.150000e-10 1.376294e-07 1.443780e-07
9.155000e-10 1.369184e-07 1.436347e-07
9.160000e-10 1.362110e-07 1.428951e-07
9.165000e-10 1.355073e-07 1.421594e-07
9.170000e-10 1.348071e-07 1.414274e-07
9.175000e-10 1.341105e-07 1.406991e-07
9.180000e-10 1.334175e-07 1.399745e-07
9.185000e-10 1.327281e-07 1.392536e-07
9.190000e-10 1.320421e-07 1.385363e-07
9.195000e-10 1.313597e-07 1.378227e-07
9.200000e-10 1.306807e-07 1.371128e-07
9.205000e-10 1.300053e-07 1.364065e-07
9.210000e-10 1.293332e-07 1.357037e-07
9.215000e-10 1.286647e-07 1.350046e-07
9.220000e-10 1.279995e-07 1.343090e-07
9.225000e-10 1.273377e-07 1.336169e-07
9.230000e-10 1.266794e-07 1.329284e-07
9.235000e-10 1.260244e-07 1.322434e-07
9.240000e-10 1.253727e-07 1.315619e-07
9.245000e-10 1.247244e-07 1.308838e-07
9.250000e-10 1.240794e-07 1.302092e-07
9.255000e-10 1.234377e-07 1.295381e-07
9.260000e-10 1.227993e-07 1.288703e-07
9.265000e-10 1.221642e-07 1.282060e-07
9.270000e-10 1.215323e-07 1.275450e-07
9.275000e-10 1.209036e-07 1.268874e-07
9.280000e-10 1.202782e-07 1.262332e-07
9.285000e-10 1.196560e-07 1.255823e-07
9.290000e-10 1.190369e-07 1.249348e-07
9.295000e-10 1.184211e-07 1.242905e-07
9.300000e-10 1.178083e-07 1.236495e-07
9.305000e-10 1.171988e-07 1.230118e-07
9.310000e-10 1.165923e-07 1.223773e-07
9.315000e-10 1.159890e-07 1.217461e-07
9.320000e-10 1.153887e-07 1.211181e-07
9.325000e-10 1.147915e-07 1.204933e-07
9.330000e-10 1.141974e-07 1.198717e-07
9.335000e-10 1.136063e-07 1.192532e-07
9.340000e-10 1.130183e-07 1.186379e-07
9.345000e-10 1.124332e-07 1.180258e-07
9.350000e-10 1.118512e-07 1.174168e-07
9.355000e-10 1.112721e-07 1.168109e-07
9.360000e-10 1.106960e-07 1.162080e-07
9.365000e-10 1.101229e-07 1.156083e-07
9.370000e-10 1.095527e-07 1.150116e-07
9.375000e-10 1.089854e-07 1.144180e-07
9.380000e-10 1.084211e-07 1.138274e-07
9.385000e-10 1.078596e-07 1.132398e-07
9.390000e-10 1.073010e-07 1.126552e-07
9.395000e-10 1.067453e-07 1.120736e-07
9.400000e-10 1.061924e-07 1.114950e-07
9.405000e-10 1.056424e-07 1.109193e-07
9.410000e-10 1.050952e-07 1.103466e-07
9.415000e-10 1.045508e-07 1.097767e-07
9.420000e-10 1.040091e-07 1.092098e-07
9.425000e-10 1.034703e-07 1.086458e-07
9.430000e-10 1.029342e-07 1.080847e-07
9.435000e-10 1.024009e-07 1.075265e-07
9.440000e-10 1.018703e-07 1.069711e-07
9.445000e-10 1.013424e-07 1.064185e-07
9.450000e-10 1.008173e-07 1.058688e-07
9.455000e-10 1.002948e-07 1.053218e-07
9.460000e-10 9.977505e-08 1.047777e-07
9.465000e-10 9.925794e-08 1.042364e-07
9.470000e-10 9.874349e-08 1.036978e-07
9.475000e-10 9.823168e-08 1.031620e-07
9.480000e-10 9.772249e-08 1.026289e-07
9.485000e-10 9.721592e-08 1.020985e-07
9.490000e-10 9.671195e-08 1.015709e-07
9.495000e-10 9.621056e-08 1.010459e-07
9.500000e-10 9.571176e-08 1.005236e-07
9.505000e-10 9.521551e-08 1.000040e-07
9.510000e-10 9.472181e-08 9.948711e-08
9.515000e-10 9.423065e-08 9.897281e-08
9.520000e-10 9.374201e-08 9.846115e-08
9.525000e-10 9.325589e-08 9.795211e-08
9.530000e-10 9.277225e-08 9.744567e-08
9.535000e-10 9.229111e-08 9.694183e-08
9.540000e-10 9.181243e-08 9.644056e-08
9.545000e-10 9.133622e-08 9.594186e-08
9.550000e-10 9.086245e-08 9.544571e-08
9.555000e-10 9.039112e-08 9.495210e-08
9.560000e-10 8.992221e-08 9.446102e-08
9.565000e-10 8.945571e-08 9.397245e-08
9.570000e-10 8.899161e-08 9.348638e-08
9.575000e-10 8.852989e-08 9.300280e-08
9.580000e-10 8.807055e-08 9.252170e-08
9.585000e-10 8.761357e-08 9.204306e-08
9.590000e-10 8.715893e-08 9.156687e-08
9.595000e-10 8.670664e-08 9.109312e-08
9.600000e-10 8.625667e-08 9.062180e-08
9.605000e-10 8.580901e-08 9.015289e-08
9.610000e-10 8.536366e-08 8.968639e-08
9.615000e-10 8.492060e-08 8.922227e-08
9.620000e-10 8.447981e-08 8.876053e-08
9.625000e-10 8.404130e-08 8.830116e-08
9.630000e-10 8.360504e-08 8.784414e-08
9.635000e-10 8.317102e-08 8.738947e-08
9.640000e-10 8.273923e-08 8.693712e-08
9.645000e-10 8.230967e-08 8.648709e-08
9.650000e-10 8.188232e-08 8.603937e-08
9.655000e-10 8.145716e-08 8.559394e-08
9.660000e-10 8.103420e-08 8.515080e-08
9.665000e-10 8.061341e-08 8.470993e-08
9.670000e-10 8.019478e-08 8.427132e-08
9.675000e-10 7.977831e-08 8.383495e-08
9.680000e-10 7.936399e-08 8.340083e-08
9.685000e-10 7.895179e-08 8.296893e-08
9.690000e-10 7.854172e-08 8.253924e-08
9.695000e-10 7.813376e-08 8.211176e-08
9.700000e-10 7.772790e-08 8.168647e-08
9.705000e-10 7.732413e-08 8.126337e-08
9.710000e-10 7.692244e-08 8.084243e-08
9.715000e-10 7.652281e-08 8.042365e-08
9.720000e-10 7.612525e-08 8.000703e-08
9.725000e-10 7.572973e-08 7.959253e-08
9.730000e-10 7.533625e-08 7.918017e-08
9.735000e-10 7.494479e-08 7.876992e-08
9.740000e-10 7.455535e-08 7.836178e-08
9.745000e-10 7.416792e-08 7.795573e-08
9.750000e-10 7.378248e-08 7.755176e-08
9.755000e-10 7.339903e-08 7.714987e-08
9.760000e-10 7.301756e-08 7.675004e-08
9.765000e-10 7.263804e-08 7.635227e-08
9.770000e-10 7.226049e-08 7.595653e-08
9.775000e-10 7.188488e-08 7.556283e-08
9.780000e-10 7.151120e-08 7.517115e-08
9.785000e-10 7.113945e-08 7.478148e-08
9.790000e-10 7.076962e-08 7.439381e-08
9.795000e-10 7.040169e-08 7.400813e-08
9.800000e-10 7.003566e-08 7.362443e-08
9.805000e-10 6.967152e-08 7.324270e-08
9.810000e-10 6.930925e-08 7.286293e-08
9.815000e-10 6.894885e-08 7.248512e-08
9.820000e-10 6.859031e-08 7.210924e-08
9.825000e-10 6.823362e-08 7.173530e-08
9.830000e-10 6.787877e-08 7.136327e-08
9.835000e-10 6.752574e-08 7.099316e-08
9.840000e-10 6.717454e-08 7.062495e-08
9.845000e-10 6.682514e-08 7.025863e-08
9.850000e-10 6.647755e-08 6.989419e-08
9.855000e-10 6.613176e-08 6.953163e-08
9.860000e-10 6.578774e-08 6.917093e-08
9.865000e-10 6.544550e-08 6.881208e-08
9.870000e-10 6.510503e-08 6.845508e-08
9.875000e-10 6.476631e-08 6.809992e-08
9.880000e-10 6.442934e-08 6.774658e-08
9.885000e-10 6.409410e-08 6.739505e-08
9.890000e-10 6.376060e-08 6.704533e-08
9.895000e-10 6.342882e-08 6.669741e-08
9.900000e-10 6.309875e-08 6.635128e-08
9.905000e-10 6.277038e-08 6.600693e-08
9.910000e-10 6.244371e-08 6.566435e-08
9.915000e-10 6.211872e-08 6.532354e-08
9.920000e-10 6.179541e-08 6.498447e-08
9.925000e-10 6.147377e-08 6.464715e-08
9.930000e-10 6.115379e-08 6.431157e-08
9.935000e-10 6.083547e-08 6.397771e-08
9.940000e-10 6.051878e-08 6.364556e-08
9.945000e-10 6.020373e-08 6.331513e-08
9.950000e-10 5.989031e-08 6.298640e-08
9.955000e-10 5.957850e-08 6.265936e-08
9.960000e-10 5.926831e-08 6.233400e-08
9.965000e-10 5.895971e-08 6.201031e-08
9.970000e-10 5.865271e-08 6.168830e-08
9.975000e-10 5.834730e-08 6.136793e-08
9.980000e-10 5.804346e-08 6.104922e-08
9.985000e-10 5.774119e-08 6.073215e-08
9.990000e-10 5.744049e-08 6.041671e-08
9.995000e-10 5.714133e-08 6.010289e-08
1.000000e-09 5.684373e-08 5.979069e-08
1.000500e-09 5.654766e-08 5.948010e-08
1.001000e-09 5.625311e-08 5.917111e-08
1.001500e-09 5.596010e-08 5.886370e-08
1.002000e-09 5.566859e-08 5.855788e-08
1.002500e-09 5.537859e-08 5.825364e-08
1.003000e-09 5.509009e-08 5.795096e-08
1.003500e-09 5.480308e-08 5.764984e-08
1.004000e-09 5.451755e-08 5.735027e-08
1.004500e-09 5.423350e-08 5.705225e-08
1.005000e-09 5.395092e-08 5.675576e-08
1.005500e-09 5.366980e-08 5.646079e-08
1.006000e-09 5.339013e-08 5.616735e-08
1.006500e-09 5.311191e-08 5.587542e-08
1.007000e-09 5.283512e-08 5.558499e-08
1.007500e-09 5.255977e-08 5.529606e-08
1.008000e-09 5.228584e-08 5.500862e-08
1.008500e-09 5.201333e-08 5.472266e-08
1.009000e-09 5.174222e-08 5.443817e-08
1.009500e-09 5.147252e-08 5.415515e-08
1.010000e-09 5.120421e-08 5.387359e-08
1.010500e-09 5.093729e-08 5.359348e-08
1.011000e-09 5.067175e-08 5.331481e-08
1.011500e-09 5.040758e-08 5.303758e-08
1.012000e-09 5.014478e-08 5.276178e-08
1.012500e-09 4.988334e-08 5.248740e-08
1.013000e-09 4.962325e-08 5.221443e-08
1.013500e-09 4.936451e-08 5.194288e-08
1.014000e-09 4.910710e-08 5.167272e-08
1.014500e-09 4.885103e-08 5.140396e-08
1.015000e-09 4.859628e-08 5.113658e-08
1.015500e-09 4.834285e-08 5.087058e-08
1.016000e-09 4.809073e-08 5.060595e-08
1.016500e-09 4.783992e-08 5.034269e-08
1.017000e-09 4.759040e-08 5.008079e-08
1.017500e-09 4.734218e-08 4.982024e-08
1.018000e-09 4.709524e-08 4.956103e-08
1.018500e-09 4.684958e-08 4.930316e-08
1.019000e-09 4.660519e-08 4.904662e-08
1.019500e-09 4.636206e-08 4.879140e-08
1.020000e-09 4.612020e-08 4.853750e-08
1.020500e-09 4.587958e-08 4.828491e-08
1.021000e-09 4.564021e-08 4.803362e-08
1.021500e-09 4.540208e-08 4.778363e-08
1.022000e-09 4.516519e-08 4.753493e-08
1.022500e-09 4.492952e-08 4.728752e-08
1.023000e-09 4.469507e-08 4.704138e-08
1.023500e-09 4.446183e-08 4.679651e-08
1.024000e-09 4.422980e-08 4.655291e-08
1.024500e-09 4.399898e-08 4.631056e-08
1.025000e-09 4.376935e-08 4.606947e-08
1.025500e-09 4.354091e-08 4.582962e-08
1.026000e-09 4.331365e-08 4.559100e-08
1.026500e-09 4.308757e-08 4.535363e-08
1.027000e-09 4.286266e-08 4.511747e-08
1.027500e-09 4.263891e-08 4.488254e-08
1.028000e-09 4.241633e-08 4.464882e-08
1.028500e-09 4.219490e-08 4.441630e-08
1.029000e-09 4.197461e-08 4.418499e-08
1.029500e-09 4.175547e-08 4.395487e-08
1.030000e-09 4.153746e-08 4.372594e-08
1.030500e-09 4.132058e-08 4.349820e-08
1.031000e-09 4.110483e-08 4.327163e-08
1.031500e-09 4.089019e-08 4.304623e-08
1.032000e-09 4.067667e-08 4.282199e-08
1.032500e-09 4.046425e-08 4.259892e-08
1.033000e-09 4.025294e-08 4.237699e-08
1.033500e-09 4.004272e-08 4.215622e-08
1.034000e-09 3.983359e-08 4.193658e-08
1.034500e-09 3.962554e-08 4.171808e-08
1.035000e-09 3.941857e-08 4.150071e-08
1.035500e-09 3.921268e-08 4.128446e-08
1.036000e-09 3.900785e-08 4.106933e-08
1.036500e-09 3.880409e-08 4.085531e-08
1.037000e-09 3.860138e-08 4.064240e-08
1.037500e-09 3.839972e-08 4.043059e-08
1.038000e-09 3.819911e-08 4.021988e-08
1.038500e-09 3.799954e-08 4.001025e-08
1.039000e-09 3.780100e-08 3.980171e-08
1.039500e-09 3.760349e-08 3.959424e-08
1.040000e-09 3.740701e-08 3.938785e-08
1.040500e-09 3.721155e-08 3.918253e-08
1.041000e-09 3.701710e-08 3.897827e-08
1.041500e-09 3.682366e-08 3.877506e-08
1.042000e-09 3.663122e-08 3.857291e-08
1.042500e-09 3.643978e-08 3.837180e-08
1.043000e-09 3.624934e-08 3.817173e-08
1.043500e-09 3.605988e-08 3.797270e-08
1.044000e-09 3.587141e-08 3.777469e-08
1.044500e-09 3.568391e-08 3.757772e-08
1.045000e-09 3.549739e-08 3.738176e-08
1.045500e-09 3.531184e-08 3.718681e-08
1.046000e-09 3.512724e-08 3.699287e-08
1.046500e-09 3.494361e-08 3.679994e-08
1.047000e-09 3.476093e-08 3.660800e-08
1.047500e-09 3.457920e-08 3.641706e-08
1.048000e-09 3.439841e-08 3.622711e-08
1.048500e-09 3.421856e-08 3.603814e-08
1.049000e-09 3.403964e-08 3.585014e-08
1.049500e-09 3.386165e-08 3.566313e-08
1.050000e-09 3.368459e-08 3.547707e-08
1.050500e-09 3.350844e-08 3.529199e-08
1.051000e-09 3.333321e-08 3.510786e-08
1.051500e-09 3.315889e-08 3.492468e-08
1.052000e-09 3.298548e-08 3.474245e-08
1.052500e-09 3.281296e-08 3.456117e-08
1.053000e-09 3.264134e-08 3.438082e-08
1.053500e-09 3.247062e-08 3.420141e-08
1.054000e-09 3.230078e-08 3.402293e-08
1.054500e-09 3.213182e-08 3.384537e-08
1.055000e-09 3.196374e-08 3.366873e-08
1.055500e-09 3.179653e-08 3.349300e-08
1.056000e-09 3.163019e-08 3.331819e-08
1.056500e-09 3.146472e-08 3.314428e-08
1.057000e-09 3.130010e-08 3.297128e-08
1.057500e-09 3.113634e-08 3.279916e-08
1.058000e-09 3.097343e-08 3.262795e-08
1.058500e-09 3.081137e-08 3.245761e-08
1.059000e-09 3.065015e-08 3.228816e-08
1.059500e-09 3.048976e-08 3.211959e-08
1.060000e-09 3.033021e-08 3.195189e-08
1.060500e-09 3.017149e-08 3.178506e-08
1.061000e-09 3.001360e-08 3.161910e-08
1.061500e-09 2.985652e-08 3.145399e-08
1.062000e-09 2.970027e-08 3.128975e-08
1.062500e-09 2.954482e-08 3.112635e-08
1.063000e-09 2.939018e-08 3.096380e-08
1.063500e-09 2.923635e-08 3.080209e-08
1.064000e-09 2.908331e-08 3.064122e-08
1.064500e-09 2.893107e-08 3.048118e-08
1.065000e-09 2.877963e-08 3.032198e-08
1.065500e-09 2.862897e-08 3.016360e-08
1.066000e-09 2.847909e-08 3.000604e-08
1.066500e-09 2.832999e-08 2.984930e-08
1.067000e-09 2.818167e-08 2.969337e-08
1.067500e-09 2.803412e-08 2.953825e-08
1.068000e-09 2.788733e-08 2.938393e-08
1.068500e-09 2.774131e-08 2.923041e-08
1.069000e-09 2.759605e-08 2.907769e-08
1.069500e-09 2.745155e-08 2.892576e-08
1.070000e-09 2.730779e-08 2.877462e-08
1.070500e-09 2.716479e-08 2.862427e-08
1.071000e-09 2.702252e-08 2.847469e-08
1.071500e-09 2.688100e-08 2.832589e-08
1.072000e-09 2.674022e-08 2.817786e-08
1.072500e-09 2.660016e-08 2.803060e-08
1.073000e-09 2.646084e-08 2.788411e-08
1.073500e-09 2.632224e-08 2.773837e-08
1.074000e-09 2.618436e-08 2.759339e-08
1.074500e-09 2.604720e-08 2.744916e-08
1.075000e-09 2.591075e-08 2.730568e-08
1.075500e-09 2.577501e-08 2.716295e-08
1.076000e-09 2.563998e-08 2.702096e-08
1.076500e-09 2.550565e-08 2.687970e-08
1.077000e-09 2.537202e-08 2.673918e-08
1.077500e-09 2.523909e-08 2.659938e-08
1.078000e-09 2.510685e-08 2.646031e-08
1.078500e-09 2.497529e-08 2.632197e-08
1.079000e-09 2.484442e-08 2.618434e-08
1.079500e-09 2.471424e-08 2.604742e-08
1.080000e-09 2.458473e-08 2.591122e-08
1.080500e-09 2.445589e-08 2.577573e-08
1.081000e-09 2.432773e-08 2.564093e-08
1.081500e-09 2.420023e-08 2.550684e-08
1.082000e-09 2.407339e-08 2.537344e-08
1.082500e-09 2.394722e-08 2.524074e-08
1.083000e-09 2.382170e-08 2.510873e-08
1.083500e-09 2.369684e-08 2.497740e-08
1.084000e-09 2.357263e-08 2.484675e-08
1.084500e-09 2.344906e-08 2.471678e-08
1.085000e-09 2.332614e-08 2.458749e-08
1.085500e-09 2.320386e-08 2.445887e-08
1.086000e-09 2.308221e-08 2.433092e-08
1.086500e-09 2.296120e-08 2.420363e-08
1.087000e-09 2.284082e-08 2.407700e-08
1.087500e-09 2.272107e-08 2.395103e-08
1.088000e-09 2.260194e-08 2.382572e-08
1.088500e-09 2.248343e-08 2.370105e-08
1.089000e-09 2.236553e-08 2.357704e-08
1.089500e-09 2.224826e-08 2.345366e-08
1.090000e-09 2.213159e-08 2.333093e-08
1.090500e-09 2.201553e-08 2.320884e-08
1.091000e-09 2.190007e-08 2.308738e-08
1.091500e-09 2.178522e-08 2.296656e-08
1.092000e-09 2.167097e-08 2.284636e-08
1.092500e-09 2.155731e-08 2.272678e-08
1.093000e-09 2.144424e-08 2.260783e-08
1.093500e-09 2.133177e-08 2.248950e-08
1.094000e-09 2.121987e-08 2.237178e-08
1.094500e-09 2.110857e-08 2.225467e-08
1.095000e-09 2.099784e-08 2.213817e-08
1.095500e-09 2.088769e-08 2.202228e-08
1.096000e-09 2.077811e-08 2.190699e-08
1.096500e-09 2.066911e-08 2.179230e-08
1.097000e-09 2.056067e-08 2.167821e-08
1.097500e-09 2.045280e-08 2.156471e-08
1.098000e-09 2.034549e-08 2.145179e-08
1.098500e-09 2.023874e-08 2.133947e-08
1.099000e-09 2.013255e-08 2.122773e-08
1.099500e-09 2.002691e-08 2.111657e-08
1.100000e-09 1.992182e-08 2.100599e-08
1.100500e-09 1.981728e-08 2.089599e-08
1.101000e-09 1.971328e-08 2.078656e-08
1.101500e-09 1.960983e-08 2.067769e-08
1.102000e-09 1.950692e-08 2.056940e-08
1.102500e-09 1.940454e-08 2.046166e-08
1.103000e-09 1.930270e-08 2.035449e-08
1.103500e-09 1.920139e-08 2.024788e-08
1.104000e-09 1.910060e-08 2.014181e-08
1.104500e-09 1.900035e-08 2.003631e-08
1.105000e-09 1.890061e-08 1.993135e-08
1.105500e-09 1.880140e-08 1.982693e-08
1.106000e-09 1.870270e-08 1.972306e-08
1.106500e-09 1.860452e-08 1.961973e-08
1.107000e-09 1.850685e-08 1.951694e-08
1.107500e-09 1.840969e-08 1.941468e-08
1.108000e-09 1.831304e-08 1.931296e-08
1.108500e-09 1.821689e-08 1.921176e-08
1.109000e-09 1.812124e-08 1.911110e-08
1.109500e-09 1.802610e-08 1.901095e-08
1.110000e-09 1.793145e-08 1.891133e-08
1.110500e-09 1.783729e-08 1.881222e-08
1.111000e-09 1.774362e-08 1.871363e-08
1.111500e-09 1.765045e-08 1.861556e-08
1.112000e-09 1.755776e-08 1.851800e-08
1.112500e-09 1.746555e-08 1.842094e-08
1.113000e-09 1.737382e-08 1.832439e-08
1.113500e-09 1.728258e-08 1.822834e-08
1.114000e-09 1.719181e-08 1.813279e-08
1.114500e-09 1.710151e-08 1.803774e-08
1.115000e-09 1.701169e-08 1.794318e-08
1.115500e-09 1.692233e-08 1.784912e-08
1.116000e-09 1.683344e-08 1.775555e-08
1.116500e-09 1.674502e-08 1.766246e-08
1.117000e-09 1.665705e-08 1.756986e-08
1.117500e-09 1.656955e-08 1.747774e-08
1.118000e-09 1.648250e-08 1.738610e-08
1.118500e-09 1.639591e-08 1.729494e-08
1.119000e-09 1.630977e-08 1.720426e-08
1.119500e-09 1.622408e-08 1.711404e-08
1.120000e-09 1.613884e-08 1.702430e-08
1.120500e-09 1.605404e-08 1.693502e-08
1.121000e-09 1.596968e-08 1.684621e-08
1.121500e-09 1.588577e-08 1.675786e-08
1.122000e-09 1.580229e-08 1.666998e-08
1.122500e-09 1.571925e-08 1.658255e-08
1.123000e-09 1.563665e-08 1.649557e-08
1.123500e-09 1.555447e-08 1.640905e-08
1.124000e-09 1.547273e-08 1.632298e-08
1.124500e-09 1.539141e-08 1.623736e-08
1.125000e-09 1.531052e-08 1.615218e-08
1.125500e-09 1.523005e-08 1.606745e-08
1.126000e-09 1.515000e-08 1.598316e-08
1.126500e-09 1.507036e-08 1.589931e-08
1.127000e-09 1.499115e-08 1.581590e-08
1.127500e-09 1.491235e-08 1.573292e-08
1.128000e-09 1.483396e-08 1.565038e-08
1.128500e-09 1.475598e-08 1.556826e-08
1.129000e-09 1.467840e-08 1.548657e-08
1.129500e-09 1.460124e-08 1.540531e-08
1.130000e-09 1.452447e-08 1.532448e-08
1.130500e-09 1.444811e-08 1.524406e-08
1.131000e-09 1.437215e-08 1.516406e-08
1.131500e-09 1.429658e-08 1.508448e-08
1.132000e-09 1.422141e-08 1.500532e-08
1.132500e-09 1.414663e-08 1.492657e-08
1.133000e-09 1.407224e-08 1.484823e-08
1.133500e-09 1.399824e-08 1.477030e-08
1.134000e-09 1.392463e-08 1.469277e-08
1.134500e-09 1.385141e-08 1.461565e-08
1.135000e-09 1.377856e-08 1.453893e-08
1.135500e-09 1.370610e-08 1.446261e-08
1.136000e-09 1.363402e-08 1.438669e-08
1.136500e-09 1.356231e-08 1.431117e-08
1.137000e-09 1.349098e-08 1.423604e-08
1.137500e-09 1.342002e-08 1.416130e-08
1.138000e-09 1.334943e-08 1.408695e-08
1.138500e-09 1.327921e-08 1.401299e-08
1.139000e-09 1.320936e-08 1.393942e-08
1.139500e-09 1.313987e-08 1.386623e-08
1.140000e-09 1.307075e-08 1.379342e-08
1.140500e-09 1.300199e-08 1.372099e-08
1.141000e-09 1.293359e-08 1.364894e-08
1.141500e-09 1.286554e-08 1.357727e-08
1.142000e-09 1.279786e-08 1.350597e-08
1.142500e-09 1.273052e-08 1.343504e-08
1.143000e-09 1.266354e-08 1.336448e-08
1.143500e-09 1.259691e-08 1.329429e-08
1.144000e-09 1.253063e-08 1.322447e-08
1.144500e-09 1.246469e-08 1.315501e-08
1.145000e-09 1.239910e-08 1.308591e-08
1.145500e-09 1.233385e-08 1.301718e-08
1.146000e-09 1.226895e-08 1.294880e-08
1.146500e-09 1.220438e-08 1.288078e-08
1.147000e-09 1.214015e-08 1.281312e-08
1.147500e-09 1.207626e-08 1.274581e-08
1.148000e-09 1.201270e-08 1.267885e-08
1.148500e-09 1.194948e-08 1.261224e-08
1.149000e-09 1.188659e-08 1.254598e-08
1.149500e-09 1.182402e-08 1.248006e-08
1.150000e-09 1.176178e-08 1.241449e-08
1.150500e-09 1.169987e-08 1.234926e-08
1.151000e-09 1.163828e-08 1.228437e-08
1.151500e-09 1.157702e-08 1.221982e-08
1.152000e-09 1.151607e-08 1.215561e-08
1.152500e-09 1.145545e-08 1.209173e-08
1.153000e-09 1.139514e-08 1.202819e-08
1.153500e-09 1.133515e-08 1.196498e-08
1.154000e-09 1.127547e-08 1.190210e-08
1.154500e-09 1.121611e-08 1.183955e-08
1.155000e-09 1.115705e-08 1.177732e-08
1.155500e-09 1.109830e-08 1.171542e-08
1.156000e-09 1.103987e-08 1.165384e-08
1.156500e-09 1.098174e-08 1.159259e-08
1.157000e-09 1.092391e-08 1.153165e-08
1.157500e-09 1.086638e-08 1.147104e-08
1.158000e-09 1.080916e-08 1.141074e-08
1.158500e-09 1.075224e-08 1.135075e-08
1.159000e-09 1.069561e-08 1.129108e-08
1.159500e-09 1.063928e-08 1.123172e-08
1.160000e-09 1.058325e-08 1.117267e-08
1.160500e-09 1.052751e-08 1.111393e-08
1.161000e-09 1.047206e-08 1.105550e-08
1.161500e-09 1.041690e-08 1.099737e-08
1.162000e-09 1.036203e-08 1.093955e-08
1.162500e-09 1.030745e-08 1.088202e-08
1.163000e-09 1.025316e-08 1.082480e-08
1.163500e-09 1.019915e-08 1.076788e-08
1.164000e-09 1.014542e-08 1.071126e-08
1.164500e-09 1.009197e-08 1.065493e-08
1.165000e-09 1.003881e-08 1.059889e-08
1.165500e-09 9.985917e-09 1.054315e-08
1.166000e-09 9.933307e-09 1.048770e-08
1.166500e-09 9.880972e-09 1.043254e-08
1.167000e-09 9.828911e-09 1.037767e-08
1.167500e-09 9.777123e-09 1.032309e-08
1.168000e-09 9.725607e-09 1.026879e-08
1.168500e-09 9.674361e-09 1.021478e-08
1.169000e-09 9.623383e-09 1.016105e-08
1.169500e-09 9.572672e-09 1.010759e-08
1.170000e-09 9.522228e-09 1.005442e-08
1.170500e-09 9.472047e-09 1.000153e-08
1.171000e-09 9.422130e-09 9.948913e-09
1.171500e-09 9.372475e-09 9.896572e-09
1.172000e-09 9.323079e-09 9.844504e-09
1.172500e-09 9.273943e-09 9.792709e-09
1.173000e-09 9.225064e-09 9.741185e-09
1.173500e-09 9.176442e-09 9.689931e-09
1.174000e-09 9.128074e-09 9.638944e-09
1.174500e-09 9.079960e-09 9.588225e-09
1.175000e-09 9.032099e-09 9.537771e-09
1.175500e-09 8.984488e-09 9.487580e-09
1.176000e-09 8.937127e-09 9.437653e-09
1.176500e-09 8.890015e-09 9.387987e-09
1.177000e-09 8.843149e-09 9.338580e-09
1.177500e-09 8.796529e-09 9.289433e-09
1.178000e-09 8.750154e-09 9.240542e-09
1.178500e-09 8.704022e-09 9.191907e-09
1.179000e-09 8.658132e-09 9.143527e-09
1.179500e-09 8.612483e-09 9.095400e-09
1.180000e-09 8.567073e-09 9.047525e-09
1.180500e-09 8.521901e-09 8.999901e-09
1.181000e-09 8.476966e-09 8.952526e-09
1.181500e-09 8.432267e-09 8.905399e-09
1.182000e-09 8.387802e-09 8.858519e-09
1.182500e-09 8.343571e-09 8.811884e-09
1.183000e-09 8.299572e-09 8.765493e-09
1.183500e-09 8.255803e-09 8.719345e-09
1.184000e-09 8.212265e-09 8.673439e-09
1.184500e-09 8.168954e-09 8.627773e-09
1.185000e-09 8.125871e-09 8.582346e-09
1.185500e-09 8.083014e-09 8.537158e-09
1.186000e-09 8.040382e-09 8.492205e-09
1.186500e-09 7.997974e-09 8.447489e-09
1.187000e-09 7.955788e-09 8.403006e-09
1.187500e-09 7.913823e-09 8.358756e-09
1.188000e-09 7.872079e-09 8.314738e-09
1.188500e-09 7.830554e-09 8.270951e-09
1.189000e-09 7.789246e-09 8.227393e-09
1.189500e-09 7.748156e-09 8.184063e-09
1.190000e-09 7.707281e-09 8.140960e-09
1.190500e-09 7.666621e-09 8.098083e-09
1.191000e-09 7.626174e-09 8.055431e-09
1.191500e-09 7.585940e-09 8.013002e-09
1.192000e-09 7.545916e-09 7.970795e-09
1.192500e-09 7.506103e-09 7.928809e-09
1.193000e-09 7.466499e-09 7.887044e-09
1.193500e-09 7.427103e-09 7.845497e-09
1.194000e-09 7.387913e-09 7.804168e-09
1.194500e-09 7.348930e-09 7.763055e-09
1.195000e-09 7.310151e-09 7.722158e-09
1.195500e-09 7.271575e-09 7.681475e-09
1.196000e-09 7.233202e-09 7.641005e-09
1.196500e-09 7.195031e-09 7.600748e-09
1.197000e-09 7.157060e-09 7.560701e-09
1.197500e-09 7.119289e-09 7.520864e-09
1.198000e-09 7.081715e-09 7.481236e-09
1.198500e-09 7.044339e-09 7.441816e-09
1.199000e-09 7.007160e-09 7.402602e-09
1.199500e-09 6.970176e-09 7.363594e-09
1.200000e-09 6.933386e-09 7.324791e-09
