0.000000e+00 0 0
5.000000e-13 0 0
1.000000e-12 0 0
1.500000e-12 0 0
2.000000e-12 0 0
2.500000e-12 0 0
3.000000e-12 0 0
3.500000e-12 0 0
4.000000e-12 0 0
4.500000e-12 0 0
5.000000e-12 0 0
5.500000e-12 0 0
6.000000e-12 0 0
6.500000e-12 0 0
7.000000e-12 0 0
7.500000e-12 0 0
8.000000e-12 0 0
8.500000e-12 0 0
9.000000e-12 0 0
9.500000e-12 0 0
1.000000e-11 0 0
1.050000e-11 0 0
1.100000e-11 0 0
1.150000e-11 0 0
1.200000e-11 0 0
1.250000e-11 0 0
1.300000e-11 0 0
1.350000e-11 0 0
1.400000e-11 0 0
1.450000e-11 0 0
1.500000e-11 0 0
1.550000e-11 0 0
1.600000e-11 0 0
1.650000e-11 0 0
1.700000e-11 0 0
1.750000e-11 0 0
1.800000e-11 0 0
1.850000e-11 0 0
1.900000e-11 0 0
1.950000e-11 0 0
2.000000e-11 0 0
2.050000e-11 0 0
2.100000e-11 0 0
2.150000e-11 0 0
2.200000e-11 0 0
2.250000e-11 0 0
2.300000e-11 0 0
2.350000e-11 0 0
2.400000e-11 0 0
2.450000e-11 0 0
2.500000e-11 0 0
2.550000e-11 0 0
2.600000e-11 0 0
2.650000e-11 0 0
2.700000e-11 0 0
2.750000e-11 0 0
2.800000e-11 0 0
2.850000e-11 0 0
2.900000e-11 0 0
2.950000e-11 0 0
3.000000e-11 0 0
3.050000e-11 0 0
3.100000e-11 0 0
3.150000e-11 0 0
3.200000e-11 0 0
3.250000e-11 0 0
3.300000e-11 0 0
3.350000e-11 0 0
3.400000e-11 0 0
3.450000e-11 0 0
3.500000e-11 0 0
3.550000e-11 0 0
3.600000e-11 0 0
3.650000e-11 0 0
3.700000e-11 0 0
3.750000e-11 0 0
3.800000e-11 0 0
3.850000e-11 0 0
3.900000e-11 0 0
3.950000e-11 0 0
4.000000e-11 0 0
4.050000e-11 0 0
4.100000e-11 0 0
4.150000e-11 0 0
4.200000e-11 0 0
4.250000e-11 0 0
4.300000e-11 0 0
4.350000e-11 0 0
4.400000e-11 0 0
4.450000e-11 0 0
4.500000e-11 0 0
4.550000e-11 0 0
4.600000e-11 0 0
4.650000e-11 0 0
4.700000e-11 0 0
4.750000e-11 0 0
4.800000e-11 0 0
4.850000e-11 0 0
4.900000e-11 0 0
4.950000e-11 0 0
5.000000e-11 0 0
5.050000e-11 0 0
5.100000e-11 0 0
5.150000e-11 0 0
5.200000e-11 0 0
5.250000e-11 0 0
5.300000e-11 0 0
5.350000e-11 0 0
5.400000e-11 0 0
5.450000e-11 0 0
5.500000e-11 0 0
5.550000e-11 0 0
5.600000e-11 0 0
5.650000e-11 0 0
5.700000e-11 0 0
5.750000e-11 0 0
5.800000e-11 0 0
5.850000e-11 0 0
5.900000e-11 0 0
5.950000e-11 0 0
6.000000e-11 0 0
6.050000e-11 0 0
6.100000e-11 0 0
6.150000e-11 0 0
6.200000e-11 0 0
6.250000e-11 0 0
6.300000e-11 0 0
6.350000e-11 0 0
6.400000e-11 0 0
6.450000e-11 0 0
6.500000e-11 0 0
6.550000e-11 0 0
6.600000e-11 0 0
6.650000e-11 0 0
6.700000e-11 0 0
6.750000e-11 0 0
6.800000e-11 0 0
6.850000e-11 0 0
6.900000e-11 0 0
6.950000e-11 0 0
7.000000e-11 0 0
7.050000e-11 0 0
7.100000e-11 0 0
7.150000e-11 0 0
7.200000e-11 0 0
7.250000e-11 0 0
7.300000e-11 0 0
7.350000e-11 0 0
7.400000e-11 0 0
7.450000e-11 0 0
7.500000e-11 0 0
7.550000e-11 0 0
7.600000e-11 0 0
7.650000e-11 0 0
7.700000e-11 0 0
7.750000e-11 0 0
7.800000e-11 0 0
7.850000e-11 0 0
7.900000e-11 0 0
7.950000e-11 0 0
8.000000e-11 0 0
8.050000e-11 0 0
8.100000e-11 0 0
8.150000e-11 0 0
8.200000e-11 0 0
8.250000e-11 0 0
8.300000e-11 0 0
8.350000e-11 0 0
8.400000e-11 0 0
8.450000e-11 0 0
8.500000e-11 0 0
8.550000e-11 0 0
8.600000e-11 0 0
8.650000e-11 0 0
8.700000e-11 0 0
8.750000e-11 0 0
8.800000e-11 0 0
8.850000e-11 0 0
8.900000e-11 0 0
8.950000e-11 0 0
9.000000e-11 0 0
9.050000e-11 0 0
9.100000e-11 0 0
9.150000e-11 0 0
9.200000e-11 0 0
9.250000e-11 0 0
9.300000e-11 0 0
9.350000e-11 0 0
9.400000e-11 0 0
9.450000e-11 0 0
9.500000e-11 0 0
9.550000e-11 0 0
9.600000e-11 0 0
9.650000e-11 0 0
9.700000e-11 0 0
9.750000e-11 0 0
9.800000e-11 0 0
9.850000e-11 0 0
9.900000e-11 0 0
9.950000e-11 0 0
1.000000e-10 0 0
1.005000e-10 0 0
1.010000e-10 0 0
1.015000e-10 0 0
1.020000e-10 0 0
1.025000e-10 0 0
1.030000e-10 0 0
1.035000e-10 0 0
1.040000e-10 0 0
1.045000e-10 0 0
1.050000e-10 0 0
1.055000e-10 0 0
1.060000e-10 0 0
1.065000e-10 0 0
1.070000e-10 0 0
1.075000e-10 0 0
1.080000e-10 0 0
1.085000e-10 0 0
1.090000e-10 0 0
1.095000e-10 0 0
1.100000e-10 0 0
1.105000e-10 0 0
1.110000e-10 0 0
1.115000e-10 0 0
1.120000e-10 0 0
1.125000e-10 0 0
1.130000e-10 0 0
1.135000e-10 0 0
1.140000e-10 0 0
1.145000e-10 0 0
1.150000e-10 0 0
1.155000e-10 0 0
1.160000e-10 0 0
1.165000e-10 0 0
1.170000e-10 0 0
1.175000e-10 0 0
1.180000e-10 0 0
1.185000e-10 0 0
1.190000e-10 0 0
1.195000e-10 0 0
1.200000e-10 0 0
1.205000e-10 0 0
1.210000e-10 0 0
1.215000e-10 0 0
1.220000e-10 0 0
1.225000e-10 0 0
1.230000e-10 0 0
1.235000e-10 0 0
1.240000e-10 0 0
1.245000e-10 0 0
1.250000e-10 0 0
1.255000e-10 0 0
1.260000e-10 0 0
1.265000e-10 0 0
1.270000e-10 0 0
1.275000e-10 0 0
1.280000e-10 0 0
1.285000e-10 0 0
1.290000e-10 0 0
1.295000e-10 0 0
1.300000e-10 0 0
1.305000e-10 0 0
1.310000e-10 0 0
1.315000e-10 0 0
1.320000e-10 0 0
1.325000e-10 0 0
1.330000e-10 0 0
1.335000e-10 0 0
1.340000e-10 0 0
1.345000e-10 0 0
1.350000e-10 0 0
1.355000e-10 0 0
1.360000e-10 0 0
1.365000e-10 0 0
1.370000e-10 0 0
1.375000e-10 0 0
1.380000e-10 0 0
1.385000e-10 0 0
1.390000e-10 0 0
1.395000e-10 0 0
1.400000e-10 0 0
1.405000e-10 0 0
1.410000e-10 0 0
1.415000e-10 0 0
1.420000e-10 0 0
1.425000e-10 0 0
1.430000e-10 0 0
1.435000e-10 0 0
1.440000e-10 0 0
1.445000e-10 0 0
1.450000e-10 0 0
1.455000e-10 0 0
1.460000e-10 0 0
1.465000e-10 0 0
1.470000e-10 0 0
1.475000e-10 0 0
1.480000e-10 0 0
1.485000e-10 0 0
1.490000e-10 0 0
1.495000e-10 0 0
1.500000e-10 0 0
1.505000e-10 0 0
1.510000e-10 0 0
1.515000e-10 0 0
1.520000e-10 0 0
1.525000e-10 0 0
1.530000e-10 0 0
1.535000e-10 0 0
1.540000e-10 0 0
1.545000e-10 0 0
1.550000e-10 0 0
1.555000e-10 0 0
1.560000e-10 0 0
1.565000e-10 0 0
1.570000e-10 0 0
1.575000e-10 0 0
1.580000e-10 0 0
1.585000e-10 0 0
1.590000e-10 0 0
1.595000e-10 0 0
1.600000e-10 0 0
1.605000e-10 0 0
1.610000e-10 0 0
1.615000e-10 0 0
1.620000e-10 0 0
1.625000e-10 0 0
1.630000e-10 0 0
1.635000e-10 0 0
1.640000e-10 0 0
1.645000e-10 0 0
1.650000e-10 0 0
1.655000e-10 0 0
1.660000e-10 0 0
1.665000e-10 0 0
1.670000e-10 0 0
1.675000e-10 0 0
1.680000e-10 0 0
1.685000e-10 0 0
1.690000e-10 0 0
1.695000e-10 0 0
1.700000e-10 0 0
1.705000e-10 0 0
1.710000e-10 0 0
1.715000e-10 0 0
1.720000e-10 0 0
1.725000e-10 0 0
1.730000e-10 0 0
1.735000e-10 0 0
1.740000e-10 0 0
1.745000e-10 0 0
1.750000e-10 0 0
1.755000e-10 0 0
1.760000e-10 0 0
1.765000e-10 0 0
1.770000e-10 0 0
1.775000e-10 0 0
1.780000e-10 0 0
1.785000e-10 0 0
1.790000e-10 0 0
1.795000e-10 0 0
1.800000e-10 0 0
1.805000e-10 0 0
1.810000e-10 0 0
1.815000e-10 0 0
1.820000e-10 0 0
1.825000e-10 0 0
1.830000e-10 0 0
1.835000e-10 0 0
1.840000e-10 0 0
1.845000e-10 0 0
1.850000e-10 0 0
1.855000e-10 0 0
1.860000e-10 0 0
1.865000e-10 0 0
1.870000e-10 0 0
1.875000e-10 0 0
1.880000e-10 0 0
1.885000e-10 0 0
1.890000e-10 0 0
1.895000e-10 0 0
1.900000e-10 0 0
1.905000e-10 0 0
1.910000e-10 0 0
1.915000e-10 0 0
1.920000e-10 0 0
1.925000e-10 0 0
1.930000e-10 0 0
1.935000e-10 0 0
1.940000e-10 0 0
1.945000e-10 0 0
1.950000e-10 0 0
1.955000e-10 0 0
1.960000e-10 0 0
1.965000e-10 0 0
1.970000e-10 0 0
1.975000e-10 0 0
1.980000e-10 0 0
1.985000e-10 0 0
1.990000e-10 0 0
1.995000e-10 0 0
2.000000e-10 0 0
2.005000e-10 0 0
2.010000e-10 0 0
2.015000e-10 0 0
2.020000e-10 0 0
2.025000e-10 0 0
2.030000e-10 0 0
2.035000e-10 0 0
2.040000e-10 0 0
2.045000e-10 0 0
2.050000e-10 0 0
2.055000e-10 0 0
2.060000e-10 0 0
2.065000e-10 0 0
2.070000e-10 0 0
2.075000e-10 0 0
2.080000e-10 0 0
2.085000e-10 0 0
2.090000e-10 0 0
2.095000e-10 0 0
2.100000e-10 0 0
2.105000e-10 0 0
2.110000e-10 0 0
2.115000e-10 0 0
2.120000e-10 0 0
2.125000e-10 0 0
2.130000e-10 0 0
2.135000e-10 0 0
2.140000e-10 0 0
2.145000e-10 0 0
2.150000e-10 0 0
2.155000e-10 0 0
2.160000e-10 0 0
2.165000e-10 0 0
2.170000e-10 0 0
2.175000e-10 0 0
2.180000e-10 0 0
2.185000e-10 0 0
2.190000e-10 0 0
2.195000e-10 0 0
2.200000e-10 0 0
2.205000e-10 0 0
2.210000e-10 0 0
2.215000e-10 0 0
2.220000e-10 0 0
2.225000e-10 0 0
2.230000e-10 0 0
2.235000e-10 0 0
2.240000e-10 0 0
2.245000e-10 0 0
2.250000e-10 0 0
2.255000e-10 0 0
2.260000e-10 0 0
2.265000e-10 0 0
2.270000e-10 0 0
2.275000e-10 0 0
2.280000e-10 0 0
2.285000e-10 0 0
2.290000e-10 0 0
2.295000e-10 0 0
2.300000e-10 0 0
2.305000e-10 0 0
2.310000e-10 0 0
2.315000e-10 0 0
2.320000e-10 0 0
2.325000e-10 0 0
2.330000e-10 0 0
2.335000e-10 0 0
2.340000e-10 0 0
2.345000e-10 0 0
2.350000e-10 0 0
2.355000e-10 0 0
2.360000e-10 0 0
2.365000e-10 0 0
2.370000e-10 0 0
2.375000e-10 0 0
2.380000e-10 0 0
2.385000e-10 0 0
2.390000e-10 0 0
2.395000e-10 0 0
2.400000e-10 0 0
2.405000e-10 0 0
2.410000e-10 0 0
2.415000e-10 0 0
2.420000e-10 0 0
2.425000e-10 0 0
2.430000e-10 0 0
2.435000e-10 0 0
2.440000e-10 0 0
2.445000e-10 0 0
2.450000e-10 0 0
2.455000e-10 0 0
2.460000e-10 0 0
2.465000e-10 0 0
2.470000e-10 0 0
2.475000e-10 0 0
2.480000e-10 0 0
2.485000e-10 0 0
2.490000e-10 0 0
2.495000e-10 0 0
2.505000e-10 0.000000e+00 0
2.510000e-10 6.505214e-06 0
2.515000e-10 9.148794e-06 0
2.520000e-10 1.114286e-05 0
2.525000e-10 1.279538e-05 0
2.530000e-10 1.422642e-05 0
2.535000e-10 1.549792e-05 0
2.540000e-10 1.664693e-05 0
2.545000e-10 1.769772e-05 0
2.550000e-10 1.866727e-05 0
2.555000e-10 1.956802e-05 0
2.560000e-10 2.040941e-05 0
2.565000e-10 2.119884e-05 0
2.570000e-10 2.194221e-05 0
2.575000e-10 2.264435e-05 0
2.580000e-10 2.330927e-05 0
2.585000e-10 2.394034e-05 0
2.590000e-10 2.454043e-05 0
2.595000e-10 2.511199e-05 0
2.600000e-10 2.565718e-05 0
2.605000e-10 2.617788e-05 0
2.610000e-10 2.667573e-05 0
2.615000e-10 2.715221e-05 0
2.620000e-10 2.760864e-05 0
2.625000e-10 2.804620e-05 0
2.630000e-10 2.846595e-05 0
2.635000e-10 2.886886e-05 0
2.640000e-10 2.925580e-05 0
2.645000e-10 2.962760e-05 0
2.650000e-10 2.998497e-05 0
2.655000e-10 3.032861e-05 0
2.660000e-10 3.065914e-05 0
2.665000e-10 3.097715e-05 0
2.670000e-10 3.128316e-05 0
2.675000e-10 3.157769e-05 0
2.680000e-10 3.186121e-05 0
2.685000e-10 3.213414e-05 0
2.690000e-10 3.239691e-05 0
2.695000e-10 3.264989e-05 0
2.700000e-10 3.289346e-05 0
2.705000e-10 3.312794e-05 0
2.710000e-10 3.335367e-05 0
2.715000e-10 3.357095e-05 0
2.720000e-10 3.378006e-05 0
2.725000e-10 3.398129e-05 0
2.730000e-10 3.417488e-05 0
2.735000e-10 3.436109e-05 0
2.740000e-10 3.454014e-05 0
2.745000e-10 3.471228e-05 0
2.750000e-10 3.487769e-05 0
2.755000e-10 3.503660e-05 0
2.760000e-10 3.518919e-05 0
2.765000e-10 3.533566e-05 0
2.770000e-10 3.547617e-05 0
2.775000e-10 3.561089e-05 0
2.780000e-10 3.574000e-05 0
2.785000e-10 3.586365e-05 0
2.790000e-10 3.598199e-05 0
2.795000e-10 3.609516e-05 0
2.800000e-10 3.620331e-05 0
2.805000e-10 3.630656e-05 0.000000e+00
2.810000e-10 3.640505e-05 3.717265e-06
2.815000e-10 3.649891e-05 5.227882e-06
2.820000e-10 3.658824e-05 6.367349e-06
2.825000e-10 3.667317e-05 7.311648e-06
2.830000e-10 3.675382e-05 8.129382e-06
2.835000e-10 3.683028e-05 8.855956e-06
2.840000e-10 3.690266e-05 9.512531e-06
2.845000e-10 3.697107e-05 1.011298e-05
2.850000e-10 3.703560e-05 1.066701e-05
2.855000e-10 3.709634e-05 1.118173e-05
2.860000e-10 3.715339e-05 1.166252e-05
2.865000e-10 3.720684e-05 1.211362e-05
2.870000e-10 3.725677e-05 1.253840e-05
2.875000e-10 3.730327e-05 1.293963e-05
2.880000e-10 3.734642e-05 1.331959e-05
2.885000e-10 3.738629e-05 1.368020e-05
2.890000e-10 3.742296e-05 1.402310e-05
2.895000e-10 3.745651e-05 1.434971e-05
2.900000e-10 3.748702e-05 1.466125e-05
2.905000e-10 3.751453e-05 1.495879e-05
2.910000e-10 3.753914e-05 1.524327e-05
2.915000e-10 3.756090e-05 1.551555e-05
2.920000e-10 3.757988e-05 1.577637e-05
2.925000e-10 3.759614e-05 1.602640e-05
2.930000e-10 3.760974e-05 1.626626e-05
2.935000e-10 3.762074e-05 1.649649e-05
2.940000e-10 3.762920e-05 1.671760e-05
2.945000e-10 3.763517e-05 1.693006e-05
2.950000e-10 3.763872e-05 1.713427e-05
2.955000e-10 3.763989e-05 1.733064e-05
2.960000e-10 3.763874e-05 1.751951e-05
2.965000e-10 3.763531e-05 1.770123e-05
2.970000e-10 3.762966e-05 1.787609e-05
2.975000e-10 3.762184e-05 1.804440e-05
2.980000e-10 3.761189e-05 1.820640e-05
2.985000e-10 3.759986e-05 1.836237e-05
2.990000e-10 3.758579e-05 1.851252e-05
2.995000e-10 3.756974e-05 1.865708e-05
3.000000e-10 3.755173e-05 1.879626e-05
3.005000e-10 3.753182e-05 1.893025e-05
3.010000e-10 3.751004e-05 1.905924e-05
3.015000e-10 3.748644e-05 1.918340e-05
3.020000e-10 3.746105e-05 1.930289e-05
3.025000e-10 3.743392e-05 1.941788e-05
3.030000e-10 3.740508e-05 1.952850e-05
3.035000e-10 3.737456e-05 1.963491e-05
3.040000e-10 3.734240e-05 1.973723e-05
3.045000e-10 3.730865e-05 1.983559e-05
3.050000e-10 3.727333e-05 1.993011e-05
3.055000e-10 3.723647e-05 2.002092e-05
3.060000e-10 3.719811e-05 2.010811e-05
3.065000e-10 3.715829e-05 2.019180e-05
3.070000e-10 3.711702e-05 2.027209e-05
3.075000e-10 3.707435e-05 2.034908e-05
3.080000e-10 3.703031e-05 2.042286e-05
3.085000e-10 3.698492e-05 2.049352e-05
3.090000e-10 3.693821e-05 2.056114e-05
3.095000e-10 3.689021e-05 2.062581e-05
3.100000e-10 3.684096e-05 2.068760e-05
3.105000e-10 3.679047e-05 2.074661e-05
3.110000e-10 3.673877e-05 2.080289e-05
3.115000e-10 3.668589e-05 2.085652e-05
3.120000e-10 3.663186e-05 2.090757e-05
3.125000e-10 3.657670e-05 2.095610e-05
3.130000e-10 3.652044e-05 2.100218e-05
3.135000e-10 3.646309e-05 2.104587e-05
3.140000e-10 3.640469e-05 2.108723e-05
3.145000e-10 3.634525e-05 2.112632e-05
3.150000e-10 3.628481e-05 2.116320e-05
3.155000e-10 3.622337e-05 2.119791e-05
3.160000e-10 3.616097e-05 2.123051e-05
3.165000e-10 3.609763e-05 2.126105e-05
3.170000e-10 3.603336e-05 2.128958e-05
3.175000e-10 3.596819e-05 2.131615e-05
3.180000e-10 3.590214e-05 2.134081e-05
3.185000e-10 3.583523e-05 2.136359e-05
3.190000e-10 3.576747e-05 2.138455e-05
3.195000e-10 3.569890e-05 2.140372e-05
3.200000e-10 3.562951e-05 2.142115e-05
3.205000e-10 3.555935e-05 2.143688e-05
3.210000e-10 3.548841e-05 2.145094e-05
3.215000e-10 3.541673e-05 2.146337e-05
3.220000e-10 3.534431e-05 2.147422e-05
3.225000e-10 3.527118e-05 2.148351e-05
3.230000e-10 3.519735e-05 2.149128e-05
3.235000e-10 3.512284e-05 2.149756e-05
3.240000e-10 3.504767e-05 2.150240e-05
3.245000e-10 3.497185e-05 2.150581e-05
3.250000e-10 3.489540e-05 2.150784e-05
3.255000e-10 3.481833e-05 2.150851e-05
3.260000e-10 3.474065e-05 2.150785e-05
3.265000e-10 3.466240e-05 2.150589e-05
3.270000e-10 3.458356e-05 2.150266e-05
3.275000e-10 3.450417e-05 2.149819e-05
3.280000e-10 3.442424e-05 2.149251e-05
3.285000e-10 3.434378e-05 2.148563e-05
3.290000e-10 3.426280e-05 2.147760e-05
3.295000e-10 3.418132e-05 2.146842e-05
3.300000e-10 3.409935e-05 2.145813e-05
3.305000e-10 3.401690e-05 2.144675e-05
3.310000e-10 3.393399e-05 2.143431e-05
3.315000e-10 3.385063e-05 2.142082e-05
3.320000e-10 3.376684e-05 2.140632e-05
3.325000e-10 3.368261e-05 2.139081e-05
3.330000e-10 3.359797e-05 2.137433e-05
3.335000e-10 3.351293e-05 2.135689e-05
3.340000e-10 3.342749e-05 2.133852e-05
3.345000e-10 3.334168e-05 2.131923e-05
3.350000e-10 3.325550e-05 2.129904e-05
3.355000e-10 3.316895e-05 2.127798e-05
3.360000e-10 3.308207e-05 2.125606e-05
3.365000e-10 3.299484e-05 2.123331e-05
3.370000e-10 3.290729e-05 2.120973e-05
3.375000e-10 3.281942e-05 2.118535e-05
3.380000e-10 3.273125e-05 2.116018e-05
3.385000e-10 3.264278e-05 2.113424e-05
3.390000e-10 3.255403e-05 2.110755e-05
3.395000e-10 3.246500e-05 2.108012e-05
3.400000e-10 3.237570e-05 2.105198e-05
3.405000e-10 3.228614e-05 2.102312e-05
3.410000e-10 3.219633e-05 2.099358e-05
3.415000e-10 3.210628e-05 2.096337e-05
3.420000e-10 3.201601e-05 2.093249e-05
3.425000e-10 3.192551e-05 2.090097e-05
3.430000e-10 3.183479e-05 2.086882e-05
3.435000e-10 3.174387e-05 2.083605e-05
3.440000e-10 3.165275e-05 2.080268e-05
3.445000e-10 3.156144e-05 2.076872e-05
3.450000e-10 3.146995e-05 2.073418e-05
3.455000e-10 3.137828e-05 2.069907e-05
3.460000e-10 3.128645e-05 2.066341e-05
3.465000e-10 3.119446e-05 2.062722e-05
3.470000e-10 3.110232e-05 2.059049e-05
3.475000e-10 3.101004e-05 2.055325e-05
3.480000e-10 3.091761e-05 2.051551e-05
3.485000e-10 3.082506e-05 2.047727e-05
3.490000e-10 3.073239e-05 2.043856e-05
3.495000e-10 3.063959e-05 2.039937e-05
3.500000e-10 3.054669e-05 2.035972e-05
3.505000e-10 3.045369e-05 2.031963e-05
3.510000e-10 3.036059e-05 2.027909e-05
3.515000e-10 3.026740e-05 2.023813e-05
3.520000e-10 3.017413e-05 2.019675e-05
3.525000e-10 3.008077e-05 2.015496e-05
3.530000e-10 2.998735e-05 2.011277e-05
3.535000e-10 2.989386e-05 2.007020e-05
3.540000e-10 2.980032e-05 2.002724e-05
3.545000e-10 2.970671e-05 1.998391e-05
3.550000e-10 2.961306e-05 1.994023e-05
3.555000e-10 2.951937e-05 1.989619e-05
3.560000e-10 2.942564e-05 1.985180e-05
3.565000e-10 2.933188e-05 1.980708e-05
3.570000e-10 2.923809e-05 1.976204e-05
3.575000e-10 2.914428e-05 1.971667e-05
3.580000e-10 2.905045e-05 1.967100e-05
3.585000e-10 2.895662e-05 1.962502e-05
3.590000e-10 2.886277e-05 1.957874e-05
3.595000e-10 2.876893e-05 1.953218e-05
3.600000e-10 2.867509e-05 1.948534e-05
3.605000e-10 2.858126e-05 1.943823e-05
3.610000e-10 2.848744e-05 1.939085e-05
3.615000e-10 2.839363e-05 1.934322e-05
3.620000e-10 2.829985e-05 1.929533e-05
3.625000e-10 2.820610e-05 1.924721e-05
3.630000e-10 2.811237e-05 1.919884e-05
3.635000e-10 2.801868e-05 1.915024e-05
3.640000e-10 2.792503e-05 1.910142e-05
3.645000e-10 2.783142e-05 1.905239e-05
3.650000e-10 2.773786e-05 1.900314e-05
3.655000e-10 2.764435e-05 1.895369e-05
3.660000e-10 2.755090e-05 1.890404e-05
3.665000e-10 2.745750e-05 1.885420e-05
3.670000e-10 2.736417e-05 1.880417e-05
3.675000e-10 2.727090e-05 1.875396e-05
3.680000e-10 2.717770e-05 1.870357e-05
3.685000e-10 2.708457e-05 1.865302e-05
3.690000e-10 2.699153e-05 1.860230e-05
3.695000e-10 2.689856e-05 1.855143e-05
3.700000e-10 2.680567e-05 1.850040e-05
3.705000e-10 2.671288e-05 1.844922e-05
3.710000e-10 2.662017e-05 1.839790e-05
3.715000e-10 2.652755e-05 1.834645e-05
3.720000e-10 2.643504e-05 1.829486e-05
3.725000e-10 2.634262e-05 1.824315e-05
3.730000e-10 2.625030e-05 1.819131e-05
3.735000e-10 2.615809e-05 1.813935e-05
3.740000e-10 2.606599e-05 1.808728e-05
3.745000e-10 2.597400e-05 1.803511e-05
3.750000e-10 2.588213e-05 1.798283e-05
3.755000e-10 2.579037e-05 1.793045e-05
3.760000e-10 2.569873e-05 1.787797e-05
3.765000e-10 2.560721e-05 1.782541e-05
3.770000e-10 2.551582e-05 1.777275e-05
3.775000e-10 2.542456e-05 1.772002e-05
3.780000e-10 2.533343e-05 1.766721e-05
3.785000e-10 2.524242e-05 1.761432e-05
3.790000e-10 2.515156e-05 1.756136e-05
3.795000e-10 2.506083e-05 1.750834e-05
3.800000e-10 2.497024e-05 1.745525e-05
3.805000e-10 2.487979e-05 1.740211e-05
3.810000e-10 2.478949e-05 1.734891e-05
3.815000e-10 2.469933e-05 1.729566e-05
3.820000e-10 2.460933e-05 1.724236e-05
3.825000e-10 2.451947e-05 1.718901e-05
3.830000e-10 2.442976e-05 1.713563e-05
3.835000e-10 2.434022e-05 1.708221e-05
3.840000e-10 2.425082e-05 1.702875e-05
3.845000e-10 2.416159e-05 1.697526e-05
3.850000e-10 2.407252e-05 1.692175e-05
3.855000e-10 2.398361e-05 1.686821e-05
3.860000e-10 2.389486e-05 1.681465e-05
3.865000e-10 2.380628e-05 1.676107e-05
3.870000e-10 2.371787e-05 1.670748e-05
3.875000e-10 2.362963e-05 1.665387e-05
3.880000e-10 2.354156e-05 1.660026e-05
3.885000e-10 2.345366e-05 1.654664e-05
3.890000e-10 2.336594e-05 1.649301e-05
3.895000e-10 2.327840e-05 1.643939e-05
3.900000e-10 2.319103e-05 1.638577e-05
3.905000e-10 2.310384e-05 1.633215e-05
3.910000e-10 2.301683e-05 1.627853e-05
3.915000e-10 2.293001e-05 1.622493e-05
3.920000e-10 2.284337e-05 1.617134e-05
3.925000e-10 2.275691e-05 1.611777e-05
3.930000e-10 2.267064e-05 1.606421e-05
3.935000e-10 2.258456e-05 1.601068e-05
3.940000e-10 2.249867e-05 1.595716e-05
3.945000e-10 2.241297e-05 1.590367e-05
3.950000e-10 2.232746e-05 1.585021e-05
3.955000e-10 2.224215e-05 1.579677e-05
3.960000e-10 2.215702e-05 1.574337e-05
3.965000e-10 2.207210e-05 1.569000e-05
3.970000e-10 2.198737e-05 1.563667e-05
3.975000e-10 2.190284e-05 1.558337e-05
3.980000e-10 2.181850e-05 1.553011e-05
3.985000e-10 2.173437e-05 1.547690e-05
3.990000e-10 2.165044e-05 1.542373e-05
3.995000e-10 2.156671e-05 1.537060e-05
4.000000e-10 2.148318e-05 1.531753e-05
4.005000e-10 2.139985e-05 1.526450e-05
4.010000e-10 2.131674e-05 1.521152e-05
4.015000e-10 2.123382e-05 1.515860e-05
4.020000e-10 2.115112e-05 1.510574e-05
4.025000e-10 2.106862e-05 1.505293e-05
4.030000e-10 2.098632e-05 1.500017e-05
4.035000e-10 2.090424e-05 1.494748e-05
4.040000e-10 2.082237e-05 1.489485e-05
4.045000e-10 2.074071e-05 1.484229e-05
4.050000e-10 2.065926e-05 1.478979e-05
4.055000e-10 2.057802e-05 1.473735e-05
4.060000e-10 2.049699e-05 1.468499e-05
4.065000e-10 2.041618e-05 1.463269e-05
4.070000e-10 2.033558e-05 1.458047e-05
4.075000e-10 2.025520e-05 1.452832e-05
4.080000e-10 2.017503e-05 1.447624e-05
4.085000e-10 2.009508e-05 1.442424e-05
4.090000e-10 2.001535e-05 1.437232e-05
4.095000e-10 1.993583e-05 1.432047e-05
4.100000e-10 1.985653e-05 1.426871e-05
4.105000e-10 1.977745e-05 1.421702e-05
4.110000e-10 1.969858e-05 1.416542e-05
4.115000e-10 1.961994e-05 1.411390e-05
4.120000e-10 1.954152e-05 1.406247e-05
4.125000e-10 1.946331e-05 1.401113e-05
4.130000e-10 1.938533e-05 1.395987e-05
4.135000e-10 1.930757e-05 1.390869e-05
4.140000e-10 1.923003e-05 1.385761e-05
4.145000e-10 1.915271e-05 1.380662e-05
4.150000e-10 1.907561e-05 1.375572e-05
4.155000e-10 1.899874e-05 1.370492e-05
4.160000e-10 1.892209e-05 1.365421e-05
4.165000e-10 1.884566e-05 1.360359e-05
4.170000e-10 1.876946e-05 1.355307e-05
4.175000e-10 1.869347e-05 1.350265e-05
4.180000e-10 1.861772e-05 1.345232e-05
4.185000e-10 1.854219e-05 1.340209e-05
4.190000e-10 1.846688e-05 1.335197e-05
4.195000e-10 1.839180e-05 1.330194e-05
4.200000e-10 1.831694e-05 1.325202e-05
4.205000e-10 1.824231e-05 1.320219e-05
4.210000e-10 1.816790e-05 1.315248e-05
4.215000e-10 1.809372e-05 1.310286e-05
4.220000e-10 1.801977e-05 1.305335e-05
4.225000e-10 1.794604e-05 1.300395e-05
4.230000e-10 1.787253e-05 1.295465e-05
4.235000e-10 1.779926e-05 1.290546e-05
4.240000e-10 1.772621e-05 1.285638e-05
4.245000e-10 1.765338e-05 1.280741e-05
4.250000e-10 1.758079e-05 1.275855e-05
4.255000e-10 1.750842e-05 1.270980e-05
4.260000e-10 1.743627e-05 1.266116e-05
4.265000e-10 1.736436e-05 1.261263e-05
4.270000e-10 1.729267e-05 1.256421e-05
4.275000e-10 1.722120e-05 1.251591e-05
4.280000e-10 1.714997e-05 1.246772e-05
4.285000e-10 1.707896e-05 1.241964e-05
4.290000e-10 1.700818e-05 1.237168e-05
4.295000e-10 1.693762e-05 1.232383e-05
4.300000e-10 1.686729e-05 1.227610e-05
4.305000e-10 1.679719e-05 1.222849e-05
4.310000e-10 1.672731e-05 1.218099e-05
4.315000e-10 1.665767e-05 1.213361e-05
4.320000e-10 1.658825e-05 1.208635e-05
4.325000e-10 1.651905e-05 1.203921e-05
4.330000e-10 1.645008e-05 1.199219e-05
4.335000e-10 1.638134e-05 1.194528e-05
4.340000e-10 1.631282e-05 1.189850e-05
4.345000e-10 1.624454e-05 1.185183e-05
4.350000e-10 1.617647e-05 1.180529e-05
4.355000e-10 1.610864e-05 1.175887e-05
4.360000e-10 1.604102e-05 1.171257e-05
4.365000e-10 1.597364e-05 1.166639e-05
4.370000e-10 1.590648e-05 1.162033e-05
4.375000e-10 1.583955e-05 1.157440e-05
4.380000e-10 1.577284e-05 1.152859e-05
4.385000e-10 1.570635e-05 1.148290e-05
4.390000e-10 1.564009e-05 1.143734e-05
4.395000e-10 1.557406e-05 1.139190e-05
4.400000e-10 1.550825e-05 1.134659e-05
4.405000e-10 1.544266e-05 1.130140e-05
4.410000e-10 1.537730e-05 1.125633e-05
4.415000e-10 1.531217e-05 1.121139e-05
4.420000e-10 1.524725e-05 1.116658e-05
4.425000e-10 1.518256e-05 1.112189e-05
4.430000e-10 1.511809e-05 1.107733e-05
4.435000e-10 1.505385e-05 1.103290e-05
4.440000e-10 1.498983e-05 1.098859e-05
4.445000e-10 1.492603e-05 1.094440e-05
4.450000e-10 1.486245e-05 1.090035e-05
4.455000e-10 1.479910e-05 1.085642e-05
4.460000e-10 1.473597e-05 1.081262e-05
4.465000e-10 1.467305e-05 1.076895e-05
4.470000e-10 1.461036e-05 1.072540e-05
4.475000e-10 1.454789e-05 1.068199e-05
4.480000e-10 1.448564e-05 1.063870e-05
4.485000e-10 1.442361e-05 1.059554e-05
4.490000e-10 1.436180e-05 1.055250e-05
4.495000e-10 1.430021e-05 1.050960e-05
4.500000e-10 1.423884e-05 1.046682e-05
4.505000e-10 1.417769e-05 1.042418e-05
4.510000e-10 1.411676e-05 1.038166e-05
4.515000e-10 1.405604e-05 1.033927e-05
4.520000e-10 1.399554e-05 1.029701e-05
4.525000e-10 1.393526e-05 1.025488e-05
4.530000e-10 1.387520e-05 1.021288e-05
4.535000e-10 1.381535e-05 1.017100e-05
4.540000e-10 1.375572e-05 1.012926e-05
4.545000e-10 1.369631e-05 1.008765e-05
4.550000e-10 1.363711e-05 1.004616e-05
4.555000e-10 1.357813e-05 1.000481e-05
4.560000e-10 1.351936e-05 9.963584e-06
4.565000e-10 1.346081e-05 9.922489e-06
4.570000e-10 1.340247e-05 9.881523e-06
4.575000e-10 1.334434e-05 9.840687e-06
4.580000e-10 1.328643e-05 9.799981e-06
4.585000e-10 1.322873e-05 9.759404e-06
4.590000e-10 1.317124e-05 9.718957e-06
4.595000e-10 1.311397e-05 9.678640e-06
4.600000e-10 1.305691e-05 9.638452e-06
4.605000e-10 1.300006e-05 9.598394e-06
4.610000e-10 1.294341e-05 9.558466e-06
4.615000e-10 1.288698e-05 9.518667e-06
4.620000e-10 1.283076e-05 9.478997e-06
4.625000e-10 1.277475e-05 9.439457e-06
4.630000e-10 1.271895e-05 9.400047e-06
4.635000e-10 1.266336e-05 9.360766e-06
4.640000e-10 1.260797e-05 9.321614e-06
4.645000e-10 1.255280e-05 9.282592e-06
4.650000e-10 1.249783e-05 9.243699e-06
4.655000e-10 1.244306e-05 9.204935e-06
4.660000e-10 1.238851e-05 9.166300e-06
4.665000e-10 1.233416e-05 9.127794e-06
4.670000e-10 1.228001e-05 9.089417e-06
4.675000e-10 1.222607e-05 9.051169e-06
4.680000e-10 1.217234e-05 9.013049e-06
4.685000e-10 1.211881e-05 8.975059e-06
4.690000e-10 1.206548e-05 8.937196e-06
4.695000e-10 1.201235e-05 8.899462e-06
4.700000e-10 1.195943e-05 8.861857e-06
4.705000e-10 1.190671e-05 8.824380e-06
4.710000e-10 1.185420e-05 8.787030e-06
4.715000e-10 1.180188e-05 8.749809e-06
4.720000e-10 1.174977e-05 8.712715e-06
4.725000e-10 1.169785e-05 8.675750e-06
4.730000e-10 1.164614e-05 8.638911e-06
4.735000e-10 1.159462e-05 8.602200e-06
4.740000e-10 1.154330e-05 8.565617e-06
4.745000e-10 1.149219e-05 8.529160e-06
4.750000e-10 1.144127e-05 8.492831e-06
4.755000e-10 1.139054e-05 8.456628e-06
4.760000e-10 1.134002e-05 8.420552e-06
4.765000e-10 1.128969e-05 8.384602e-06
4.770000e-10 1.123955e-05 8.348779e-06
4.775000e-10 1.118961e-05 8.313081e-06
4.780000e-10 1.113987e-05 8.277510e-06
4.785000e-10 1.109032e-05 8.242065e-06
4.790000e-10 1.104096e-05 8.206745e-06
4.795000e-10 1.099180e-05 8.171551e-06
4.800000e-10 1.094283e-05 8.136481e-06
4.805000e-10 1.089406e-05 8.101537e-06
4.810000e-10 1.084547e-05 8.066718e-06
4.815000e-10 1.079708e-05 8.032024e-06
4.820000e-10 1.074887e-05 7.997453e-06
4.825000e-10 1.070086e-05 7.963008e-06
4.830000e-10 1.065304e-05 7.928686e-06
4.835000e-10 1.060540e-05 7.894488e-06
4.840000e-10 1.055796e-05 7.860414e-06
4.845000e-10 1.051070e-05 7.826463e-06
4.850000e-10 1.046363e-05 7.792636e-06
4.855000e-10 1.041675e-05 7.758931e-06
4.860000e-10 1.037005e-05 7.725349e-06
4.865000e-10 1.032354e-05 7.691890e-06
4.870000e-10 1.027722e-05 7.658554e-06
4.875000e-10 1.023108e-05 7.625339e-06
4.880000e-10 1.018512e-05 7.592246e-06
4.885000e-10 1.013935e-05 7.559275e-06
4.890000e-10 1.009376e-05 7.526425e-06
4.895000e-10 1.004836e-05 7.493697e-06
4.900000e-10 1.000314e-05 7.461090e-06
4.905000e-10 9.958097e-06 7.428603e-06
4.910000e-10 9.913237e-06 7.396237e-06
4.915000e-10 9.868559e-06 7.363991e-06
4.920000e-10 9.824061e-06 7.331865e-06
4.925000e-10 9.779742e-06 7.299858e-06
4.930000e-10 9.735603e-06 7.267972e-06
4.935000e-10 9.691642e-06 7.236204e-06
4.940000e-10 9.647859e-06 7.204556e-06
4.945000e-10 9.604254e-06 7.173026e-06
4.950000e-10 9.560826e-06 7.141615e-06
4.955000e-10 9.517575e-06 7.110322e-06
4.960000e-10 9.474499e-06 7.079147e-06
4.965000e-10 9.431599e-06 7.048089e-06
4.970000e-10 9.388873e-06 7.017150e-06
4.975000e-10 9.346322e-06 6.986327e-06
4.980000e-10 9.303945e-06 6.955621e-06
4.985000e-10 9.261740e-06 6.925032e-06
4.990000e-10 9.219709e-06 6.894559e-06
4.995000e-10 9.177850e-06 6.864203e-06
5.000000e-10 9.136162e-06 6.833962e-06
5.005000e-10 9.094646e-06 6.803837e-06
5.010000e-10 9.053300e-06 6.773827e-06
5.015000e-10 9.012124e-06 6.743932e-06
5.020000e-10 8.971117e-06 6.714152e-06
5.025000e-10 8.930280e-06 6.684487e-06
5.030000e-10 8.889610e-06 6.654935e-06
5.035000e-10 8.849109e-06 6.625498e-06
5.040000e-10 8.808775e-06 6.596174e-06
5.045000e-10 8.768608e-06 6.566963e-06
5.050000e-10 8.728607e-06 6.537866e-06
5.055000e-10 8.688772e-06 6.508881e-06
5.060000e-10 8.649102e-06 6.480009e-06
5.065000e-10 8.609596e-06 6.451249e-06
5.070000e-10 8.570255e-06 6.422601e-06
5.075000e-10 8.531077e-06 6.394065e-06
5.080000e-10 8.492063e-06 6.365640e-06
5.085000e-10 8.453210e-06 6.337326e-06
5.090000e-10 8.414520e-06 6.309122e-06
5.095000e-10 8.375991e-06 6.281030e-06
5.100000e-10 8.337623e-06 6.253047e-06
5.105000e-10 8.299415e-06 6.225174e-06
5.110000e-10 8.261368e-06 6.197411e-06
5.115000e-10 8.223479e-06 6.169758e-06
5.120000e-10 8.185749e-06 6.142213e-06
5.125000e-10 8.148178e-06 6.114777e-06
5.130000e-10 8.110764e-06 6.087449e-06
5.135000e-10 8.073507e-06 6.060230e-06
5.140000e-10 8.036407e-06 6.033118e-06
5.145000e-10 7.999463e-06 6.006114e-06
5.150000e-10 7.962674e-06 5.979217e-06
5.155000e-10 7.926041e-06 5.952427e-06
5.160000e-10 7.889562e-06 5.925743e-06
5.165000e-10 7.853237e-06 5.899166e-06
5.170000e-10 7.817065e-06 5.872695e-06
5.175000e-10 7.781046e-06 5.846330e-06
5.180000e-10 7.745180e-06 5.820070e-06
5.185000e-10 7.709466e-06 5.793915e-06
5.190000e-10 7.673902e-06 5.767865e-06
5.195000e-10 7.638490e-06 5.741920e-06
5.200000e-10 7.603228e-06 5.716078e-06
5.205000e-10 7.568116e-06 5.690341e-06
5.210000e-10 7.533153e-06 5.664707e-06
5.215000e-10 7.498338e-06 5.639177e-06
5.220000e-10 7.463672e-06 5.613749e-06
5.225000e-10 7.429154e-06 5.588424e-06
5.230000e-10 7.394783e-06 5.563202e-06
5.235000e-10 7.360558e-06 5.538081e-06
5.240000e-10 7.326479e-06 5.513063e-06
5.245000e-10 7.292546e-06 5.488145e-06
5.250000e-10 7.258758e-06 5.463329e-06
5.255000e-10 7.225115e-06 5.438614e-06
5.260000e-10 7.191616e-06 5.413999e-06
5.265000e-10 7.158260e-06 5.389485e-06
5.270000e-10 7.125047e-06 5.365070e-06
5.275000e-10 7.091977e-06 5.340755e-06
5.280000e-10 7.059049e-06 5.316540e-06
5.285000e-10 7.026262e-06 5.292423e-06
5.290000e-10 6.993616e-06 5.268405e-06
5.295000e-10 6.961111e-06 5.244486e-06
5.300000e-10 6.928745e-06 5.220664e-06
5.305000e-10 6.896519e-06 5.196940e-06
5.310000e-10 6.864432e-06 5.173314e-06
5.315000e-10 6.832484e-06 5.149785e-06
5.320000e-10 6.800673e-06 5.126353e-06
5.325000e-10 6.769000e-06 5.103017e-06
5.330000e-10 6.737464e-06 5.079777e-06
5.335000e-10 6.706064e-06 5.056634e-06
5.340000e-10 6.674800e-06 5.033586e-06
5.345000e-10 6.643671e-06 5.010633e-06
5.350000e-10 6.612678e-06 4.987775e-06
5.355000e-10 6.581819e-06 4.965012e-06
5.360000e-10 6.551093e-06 4.942344e-06
5.365000e-10 6.520501e-06 4.919769e-06
5.370000e-10 6.490043e-06 4.897289e-06
5.375000e-10 6.459716e-06 4.874901e-06
5.380000e-10 6.429522e-06 4.852607e-06
5.385000e-10 6.399459e-06 4.830406e-06
5.390000e-10 6.369527e-06 4.808297e-06
5.395000e-10 6.339725e-06 4.786281e-06
5.400000e-10 6.310053e-06 4.764356e-06
5.405000e-10 6.280511e-06 4.742523e-06
5.410000e-10 6.251098e-06 4.720782e-06
5.415000e-10 6.221814e-06 4.699131e-06
5.420000e-10 6.192657e-06 4.677571e-06
5.425000e-10 6.163628e-06 4.656102e-06
5.430000e-10 6.134726e-06 4.634722e-06
5.435000e-10 6.105951e-06 4.613433e-06
5.440000e-10 6.077302e-06 4.592232e-06
5.445000e-10 6.048779e-06 4.571122e-06
5.450000e-10 6.020380e-06 4.550100e-06
5.455000e-10 5.992107e-06 4.529166e-06
5.460000e-10 5.963957e-06 4.508321e-06
5.465000e-10 5.935932e-06 4.487564e-06
5.470000e-10 5.908029e-06 4.466894e-06
5.475000e-10 5.880250e-06 4.446312e-06
5.480000e-10 5.852592e-06 4.425817e-06
5.485000e-10 5.825057e-06 4.405409e-06
5.490000e-10 5.797643e-06 4.385087e-06
5.495000e-10 5.770350e-06 4.364852e-06
5.500000e-10 5.743177e-06 4.344702e-06
5.505000e-10 5.716125e-06 4.324638e-06
5.510000e-10 5.689192e-06 4.304659e-06
5.515000e-10 5.662377e-06 4.284765e-06
5.520000e-10 5.635682e-06 4.264956e-06
5.525000e-10 5.609105e-06 4.245231e-06
5.530000e-10 5.582645e-06 4.225590e-06
5.535000e-10 5.556303e-06 4.206033e-06
5.540000e-10 5.530077e-06 4.186560e-06
5.545000e-10 5.503968e-06 4.167169e-06
5.550000e-10 5.477974e-06 4.147862e-06
5.555000e-10 5.452096e-06 4.128637e-06
5.560000e-10 5.426333e-06 4.109495e-06
5.565000e-10 5.400685e-06 4.090434e-06
5.570000e-10 5.375150e-06 4.071456e-06
5.575000e-10 5.349729e-06 4.052558e-06
5.580000e-10 5.324421e-06 4.033742e-06
5.585000e-10 5.299226e-06 4.015007e-06
5.590000e-10 5.274144e-06 3.996352e-06
5.595000e-10 5.249173e-06 3.977778e-06
5.600000e-10 5.224313e-06 3.959283e-06
5.605000e-10 5.199564e-06 3.940868e-06
5.610000e-10 5.174926e-06 3.922533e-06
5.615000e-10 5.150398e-06 3.904276e-06
5.620000e-10 5.125980e-06 3.886099e-06
5.625000e-10 5.101671e-06 3.868000e-06
5.630000e-10 5.077470e-06 3.849979e-06
5.635000e-10 5.053378e-06 3.832036e-06
5.640000e-10 5.029394e-06 3.814171e-06
5.645000e-10 5.005517e-06 3.796384e-06
5.650000e-10 4.981748e-06 3.778673e-06
5.655000e-10 4.958085e-06 3.761039e-06
5.660000e-10 4.934528e-06 3.743482e-06
5.665000e-10 4.911076e-06 3.726001e-06
5.670000e-10 4.887731e-06 3.708596e-06
5.675000e-10 4.864490e-06 3.691266e-06
5.680000e-10 4.841353e-06 3.674012e-06
5.685000e-10 4.818321e-06 3.656834e-06
5.690000e-10 4.795392e-06 3.639729e-06
5.695000e-10 4.772567e-06 3.622700e-06
5.700000e-10 4.749844e-06 3.605745e-06
5.705000e-10 4.727224e-06 3.588864e-06
5.710000e-10 4.704706e-06 3.572056e-06
5.715000e-10 4.682289e-06 3.555322e-06
5.720000e-10 4.659973e-06 3.538661e-06
5.725000e-10 4.637758e-06 3.522073e-06
5.730000e-10 4.615644e-06 3.505558e-06
5.735000e-10 4.593629e-06 3.489115e-06
5.740000e-10 4.571714e-06 3.472744e-06
5.745000e-10 4.549898e-06 3.456445e-06
5.750000e-10 4.528181e-06 3.440217e-06
5.755000e-10 4.506562e-06 3.424061e-06
5.760000e-10 4.485041e-06 3.407976e-06
5.765000e-10 4.463618e-06 3.391961e-06
5.770000e-10 4.442292e-06 3.376017e-06
5.775000e-10 4.421062e-06 3.360143e-06
5.780000e-10 4.399929e-06 3.344339e-06
5.785000e-10 4.378891e-06 3.328604e-06
5.790000e-10 4.357949e-06 3.312939e-06
5.795000e-10 4.337102e-06 3.297343e-06
5.800000e-10 4.316350e-06 3.281816e-06
5.805000e-10 4.295693e-06 3.266357e-06
5.810000e-10 4.275129e-06 3.250967e-06
5.815000e-10 4.254659e-06 3.235644e-06
5.820000e-10 4.234282e-06 3.220390e-06
5.825000e-10 4.213998e-06 3.205203e-06
5.830000e-10 4.193806e-06 3.190083e-06
5.835000e-10 4.173706e-06 3.175030e-06
5.840000e-10 4.153698e-06 3.160044e-06
5.845000e-10 4.133781e-06 3.145124e-06
5.850000e-10 4.113955e-06 3.130271e-06
5.855000e-10 4.094220e-06 3.115484e-06
5.860000e-10 4.074575e-06 3.100762e-06
5.865000e-10 4.055019e-06 3.086105e-06
5.870000e-10 4.035553e-06 3.071514e-06
5.875000e-10 4.016176e-06 3.056988e-06
5.880000e-10 3.996887e-06 3.042526e-06
5.885000e-10 3.977687e-06 3.028129e-06
5.890000e-10 3.958575e-06 3.013796e-06
5.895000e-10 3.939550e-06 2.999527e-06
5.900000e-10 3.920613e-06 2.985322e-06
5.905000e-10 3.901762e-06 2.971180e-06
5.910000e-10 3.882997e-06 2.957101e-06
5.915000e-10 3.864319e-06 2.943085e-06
5.920000e-10 3.845727e-06 2.929131e-06
5.925000e-10 3.827219e-06 2.915240e-06
5.930000e-10 3.808797e-06 2.901412e-06
5.935000e-10 3.790460e-06 2.887645e-06
5.940000e-10 3.772206e-06 2.873939e-06
5.945000e-10 3.754037e-06 2.860296e-06
5.950000e-10 3.735951e-06 2.846713e-06
5.955000e-10 3.717948e-06 2.833191e-06
5.960000e-10 3.700029e-06 2.819730e-06
5.965000e-10 3.682192e-06 2.806329e-06
5.970000e-10 3.664436e-06 2.792989e-06
5.975000e-10 3.646763e-06 2.779708e-06
5.980000e-10 3.629171e-06 2.766488e-06
5.985000e-10 3.611661e-06 2.753326e-06
5.990000e-10 3.594231e-06 2.740224e-06
5.995000e-10 3.576882e-06 2.727181e-06
6.000000e-10 3.559612e-06 2.714197e-06
6.005000e-10 3.542423e-06 2.701271e-06
6.010000e-10 3.525312e-06 2.688403e-06
6.015000e-10 3.508281e-06 2.675594e-06
6.020000e-10 3.491329e-06 2.662842e-06
6.025000e-10 3.474455e-06 2.650148e-06
6.030000e-10 3.457659e-06 2.637511e-06
6.035000e-10 3.440941e-06 2.624931e-06
6.040000e-10 3.424300e-06 2.612408e-06
6.045000e-10 3.407736e-06 2.599942e-06
6.050000e-10 3.391250e-06 2.587532e-06
6.055000e-10 3.374839e-06 2.575179e-06
6.060000e-10 3.358504e-06 2.562881e-06
6.065000e-10 3.342246e-06 2.550639e-06
6.070000e-10 3.326062e-06 2.538452e-06
6.075000e-10 3.309954e-06 2.526321e-06
6.080000e-10 3.293921e-06 2.514245e-06
6.085000e-10 3.277962e-06 2.502223e-06
6.090000e-10 3.262077e-06 2.490257e-06
6.095000e-10 3.246266e-06 2.478344e-06
6.100000e-10 3.230529e-06 2.466486e-06
6.105000e-10 3.214864e-06 2.454682e-06
6.110000e-10 3.199273e-06 2.442931e-06
6.115000e-10 3.183754e-06 2.431234e-06
6.120000e-10 3.168307e-06 2.419590e-06
6.125000e-10 3.152933e-06 2.407999e-06
6.130000e-10 3.137630e-06 2.396461e-06
6.135000e-10 3.122398e-06 2.384975e-06
6.140000e-10 3.107237e-06 2.373542e-06
6.145000e-10 3.092147e-06 2.362161e-06
6.150000e-10 3.077127e-06 2.350832e-06
6.155000e-10 3.062178e-06 2.339554e-06
6.160000e-10 3.047298e-06 2.328328e-06
6.165000e-10 3.032487e-06 2.317154e-06
6.170000e-10 3.017746e-06 2.306030e-06
6.175000e-10 3.003074e-06 2.294958e-06
6.180000e-10 2.988470e-06 2.283936e-06
6.185000e-10 2.973934e-06 2.272964e-06
6.190000e-10 2.959467e-06 2.262043e-06
6.195000e-10 2.945067e-06 2.251172e-06
6.200000e-10 2.930734e-06 2.240350e-06
6.205000e-10 2.916469e-06 2.229578e-06
6.210000e-10 2.902270e-06 2.218856e-06
6.215000e-10 2.888138e-06 2.208182e-06
6.220000e-10 2.874072e-06 2.197558e-06
6.225000e-10 2.860072e-06 2.186983e-06
6.230000e-10 2.846137e-06 2.176456e-06
6.235000e-10 2.832268e-06 2.165977e-06
6.240000e-10 2.818464e-06 2.155546e-06
6.245000e-10 2.804725e-06 2.145164e-06
6.250000e-10 2.791050e-06 2.134829e-06
6.255000e-10 2.777440e-06 2.124542e-06
6.260000e-10 2.763893e-06 2.114302e-06
6.265000e-10 2.750410e-06 2.104109e-06
6.270000e-10 2.736990e-06 2.093964e-06
6.275000e-10 2.723634e-06 2.083865e-06
6.280000e-10 2.710340e-06 2.073812e-06
6.285000e-10 2.697108e-06 2.063806e-06
6.290000e-10 2.683939e-06 2.053846e-06
6.295000e-10 2.670832e-06 2.043932e-06
6.300000e-10 2.657787e-06 2.034064e-06
6.305000e-10 2.644803e-06 2.024241e-06
6.310000e-10 2.631880e-06 2.014464e-06
6.315000e-10 2.619018e-06 2.004732e-06
6.320000e-10 2.606217e-06 1.995045e-06
6.325000e-10 2.593476e-06 1.985403e-06
6.330000e-10 2.580795e-06 1.975805e-06
6.335000e-10 2.568174e-06 1.966252e-06
6.340000e-10 2.555612e-06 1.956743e-06
6.345000e-10 2.543110e-06 1.947278e-06
6.350000e-10 2.530667e-06 1.937857e-06
6.355000e-10 2.518282e-06 1.928479e-06
6.360000e-10 2.505956e-06 1.919145e-06
6.365000e-10 2.493689e-06 1.909855e-06
6.370000e-10 2.481479e-06 1.900607e-06
6.375000e-10 2.469327e-06 1.891402e-06
6.380000e-10 2.457232e-06 1.882241e-06
6.385000e-10 2.445195e-06 1.873121e-06
6.390000e-10 2.433214e-06 1.864044e-06
6.395000e-10 2.421290e-06 1.855009e-06
6.400000e-10 2.409423e-06 1.846016e-06
6.405000e-10 2.397612e-06 1.837065e-06
6.410000e-10 2.385857e-06 1.828156e-06
6.415000e-10 2.374157e-06 1.819288e-06
6.420000e-10 2.362513e-06 1.810461e-06
6.425000e-10 2.350924e-06 1.801676e-06
6.430000e-10 2.339390e-06 1.792931e-06
6.435000e-10 2.327911e-06 1.784227e-06
6.440000e-10 2.316486e-06 1.775564e-06
6.445000e-10 2.305116e-06 1.766941e-06
6.450000e-10 2.293799e-06 1.758358e-06
6.455000e-10 2.282536e-06 1.749816e-06
6.460000e-10 2.271327e-06 1.741313e-06
6.465000e-10 2.260171e-06 1.732850e-06
6.470000e-10 2.249067e-06 1.724426e-06
6.475000e-10 2.238017e-06 1.716042e-06
6.480000e-10 2.227019e-06 1.707697e-06
6.485000e-10 2.216074e-06 1.699391e-06
6.490000e-10 2.205180e-06 1.691124e-06
6.495000e-10 2.194338e-06 1.682895e-06
6.500000e-10 2.183548e-06 1.674705e-06
6.505000e-10 2.172809e-06 1.666554e-06
6.510000e-10 2.162122e-06 1.658440e-06
6.515000e-10 2.151485e-06 1.650365e-06
6.520000e-10 2.140899e-06 1.642327e-06
6.525000e-10 2.130363e-06 1.634327e-06
6.530000e-10 2.119878e-06 1.626364e-06
6.535000e-10 2.109442e-06 1.618439e-06
6.540000e-10 2.099057e-06 1.610551e-06
6.545000e-10 2.088721e-06 1.602700e-06
6.550000e-10 2.078434e-06 1.594886e-06
6.555000e-10 2.068196e-06 1.587108e-06
6.560000e-10 2.058007e-06 1.579367e-06
6.565000e-10 2.047867e-06 1.571663e-06
6.570000e-10 2.037775e-06 1.563994e-06
6.575000e-10 2.027731e-06 1.556362e-06
6.580000e-10 2.017736e-06 1.548766e-06
6.585000e-10 2.007788e-06 1.541205e-06
6.590000e-10 1.997887e-06 1.533680e-06
6.595000e-10 1.988034e-06 1.526190e-06
6.600000e-10 1.978228e-06 1.518735e-06
6.605000e-10 1.968469e-06 1.511316e-06
6.610000e-10 1.958757e-06 1.503932e-06
6.615000e-10 1.949091e-06 1.496582e-06
6.620000e-10 1.939471e-06 1.489267e-06
6.625000e-10 1.929898e-06 1.481986e-06
6.630000e-10 1.920370e-06 1.474740e-06
6.635000e-10 1.910888e-06 1.467528e-06
6.640000e-10 1.901451e-06 1.460350e-06
6.645000e-10 1.892060e-06 1.453206e-06
6.650000e-10 1.882714e-06 1.446095e-06
6.655000e-10 1.873412e-06 1.439018e-06
6.660000e-10 1.864155e-06 1.431975e-06
6.665000e-10 1.854942e-06 1.424965e-06
6.670000e-10 1.845774e-06 1.417988e-06
6.675000e-10 1.836649e-06 1.411044e-06
6.680000e-10 1.827569e-06 1.404133e-06
6.685000e-10 1.818532e-06 1.397254e-06
6.690000e-10 1.809538e-06 1.390408e-06
6.695000e-10 1.800588e-06 1.383594e-06
6.700000e-10 1.791680e-06 1.376813e-06
6.705000e-10 1.782815e-06 1.370064e-06
6.710000e-10 1.773993e-06 1.363347e-06
6.715000e-10 1.765214e-06 1.356661e-06
6.720000e-10 1.756476e-06 1.350007e-06
6.725000e-10 1.747781e-06 1.343385e-06
6.730000e-10 1.739127e-06 1.336794e-06
6.735000e-10 1.730515e-06 1.330235e-06
6.740000e-10 1.721945e-06 1.323706e-06
6.745000e-10 1.713416e-06 1.317209e-06
6.750000e-10 1.704927e-06 1.310742e-06
6.755000e-10 1.696480e-06 1.304306e-06
6.760000e-10 1.688073e-06 1.297901e-06
6.765000e-10 1.679707e-06 1.291526e-06
6.770000e-10 1.671381e-06 1.285181e-06
6.775000e-10 1.663096e-06 1.278867e-06
6.780000e-10 1.654850e-06 1.272582e-06
6.785000e-10 1.646644e-06 1.266328e-06
6.790000e-10 1.638477e-06 1.260103e-06
6.795000e-10 1.630350e-06 1.253908e-06
6.800000e-10 1.622263e-06 1.247742e-06
6.805000e-10 1.614214e-06 1.241605e-06
6.810000e-10 1.606204e-06 1.235498e-06
6.815000e-10 1.598232e-06 1.229420e-06
6.820000e-10 1.590300e-06 1.223371e-06
6.825000e-10 1.582405e-06 1.217350e-06
6.830000e-10 1.574549e-06 1.211359e-06
6.835000e-10 1.566730e-06 1.205396e-06
6.840000e-10 1.558950e-06 1.199461e-06
6.845000e-10 1.551207e-06 1.193555e-06
6.850000e-10 1.543501e-06 1.187676e-06
6.855000e-10 1.535833e-06 1.181826e-06
6.860000e-10 1.528202e-06 1.176004e-06
6.865000e-10 1.520607e-06 1.170210e-06
6.870000e-10 1.513050e-06 1.164443e-06
6.875000e-10 1.505529e-06 1.158704e-06
6.880000e-10 1.498044e-06 1.152992e-06
6.885000e-10 1.490596e-06 1.147307e-06
6.890000e-10 1.483184e-06 1.141650e-06
6.895000e-10 1.475807e-06 1.136020e-06
6.900000e-10 1.468467e-06 1.130416e-06
6.905000e-10 1.461161e-06 1.124840e-06
6.910000e-10 1.453892e-06 1.119290e-06
6.915000e-10 1.446657e-06 1.113766e-06
6.920000e-10 1.439458e-06 1.108269e-06
6.925000e-10 1.432293e-06 1.102799e-06
6.930000e-10 1.425164e-06 1.097354e-06
6.935000e-10 1.418069e-06 1.091936e-06
6.940000e-10 1.411008e-06 1.086544e-06
6.945000e-10 1.403981e-06 1.081177e-06
6.950000e-10 1.396989e-06 1.075836e-06
6.955000e-10 1.390031e-06 1.070521e-06
6.960000e-10 1.383106e-06 1.065231e-06
6.965000e-10 1.376215e-06 1.059967e-06
6.970000e-10 1.369358e-06 1.054728e-06
6.975000e-10 1.362533e-06 1.049514e-06
6.980000e-10 1.355742e-06 1.044325e-06
6.985000e-10 1.348984e-06 1.039161e-06
6.990000e-10 1.342259e-06 1.034022e-06
6.995000e-10 1.335567e-06 1.028907e-06
7.000000e-10 1.328907e-06 1.023817e-06
7.005000e-10 1.322279e-06 1.018752e-06
7.010000e-10 1.315684e-06 1.013711e-06
7.015000e-10 1.309121e-06 1.008694e-06
7.020000e-10 1.302589e-06 1.003701e-06
7.025000e-10 1.296090e-06 9.987319e-07
7.030000e-10 1.289622e-06 9.937870e-07
7.035000e-10 1.283186e-06 9.888659e-07
7.040000e-10 1.276781e-06 9.839685e-07
7.045000e-10 1.270407e-06 9.790946e-07
7.050000e-10 1.264064e-06 9.742442e-07
7.055000e-10 1.257752e-06 9.694171e-07
7.060000e-10 1.251471e-06 9.646133e-07
7.065000e-10 1.245221e-06 9.598327e-07
7.070000e-10 1.239001e-06 9.550751e-07
7.075000e-10 1.232811e-06 9.503404e-07
7.080000e-10 1.226652e-06 9.456285e-07
7.085000e-10 1.220522e-06 9.409394e-07
7.090000e-10 1.214423e-06 9.362728e-07
7.095000e-10 1.208353e-06 9.316288e-07
7.100000e-10 1.202313e-06 9.270072e-07
7.105000e-10 1.196302e-06 9.224078e-07
7.110000e-10 1.190321e-06 9.178307e-07
7.115000e-10 1.184369e-06 9.132757e-07
7.120000e-10 1.178446e-06 9.087427e-07
7.125000e-10 1.172552e-06 9.042315e-07
7.130000e-10 1.166686e-06 8.997422e-07
7.135000e-10 1.160850e-06 8.952745e-07
7.140000e-10 1.155042e-06 8.908285e-07
7.145000e-10 1.149262e-06 8.864039e-07
7.150000e-10 1.143510e-06 8.820007e-07
7.155000e-10 1.137787e-06 8.776188e-07
7.160000e-10 1.132092e-06 8.732581e-07
7.165000e-10 1.126424e-06 8.689185e-07
7.170000e-10 1.120784e-06 8.645999e-07
7.175000e-10 1.115172e-06 8.603022e-07
7.180000e-10 1.109588e-06 8.560253e-07
7.185000e-10 1.104030e-06 8.517691e-07
7.190000e-10 1.098500e-06 8.475335e-07
7.195000e-10 1.092997e-06 8.433184e-07
7.200000e-10 1.087521e-06 8.391237e-07
7.205000e-10 1.082072e-06 8.349494e-07
7.210000e-10 1.076649e-06 8.307953e-07
7.215000e-10 1.071253e-06 8.266613e-07
7.220000e-10 1.065883e-06 8.225474e-07
7.225000e-10 1.060540e-06 8.184534e-07
7.230000e-10 1.055223e-06 8.143793e-07
7.235000e-10 1.049932e-06 8.103249e-07
7.240000e-10 1.044667e-06 8.062902e-07
7.245000e-10 1.039428e-06 8.022751e-07
7.250000e-10 1.034214e-06 7.982795e-07
7.255000e-10 1.029026e-06 7.943033e-07
7.260000e-10 1.023864e-06 7.903464e-07
7.265000e-10 1.018726e-06 7.864087e-07
7.270000e-10 1.013614e-06 7.824901e-07
7.275000e-10 1.008528e-06 7.785905e-07
7.280000e-10 1.003466e-06 7.747099e-07
7.285000e-10 9.984287e-07 7.708482e-07
7.290000e-10 9.934164e-07 7.670053e-07
7.295000e-10 9.884287e-07 7.631810e-07
7.300000e-10 9.834655e-07 7.593753e-07
7.305000e-10 9.785268e-07 7.555881e-07
7.310000e-10 9.736123e-07 7.518194e-07
7.315000e-10 9.687220e-07 7.480690e-07
7.320000e-10 9.638557e-07 7.443368e-07
7.325000e-10 9.590133e-07 7.406228e-07
7.330000e-10 9.541947e-07 7.369269e-07
7.335000e-10 9.493999e-07 7.332490e-07
7.340000e-10 9.446286e-07 7.295890e-07
7.345000e-10 9.398809e-07 7.259469e-07
7.350000e-10 9.351564e-07 7.223224e-07
7.355000e-10 9.304553e-07 7.187157e-07
7.360000e-10 9.257772e-07 7.151265e-07
7.365000e-10 9.211222e-07 7.115548e-07
7.370000e-10 9.164902e-07 7.080005e-07
7.375000e-10 9.118809e-07 7.044635e-07
7.380000e-10 9.072943e-07 7.009438e-07
7.385000e-10 9.027304e-07 6.974413e-07
7.390000e-10 8.981889e-07 6.939559e-07
7.395000e-10 8.936698e-07 6.904874e-07
7.400000e-10 8.891730e-07 6.870359e-07
7.405000e-10 8.846983e-07 6.836013e-07
7.410000e-10 8.802457e-07 6.801834e-07
7.415000e-10 8.758151e-07 6.767822e-07
7.420000e-10 8.714063e-07 6.733976e-07
7.425000e-10 8.670192e-07 6.700295e-07
7.430000e-10 8.626538e-07 6.666779e-07
7.435000e-10 8.583099e-07 6.633427e-07
7.440000e-10 8.539875e-07 6.600238e-07
7.445000e-10 8.496864e-07 6.567211e-07
7.450000e-10 8.454065e-07 6.534345e-07
7.455000e-10 8.411477e-07 6.501640e-07
7.460000e-10 8.369100e-07 6.469095e-07
7.465000e-10 8.326932e-07 6.436710e-07
7.470000e-10 8.284972e-07 6.404483e-07
7.475000e-10 8.243220e-07 6.372413e-07
7.480000e-10 8.201674e-07 6.340500e-07
7.485000e-10 8.160333e-07 6.308744e-07
7.490000e-10 8.119196e-07 6.277143e-07
7.495000e-10 8.078263e-07 6.245697e-07
7.500000e-10 8.037532e-07 6.214405e-07
7.505000e-10 7.997002e-07 6.183266e-07
7.510000e-10 7.956673e-07 6.152280e-07
7.515000e-10 7.916543e-07 6.121445e-07
7.520000e-10 7.876612e-07 6.090762e-07
7.525000e-10 7.836878e-07 6.060229e-07
7.530000e-10 7.797341e-07 6.029845e-07
7.535000e-10 7.757999e-07 5.999611e-07
7.540000e-10 7.718852e-07 5.969525e-07
7.545000e-10 7.679899e-07 5.939586e-07
7.550000e-10 7.641139e-07 5.909794e-07
7.555000e-10 7.602570e-07 5.880149e-07
7.560000e-10 7.564193e-07 5.850649e-07
7.565000e-10 7.526005e-07 5.821294e-07
7.570000e-10 7.488007e-07 5.792082e-07
7.575000e-10 7.450197e-07 5.763015e-07
7.580000e-10 7.412574e-07 5.734090e-07
7.585000e-10 7.375137e-07 5.705307e-07
7.590000e-10 7.337887e-07 5.676665e-07
7.595000e-10 7.300820e-07 5.648164e-07
7.600000e-10 7.263938e-07 5.619803e-07
7.605000e-10 7.227238e-07 5.591582e-07
7.610000e-10 7.190720e-07 5.563499e-07
7.615000e-10 7.154384e-07 5.535554e-07
7.620000e-10 7.118227e-07 5.507747e-07
7.625000e-10 7.082250e-07 5.480076e-07
7.630000e-10 7.046452e-07 5.452541e-07
7.635000e-10 7.010831e-07 5.425142e-07
7.640000e-10 6.975386e-07 5.397878e-07
7.645000e-10 6.940118e-07 5.370748e-07
7.650000e-10 6.905025e-07 5.343751e-07
7.655000e-10 6.870106e-07 5.316887e-07
7.660000e-10 6.835360e-07 5.290156e-07
7.665000e-10 6.800787e-07 5.263556e-07
7.670000e-10 6.766385e-07 5.237087e-07
7.675000e-10 6.732155e-07 5.210748e-07
7.680000e-10 6.698094e-07 5.184539e-07
7.685000e-10 6.664203e-07 5.158459e-07
7.690000e-10 6.630480e-07 5.132508e-07
7.695000e-10 6.596924e-07 5.106685e-07
7.700000e-10 6.563536e-07 5.080988e-07
7.705000e-10 6.530313e-07 5.055419e-07
7.710000e-10 6.497256e-07 5.029975e-07
7.715000e-10 6.464362e-07 5.004657e-07
7.720000e-10 6.431633e-07 4.979464e-07
7.725000e-10 6.399066e-07 4.954395e-07
7.730000e-10 6.366661e-07 4.929450e-07
7.735000e-10 6.334418e-07 4.904628e-07
7.740000e-10 6.302334e-07 4.879928e-07
7.745000e-10 6.270411e-07 4.855351e-07
7.750000e-10 6.238646e-07 4.830894e-07
7.755000e-10 6.207039e-07 4.806559e-07
7.760000e-10 6.175590e-07 4.782343e-07
7.765000e-10 6.144297e-07 4.758247e-07
7.770000e-10 6.113161e-07 4.734270e-07
7.775000e-10 6.082179e-07 4.710411e-07
7.780000e-10 6.051351e-07 4.686671e-07
7.785000e-10 6.020677e-07 4.663047e-07
7.790000e-10 5.990156e-07 4.639541e-07
7.795000e-10 5.959787e-07 4.616150e-07
7.800000e-10 5.929569e-07 4.592875e-07
7.805000e-10 5.899502e-07 4.569716e-07
7.810000e-10 5.869584e-07 4.546670e-07
7.815000e-10 5.839816e-07 4.523739e-07
7.820000e-10 5.810196e-07 4.500921e-07
7.825000e-10 5.780724e-07 4.478216e-07
7.830000e-10 5.751398e-07 4.455623e-07
7.835000e-10 5.722219e-07 4.433142e-07
7.840000e-10 5.693186e-07 4.410773e-07
7.845000e-10 5.664297e-07 4.388514e-07
7.850000e-10 5.635553e-07 4.366365e-07
7.855000e-10 5.606952e-07 4.344326e-07
7.860000e-10 5.578493e-07 4.322396e-07
7.865000e-10 5.550177e-07 4.300574e-07
7.870000e-10 5.522002e-07 4.278861e-07
7.875000e-10 5.493967e-07 4.257255e-07
7.880000e-10 5.466073e-07 4.235756e-07
7.885000e-10 5.438318e-07 4.214364e-07
7.890000e-10 5.410701e-07 4.193078e-07
7.895000e-10 5.383222e-07 4.171897e-07
7.900000e-10 5.355881e-07 4.150822e-07
7.905000e-10 5.328676e-07 4.129850e-07
7.910000e-10 5.301607e-07 4.108983e-07
7.915000e-10 5.274673e-07 4.088219e-07
7.920000e-10 5.247874e-07 4.067558e-07
7.925000e-10 5.221209e-07 4.047000e-07
7.930000e-10 5.194677e-07 4.026544e-07
7.935000e-10 5.168278e-07 4.006189e-07
7.940000e-10 5.142011e-07 3.985935e-07
7.945000e-10 5.115875e-07 3.965782e-07
7.950000e-10 5.089870e-07 3.945728e-07
7.955000e-10 5.063994e-07 3.925775e-07
7.960000e-10 5.038249e-07 3.905920e-07
7.965000e-10 5.012632e-07 3.886164e-07
7.970000e-10 4.987143e-07 3.866506e-07
7.975000e-10 4.961782e-07 3.846946e-07
7.980000e-10 4.936547e-07 3.827482e-07
7.985000e-10 4.911439e-07 3.808116e-07
7.990000e-10 4.886457e-07 3.788846e-07
7.995000e-10 4.861599e-07 3.769671e-07
8.000000e-10 4.836866e-07 3.750592e-07
8.005000e-10 4.812257e-07 3.731607e-07
8.010000e-10 4.787772e-07 3.712717e-07
8.015000e-10 4.763408e-07 3.693921e-07
8.020000e-10 4.739167e-07 3.675219e-07
8.025000e-10 4.715047e-07 3.656609e-07
8.030000e-10 4.691048e-07 3.638092e-07
8.035000e-10 4.667170e-07 3.619667e-07
8.040000e-10 4.643411e-07 3.601334e-07
8.045000e-10 4.619771e-07 3.583092e-07
8.050000e-10 4.596249e-07 3.564941e-07
8.055000e-10 4.572845e-07 3.546880e-07
8.060000e-10 4.549559e-07 3.528909e-07
8.065000e-10 4.526390e-07 3.511027e-07
8.070000e-10 4.503336e-07 3.493235e-07
8.075000e-10 4.480398e-07 3.475531e-07
8.080000e-10 4.457576e-07 3.457915e-07
8.085000e-10 4.434867e-07 3.440387e-07
8.090000e-10 4.412273e-07 3.422946e-07
8.095000e-10 4.389792e-07 3.405592e-07
8.100000e-10 4.367424e-07 3.388325e-07
8.105000e-10 4.345168e-07 3.371144e-07
8.110000e-10 4.323024e-07 3.354048e-07
8.115000e-10 4.300991e-07 3.337038e-07
8.120000e-10 4.279068e-07 3.320112e-07
8.125000e-10 4.257256e-07 3.303271e-07
8.130000e-10 4.235553e-07 3.286513e-07
8.135000e-10 4.213959e-07 3.269840e-07
8.140000e-10 4.192473e-07 3.253249e-07
8.145000e-10 4.171096e-07 3.236741e-07
8.150000e-10 4.149825e-07 3.220316e-07
8.155000e-10 4.128662e-07 3.203972e-07
8.160000e-10 4.107605e-07 3.187710e-07
8.165000e-10 4.086653e-07 3.171530e-07
8.170000e-10 4.065807e-07 3.155430e-07
8.175000e-10 4.045066e-07 3.139410e-07
8.180000e-10 4.024429e-07 3.123470e-07
8.185000e-10 4.003896e-07 3.107610e-07
8.190000e-10 3.983466e-07 3.091829e-07
8.195000e-10 3.963138e-07 3.076127e-07
8.200000e-10 3.942913e-07 3.060503e-07
8.205000e-10 3.922790e-07 3.044958e-07
8.210000e-10 3.902768e-07 3.029490e-07
8.215000e-10 3.882846e-07 3.014099e-07
8.220000e-10 3.863025e-07 2.998785e-07
8.225000e-10 3.843303e-07 2.983548e-07
8.230000e-10 3.823681e-07 2.968387e-07
8.235000e-10 3.804157e-07 2.953302e-07
8.240000e-10 3.784732e-07 2.938292e-07
8.245000e-10 3.765404e-07 2.923357e-07
8.250000e-10 3.746174e-07 2.908497e-07
8.255000e-10 3.727040e-07 2.893711e-07
8.260000e-10 3.708003e-07 2.878999e-07
8.265000e-10 3.689061e-07 2.864361e-07
8.270000e-10 3.670215e-07 2.849796e-07
8.275000e-10 3.651464e-07 2.835304e-07
8.280000e-10 3.632808e-07 2.820884e-07
8.285000e-10 3.614245e-07 2.806537e-07
8.290000e-10 3.595776e-07 2.792261e-07
8.295000e-10 3.577400e-07 2.778057e-07
8.300000e-10 3.559116e-07 2.763924e-07
8.305000e-10 3.540925e-07 2.749861e-07
8.310000e-10 3.522825e-07 2.735869e-07
8.315000e-10 3.504816e-07 2.721948e-07
8.320000e-10 3.486898e-07 2.708095e-07
8.325000e-10 3.469071e-07 2.694313e-07
8.330000e-10 3.451333e-07 2.680599e-07
8.335000e-10 3.433685e-07 2.666954e-07
8.340000e-10 3.416126e-07 2.653377e-07
8.345000e-10 3.398655e-07 2.639869e-07
8.350000e-10 3.381273e-07 2.626428e-07
8.355000e-10 3.363978e-07 2.613055e-07
8.360000e-10 3.346770e-07 2.599748e-07
8.365000e-10 3.329649e-07 2.586508e-07
8.370000e-10 3.312615e-07 2.573335e-07
8.375000e-10 3.295667e-07 2.560228e-07
8.380000e-10 3.278804e-07 2.547186e-07
8.385000e-10 3.262026e-07 2.534210e-07
8.390000e-10 3.245333e-07 2.521299e-07
8.395000e-10 3.228724e-07 2.508453e-07
8.400000e-10 3.212199e-07 2.495671e-07
8.405000e-10 3.195757e-07 2.482953e-07
8.410000e-10 3.179398e-07 2.470299e-07
8.415000e-10 3.163122e-07 2.457709e-07
8.420000e-10 3.146928e-07 2.445182e-07
8.425000e-10 3.130816e-07 2.432718e-07
8.430000e-10 3.114786e-07 2.420316e-07
8.435000e-10 3.098836e-07 2.407976e-07
8.440000e-10 3.082967e-07 2.395699e-07
8.445000e-10 3.067178e-07 2.383483e-07
8.450000e-10 3.051469e-07 2.371329e-07
8.455000e-10 3.035839e-07 2.359235e-07
8.460000e-10 3.020288e-07 2.347203e-07
8.465000e-10 3.004816e-07 2.335231e-07
8.470000e-10 2.989422e-07 2.323319e-07
8.475000e-10 2.974106e-07 2.311466e-07
8.480000e-10 2.958867e-07 2.299674e-07
8.485000e-10 2.943706e-07 2.287940e-07
8.490000e-10 2.928621e-07 2.276266e-07
8.495000e-10 2.913612e-07 2.264651e-07
8.500000e-10 2.898679e-07 2.253093e-07
8.505000e-10 2.883822e-07 2.241594e-07
8.510000e-10 2.869040e-07 2.230153e-07
8.515000e-10 2.854332e-07 2.218769e-07
8.520000e-10 2.839699e-07 2.207443e-07
8.525000e-10 2.825140e-07 2.196173e-07
8.530000e-10 2.810655e-07 2.184960e-07
8.535000e-10 2.796243e-07 2.173804e-07
8.540000e-10 2.781904e-07 2.162704e-07
8.545000e-10 2.767638e-07 2.151659e-07
8.550000e-10 2.753444e-07 2.140671e-07
8.555000e-10 2.739321e-07 2.129737e-07
8.560000e-10 2.725271e-07 2.118859e-07
8.565000e-10 2.711291e-07 2.108035e-07
8.570000e-10 2.697382e-07 2.097266e-07
8.575000e-10 2.683544e-07 2.086551e-07
8.580000e-10 2.669775e-07 2.075890e-07
8.585000e-10 2.656077e-07 2.065283e-07
8.590000e-10 2.642448e-07 2.054729e-07
8.595000e-10 2.628887e-07 2.044228e-07
8.600000e-10 2.615396e-07 2.033781e-07
8.605000e-10 2.601973e-07 2.023385e-07
8.610000e-10 2.588618e-07 2.013043e-07
8.615000e-10 2.575330e-07 2.002752e-07
8.620000e-10 2.562110e-07 1.992513e-07
8.625000e-10 2.548957e-07 1.982326e-07
8.630000e-10 2.535871e-07 1.972190e-07
8.635000e-10 2.522851e-07 1.962106e-07
8.640000e-10 2.509897e-07 1.952072e-07
8.645000e-10 2.497009e-07 1.942089e-07
8.650000e-10 2.484186e-07 1.932156e-07
8.655000e-10 2.471428e-07 1.922273e-07
8.660000e-10 2.458735e-07 1.912440e-07
8.665000e-10 2.446106e-07 1.902657e-07
8.670000e-10 2.433541e-07 1.892923e-07
8.675000e-10 2.421040e-07 1.883238e-07
8.680000e-10 2.408602e-07 1.873602e-07
8.685000e-10 2.396228e-07 1.864015e-07
8.690000e-10 2.383916e-07 1.854476e-07
8.695000e-10 2.371667e-07 1.844985e-07
8.700000e-10 2.359480e-07 1.835542e-07
8.705000e-10 2.347355e-07 1.826147e-07
8.710000e-10 2.335291e-07 1.816799e-07
8.715000e-10 2.323289e-07 1.807498e-07
8.720000e-10 2.311347e-07 1.798245e-07
8.725000e-10 2.299467e-07 1.789038e-07
8.730000e-10 2.287646e-07 1.779878e-07
8.735000e-10 2.275886e-07 1.770763e-07
8.740000e-10 2.264185e-07 1.761695e-07
8.745000e-10 2.252544e-07 1.752673e-07
8.750000e-10 2.240962e-07 1.743696e-07
8.755000e-10 2.229438e-07 1.734765e-07
8.760000e-10 2.217973e-07 1.725879e-07
8.765000e-10 2.206567e-07 1.717038e-07
8.770000e-10 2.195218e-07 1.708241e-07
8.775000e-10 2.183927e-07 1.699489e-07
8.780000e-10 2.172694e-07 1.690781e-07
8.785000e-10 2.161518e-07 1.682117e-07
8.790000e-10 2.150398e-07 1.673497e-07
8.795000e-10 2.139335e-07 1.664921e-07
8.800000e-10 2.128328e-07 1.656388e-07
8.805000e-10 2.117377e-07 1.647898e-07
8.810000e-10 2.106482e-07 1.639451e-07
8.815000e-10 2.095642e-07 1.631047e-07
8.820000e-10 2.084858e-07 1.622685e-07
8.825000e-10 2.074128e-07 1.614366e-07
8.830000e-10 2.063453e-07 1.606089e-07
8.835000e-10 2.052832e-07 1.597853e-07
8.840000e-10 2.042265e-07 1.589660e-07
8.845000e-10 2.031752e-07 1.581507e-07
8.850000e-10 2.021292e-07 1.573396e-07
8.855000e-10 2.010886e-07 1.565327e-07
8.860000e-10 2.000532e-07 1.557298e-07
8.865000e-10 1.990231e-07 1.549309e-07
8.870000e-10 1.979983e-07 1.541361e-07
8.875000e-10 1.969787e-07 1.533454e-07
8.880000e-10 1.959642e-07 1.525586e-07
8.885000e-10 1.949550e-07 1.517758e-07
8.890000e-10 1.939509e-07 1.509970e-07
8.895000e-10 1.929518e-07 1.502221e-07
8.900000e-10 1.919579e-07 1.494512e-07
8.905000e-10 1.909691e-07 1.486842e-07
8.910000e-10 1.899852e-07 1.479210e-07
8.915000e-10 1.890064e-07 1.471617e-07
8.920000e-10 1.880326e-07 1.464063e-07
8.925000e-10 1.870637e-07 1.456547e-07
8.930000e-10 1.860998e-07 1.449069e-07
8.935000e-10 1.851408e-07 1.441629e-07
8.940000e-10 1.841866e-07 1.434227e-07
8.945000e-10 1.832373e-07 1.426862e-07
8.950000e-10 1.822929e-07 1.419535e-07
8.955000e-10 1.813533e-07 1.412244e-07
8.960000e-10 1.804184e-07 1.404991e-07
8.965000e-10 1.794884e-07 1.397775e-07
8.970000e-10 1.785630e-07 1.390595e-07
8.975000e-10 1.776424e-07 1.383451e-07
8.980000e-10 1.767265e-07 1.376344e-07
8.985000e-10 1.758153e-07 1.369273e-07
8.990000e-10 1.749087e-07 1.362238e-07
8.995000e-10 1.740067e-07 1.355238e-07
9.000000e-10 1.731093e-07 1.348274e-07
9.005000e-10 1.722165e-07 1.341346e-07
9.010000e-10 1.713283e-07 1.334452e-07
9.015000e-10 1.704445e-07 1.327594e-07
9.020000e-10 1.695653e-07 1.320770e-07
9.025000e-10 1.686906e-07 1.313981e-07
9.030000e-10 1.678203e-07 1.307226e-07
9.035000e-10 1.669545e-07 1.300506e-07
9.040000e-10 1.660931e-07 1.293820e-07
9.045000e-10 1.652361e-07 1.287168e-07
9.050000e-10 1.643835e-07 1.280549e-07
9.055000e-10 1.635352e-07 1.273965e-07
9.060000e-10 1.626913e-07 1.267413e-07
9.065000e-10 1.618516e-07 1.260895e-07
9.070000e-10 1.610163e-07 1.254411e-07
9.075000e-10 1.601852e-07 1.247959e-07
9.080000e-10 1.593583e-07 1.241539e-07
9.085000e-10 1.585357e-07 1.235153e-07
9.090000e-10 1.577173e-07 1.228799e-07
9.095000e-10 1.569030e-07 1.222477e-07
9.100000e-10 1.560929e-07 1.216187e-07
9.105000e-10 1.552870e-07 1.209930e-07
9.110000e-10 1.544852e-07 1.203704e-07
9.115000e-10 1.536874e-07 1.197510e-07
9.120000e-10 1.528938e-07 1.191347e-07
9.125000e-10 1.521042e-07 1.185216e-07
9.130000e-10 1.513186e-07 1.179116e-07
9.135000e-10 1.505371e-07 1.173047e-07
9.140000e-10 1.497595e-07 1.167008e-07
9.145000e-10 1.489859e-07 1.161001e-07
9.150000e-10 1.482163e-07 1.155024e-07
9.155000e-10 1.474506e-07 1.149077e-07
9.160000e-10 1.466888e-07 1.143161e-07
9.165000e-10 1.459309e-07 1.137275e-07
9.170000e-10 1.451769e-07 1.131419e-07
9.175000e-10 1.444267e-07 1.125592e-07
9.180000e-10 1.436804e-07 1.119796e-07
9.185000e-10 1.429379e-07 1.114028e-07
9.190000e-10 1.421992e-07 1.108291e-07
9.195000e-10 1.414643e-07 1.102582e-07
9.200000e-10 1.407331e-07 1.096902e-07
9.205000e-10 1.400057e-07 1.091252e-07
9.210000e-10 1.392819e-07 1.085630e-07
9.215000e-10 1.385619e-07 1.080037e-07
9.220000e-10 1.378456e-07 1.074472e-07
9.225000e-10 1.371330e-07 1.068935e-07
9.230000e-10 1.364239e-07 1.063427e-07
9.235000e-10 1.357186e-07 1.057947e-07
9.240000e-10 1.350168e-07 1.052495e-07
9.245000e-10 1.343186e-07 1.047071e-07
9.250000e-10 1.336240e-07 1.041674e-07
9.255000e-10 1.329329e-07 1.036304e-07
9.260000e-10 1.322454e-07 1.030963e-07
9.265000e-10 1.315614e-07 1.025648e-07
9.270000e-10 1.308809e-07 1.020360e-07
9.275000e-10 1.302039e-07 1.015100e-07
9.280000e-10 1.295304e-07 1.009866e-07
9.285000e-10 1.288603e-07 1.004659e-07
9.290000e-10 1.281936e-07 9.994780e-08
9.295000e-10 1.275304e-07 9.943239e-08
9.300000e-10 1.268705e-07 9.891960e-08
9.305000e-10 1.262141e-07 9.840943e-08
9.310000e-10 1.255609e-07 9.790186e-08
9.315000e-10 1.249112e-07 9.739688e-08
9.320000e-10 1.242647e-07 9.689447e-08
9.325000e-10 1.236216e-07 9.639463e-08
9.330000e-10 1.229818e-07 9.589734e-08
9.335000e-10 1.223453e-07 9.540258e-08
9.340000e-10 1.217120e-07 9.491035e-08
9.345000e-10 1.210819e-07 9.442064e-08
9.350000e-10 1.204551e-07 9.393342e-08
9.355000e-10 1.198315e-07 9.344869e-08
9.360000e-10 1.192111e-07 9.296643e-08
9.365000e-10 1.185939e-07 9.248664e-08
9.370000e-10 1.179798e-07 9.200929e-08
9.375000e-10 1.173689e-07 9.153438e-08
9.380000e-10 1.167612e-07 9.106190e-08
9.385000e-10 1.161565e-07 9.059183e-08
9.390000e-10 1.155549e-07 9.012416e-08
9.395000e-10 1.149565e-07 8.965888e-08
9.400000e-10 1.143611e-07 8.919597e-08
9.405000e-10 1.137687e-07 8.873543e-08
9.410000e-10 1.131794e-07 8.827724e-08
9.415000e-10 1.125931e-07 8.782139e-08
9.420000e-10 1.120098e-07 8.736787e-08
9.425000e-10 1.114295e-07 8.691667e-08
9.430000e-10 1.108522e-07 8.646778e-08
9.435000e-10 1.102779e-07 8.602117e-08
9.440000e-10 1.097065e-07 8.557685e-08
9.445000e-10 1.091380e-07 8.513481e-08
9.450000e-10 1.085725e-07 8.469502e-08
9.455000e-10 1.080098e-07 8.425747e-08
9.460000e-10 1.074501e-07 8.382217e-08
9.465000e-10 1.068932e-07 8.338909e-08
9.470000e-10 1.063391e-07 8.295822e-08
9.475000e-10 1.057880e-07 8.252956e-08
9.480000e-10 1.052396e-07 8.210309e-08
9.485000e-10 1.046941e-07 8.167880e-08
9.490000e-10 1.041513e-07 8.125668e-08
9.495000e-10 1.036114e-07 8.083672e-08
9.500000e-10 1.030742e-07 8.041891e-08
9.505000e-10 1.025398e-07 8.000323e-08
9.510000e-10 1.020081e-07 7.958969e-08
9.515000e-10 1.014792e-07 7.917825e-08
9.520000e-10 1.009529e-07 7.876892e-08
9.525000e-10 1.004294e-07 7.836169e-08
9.530000e-10 9.990858e-08 7.795654e-08
9.535000e-10 9.939042e-08 7.755346e-08
9.540000e-10 9.887493e-08 7.715245e-08
9.545000e-10 9.836208e-08 7.675349e-08
9.550000e-10 9.785187e-08 7.635657e-08
9.555000e-10 9.734428e-08 7.596168e-08
9.560000e-10 9.683930e-08 7.556881e-08
9.565000e-10 9.633692e-08 7.517796e-08
9.570000e-10 9.583712e-08 7.478910e-08
9.575000e-10 9.533988e-08 7.440224e-08
9.580000e-10 9.484521e-08 7.401736e-08
9.585000e-10 9.435307e-08 7.363445e-08
9.590000e-10 9.386347e-08 7.325350e-08
9.595000e-10 9.337638e-08 7.287450e-08
9.600000e-10 9.289180e-08 7.249744e-08
9.605000e-10 9.240971e-08 7.212231e-08
9.610000e-10 9.193010e-08 7.174911e-08
9.615000e-10 9.145295e-08 7.137782e-08
9.620000e-10 9.097826e-08 7.100843e-08
9.625000e-10 9.050601e-08 7.064093e-08
9.630000e-10 9.003619e-08 7.027531e-08
9.635000e-10 8.956879e-08 6.991157e-08
9.640000e-10 8.910379e-08 6.954970e-08
9.645000e-10 8.864118e-08 6.918967e-08
9.650000e-10 8.818096e-08 6.883150e-08
9.655000e-10 8.772310e-08 6.847515e-08
9.660000e-10 8.726760e-08 6.812064e-08
9.665000e-10 8.681444e-08 6.776794e-08
9.670000e-10 8.636361e-08 6.741705e-08
9.675000e-10 8.591511e-08 6.706796e-08
9.680000e-10 8.546891e-08 6.672066e-08
9.685000e-10 8.502501e-08 6.637514e-08
9.690000e-10 8.458339e-08 6.603139e-08
9.695000e-10 8.414405e-08 6.568941e-08
9.700000e-10 8.370697e-08 6.534918e-08
9.705000e-10 8.327214e-08 6.501069e-08
9.710000e-10 8.283955e-08 6.467394e-08
9.715000e-10 8.240918e-08 6.433892e-08
9.720000e-10 8.198104e-08 6.400562e-08
9.725000e-10 8.155509e-08 6.367403e-08
9.730000e-10 8.113134e-08 6.334414e-08
9.735000e-10 8.070978e-08 6.301594e-08
9.740000e-10 8.029038e-08 6.268942e-08
9.745000e-10 7.987315e-08 6.236458e-08
9.750000e-10 7.945806e-08 6.204141e-08
9.755000e-10 7.904511e-08 6.171990e-08
9.760000e-10 7.863429e-08 6.140003e-08
9.765000e-10 7.822559e-08 6.108181e-08
9.770000e-10 7.781899e-08 6.076522e-08
9.775000e-10 7.741448e-08 6.045026e-08
9.780000e-10 7.701207e-08 6.013692e-08
9.785000e-10 7.661172e-08 5.982518e-08
9.790000e-10 7.621344e-08 5.951504e-08
9.795000e-10 7.581721e-08 5.920650e-08
9.800000e-10 7.542302e-08 5.889954e-08
9.805000e-10 7.503087e-08 5.859416e-08
9.810000e-10 7.464073e-08 5.829035e-08
9.815000e-10 7.425261e-08 5.798809e-08
9.820000e-10 7.386649e-08 5.768739e-08
9.825000e-10 7.348236e-08 5.738824e-08
9.830000e-10 7.310021e-08 5.709062e-08
9.835000e-10 7.272003e-08 5.679453e-08
9.840000e-10 7.234181e-08 5.649996e-08
9.845000e-10 7.196554e-08 5.620690e-08
9.850000e-10 7.159121e-08 5.591536e-08
9.855000e-10 7.121881e-08 5.562530e-08
9.860000e-10 7.084834e-08 5.533674e-08
9.865000e-10 7.047977e-08 5.504967e-08
9.870000e-10 7.011310e-08 5.476407e-08
9.875000e-10 6.974833e-08 5.447993e-08
9.880000e-10 6.938544e-08 5.419726e-08
9.885000e-10 6.902442e-08 5.391604e-08
9.890000e-10 6.866526e-08 5.363627e-08
9.895000e-10 6.830796e-08 5.335793e-08
9.900000e-10 6.795250e-08 5.308103e-08
9.905000e-10 6.759887e-08 5.280555e-08
9.910000e-10 6.724707e-08 5.253148e-08
9.915000e-10 6.689709e-08 5.225883e-08
9.920000e-10 6.654891e-08 5.198758e-08
9.925000e-10 6.620253e-08 5.171772e-08
9.930000e-10 6.585793e-08 5.144925e-08
9.935000e-10 6.551512e-08 5.118217e-08
9.940000e-10 6.517407e-08 5.091645e-08
9.945000e-10 6.483479e-08 5.065211e-08
9.950000e-10 6.449725e-08 5.038912e-08
9.955000e-10 6.416146e-08 5.012749e-08
9.960000e-10 6.382741e-08 4.986720e-08
9.965000e-10 6.349508e-08 4.960825e-08
9.970000e-10 6.316446e-08 4.935064e-08
9.975000e-10 6.283555e-08 4.909435e-08
9.980000e-10 6.250834e-08 4.883938e-08
9.985000e-10 6.218282e-08 4.858572e-08
9.990000e-10 6.185899e-08 4.833337e-08
9.995000e-10 6.153682e-08 4.808232e-08
1.000000e-09 6.121632e-08 4.783255e-08
1.000500e-09 6.089747e-08 4.758408e-08
1.001000e-09 6.058028e-08 4.733689e-08
1.001500e-09 6.026472e-08 4.709096e-08
1.002000e-09 5.995079e-08 4.684631e-08
1.002500e-09 5.963848e-08 4.660291e-08
1.003000e-09 5.932779e-08 4.636077e-08
1.003500e-09 5.901870e-08 4.611987e-08
1.004000e-09 5.871121e-08 4.588022e-08
1.004500e-09 5.840531e-08 4.564180e-08
1.005000e-09 5.810099e-08 4.540461e-08
1.005500e-09 5.779825e-08 4.516863e-08
1.006000e-09 5.749706e-08 4.493388e-08
1.006500e-09 5.719744e-08 4.470033e-08
1.007000e-09 5.689936e-08 4.446799e-08
1.007500e-09 5.660283e-08 4.423685e-08
1.008000e-09 5.630783e-08 4.400689e-08
1.008500e-09 5.601435e-08 4.377813e-08
1.009000e-09 5.572239e-08 4.355054e-08
1.009500e-09 5.543194e-08 4.332412e-08
1.010000e-09 5.514299e-08 4.309887e-08
1.010500e-09 5.485554e-08 4.287478e-08
1.011000e-09 5.456958e-08 4.265185e-08
1.011500e-09 5.428509e-08 4.243006e-08
1.012000e-09 5.400207e-08 4.220942e-08
1.012500e-09 5.372052e-08 4.198992e-08
1.013000e-09 5.344042e-08 4.177155e-08
1.013500e-09 5.316178e-08 4.155430e-08
1.014000e-09 5.288457e-08 4.133818e-08
1.014500e-09 5.260880e-08 4.112317e-08
1.015000e-09 5.233446e-08 4.090926e-08
1.015500e-09 5.206153e-08 4.069647e-08
1.016000e-09 5.179002e-08 4.048476e-08
1.016500e-09 5.151991e-08 4.027415e-08
1.017000e-09 5.125120e-08 4.006463e-08
1.017500e-09 5.098389e-08 3.985619e-08
1.018000e-09 5.071795e-08 3.964882e-08
1.018500e-09 5.045339e-08 3.944253e-08
1.019000e-09 5.019020e-08 3.923729e-08
1.019500e-09 4.992838e-08 3.903312e-08
1.020000e-09 4.966790e-08 3.883000e-08
1.020500e-09 4.940878e-08 3.862793e-08
1.021000e-09 4.915100e-08 3.842690e-08
1.021500e-09 4.889455e-08 3.822691e-08
1.022000e-09 4.863943e-08 3.802795e-08
1.022500e-09 4.838563e-08 3.783001e-08
1.023000e-09 4.813315e-08 3.763310e-08
1.023500e-09 4.788197e-08 3.743721e-08
1.024000e-09 4.763210e-08 3.724233e-08
1.024500e-09 4.738351e-08 3.704845e-08
1.025000e-09 4.713622e-08 3.685557e-08
1.025500e-09 4.689021e-08 3.666369e-08
1.026000e-09 4.664547e-08 3.647280e-08
1.026500e-09 4.640200e-08 3.628290e-08
1.027000e-09 4.615979e-08 3.609398e-08
1.027500e-09 4.591883e-08 3.590603e-08
1.028000e-09 4.567912e-08 3.571905e-08
1.028500e-09 4.544066e-08 3.553304e-08
1.029000e-09 4.520343e-08 3.534799e-08
1.029500e-09 4.496743e-08 3.516390e-08
1.030000e-09 4.473265e-08 3.498075e-08
1.030500e-09 4.449909e-08 3.479856e-08
1.031000e-09 4.426674e-08 3.461730e-08
1.031500e-09 4.403559e-08 3.443698e-08
1.032000e-09 4.380564e-08 3.425759e-08
1.032500e-09 4.357689e-08 3.407913e-08
1.033000e-09 4.334932e-08 3.390159e-08
1.033500e-09 4.312293e-08 3.372497e-08
1.034000e-09 4.289771e-08 3.354926e-08
1.034500e-09 4.267366e-08 3.337446e-08
1.035000e-09 4.245077e-08 3.320057e-08
1.035500e-09 4.222904e-08 3.302757e-08
1.036000e-09 4.200845e-08 3.285547e-08
1.036500e-09 4.178901e-08 3.268425e-08
1.037000e-09 4.157071e-08 3.251392e-08
1.037500e-09 4.135354e-08 3.234447e-08
1.038000e-09 4.113750e-08 3.217590e-08
1.038500e-09 4.092258e-08 3.200820e-08
1.039000e-09 4.070877e-08 3.184137e-08
1.039500e-09 4.049607e-08 3.167540e-08
1.040000e-09 4.028447e-08 3.151028e-08
1.040500e-09 4.007398e-08 3.134602e-08
1.041000e-09 3.986457e-08 3.118261e-08
1.041500e-09 3.965625e-08 3.102005e-08
1.042000e-09 3.944901e-08 3.085833e-08
1.042500e-09 3.924285e-08 3.069744e-08
1.043000e-09 3.903775e-08 3.053739e-08
1.043500e-09 3.883372e-08 3.037816e-08
1.044000e-09 3.863075e-08 3.021976e-08
1.044500e-09 3.842883e-08 3.006217e-08
1.045000e-09 3.822796e-08 2.990540e-08
1.045500e-09 3.802813e-08 2.974945e-08
1.046000e-09 3.782934e-08 2.959430e-08
1.046500e-09 3.763158e-08 2.943995e-08
1.047000e-09 3.743485e-08 2.928640e-08
1.047500e-09 3.723913e-08 2.913365e-08
1.048000e-09 3.704444e-08 2.898169e-08
1.048500e-09 3.685075e-08 2.883051e-08
1.049000e-09 3.665807e-08 2.868012e-08
1.049500e-09 3.646639e-08 2.853050e-08
1.050000e-09 3.627571e-08 2.838166e-08
1.050500e-09 3.608602e-08 2.823359e-08
1.051000e-09 3.589731e-08 2.808628e-08
1.051500e-09 3.570958e-08 2.793974e-08
1.052000e-09 3.552282e-08 2.779396e-08
1.052500e-09 3.533704e-08 2.764893e-08
1.053000e-09 3.515222e-08 2.750466e-08
1.053500e-09 3.496836e-08 2.736113e-08
1.054000e-09 3.478545e-08 2.721834e-08
1.054500e-09 3.460350e-08 2.707629e-08
1.055000e-09 3.442249e-08 2.693498e-08
1.055500e-09 3.424242e-08 2.679440e-08
1.056000e-09 3.406328e-08 2.665455e-08
1.056500e-09 3.388508e-08 2.651543e-08
1.057000e-09 3.370780e-08 2.637702e-08
1.057500e-09 3.353144e-08 2.623933e-08
1.058000e-09 3.335600e-08 2.610236e-08
1.058500e-09 3.318147e-08 2.596609e-08
1.059000e-09 3.300785e-08 2.583053e-08
1.059500e-09 3.283513e-08 2.569567e-08
1.060000e-09 3.266331e-08 2.556151e-08
1.060500e-09 3.249238e-08 2.542805e-08
1.061000e-09 3.232234e-08 2.529528e-08
1.061500e-09 3.215318e-08 2.516320e-08
1.062000e-09 3.198490e-08 2.503180e-08
1.062500e-09 3.181750e-08 2.490108e-08
1.063000e-09 3.165096e-08 2.477104e-08
1.063500e-09 3.148530e-08 2.464167e-08
1.064000e-09 3.132049e-08 2.451298e-08
1.064500e-09 3.115654e-08 2.438495e-08
1.065000e-09 3.099344e-08 2.425758e-08
1.065500e-09 3.083119e-08 2.413088e-08
1.066000e-09 3.066979e-08 2.400483e-08
1.066500e-09 3.050922e-08 2.387944e-08
1.067000e-09 3.034949e-08 2.375469e-08
1.067500e-09 3.019059e-08 2.363060e-08
1.068000e-09 3.003251e-08 2.350714e-08
1.068500e-09 2.987526e-08 2.338433e-08
1.069000e-09 2.971883e-08 2.326215e-08
1.069500e-09 2.956320e-08 2.314061e-08
1.070000e-09 2.940839e-08 2.301970e-08
1.070500e-09 2.925439e-08 2.289941e-08
1.071000e-09 2.910118e-08 2.277975e-08
1.071500e-09 2.894877e-08 2.266071e-08
1.072000e-09 2.879716e-08 2.254229e-08
1.072500e-09 2.864633e-08 2.242448e-08
1.073000e-09 2.849629e-08 2.230729e-08
1.073500e-09 2.834703e-08 2.219070e-08
1.074000e-09 2.819854e-08 2.207471e-08
1.074500e-09 2.805083e-08 2.195933e-08
1.075000e-09 2.790388e-08 2.184455e-08
1.075500e-09 2.775771e-08 2.173036e-08
1.076000e-09 2.761229e-08 2.161677e-08
1.076500e-09 2.746763e-08 2.150376e-08
1.077000e-09 2.732372e-08 2.139134e-08
1.077500e-09 2.718056e-08 2.127951e-08
1.078000e-09 2.703814e-08 2.116825e-08
1.078500e-09 2.689647e-08 2.105757e-08
1.079000e-09 2.675553e-08 2.094747e-08
1.079500e-09 2.661533e-08 2.083794e-08
1.080000e-09 2.647586e-08 2.072898e-08
1.080500e-09 2.633711e-08 2.062058e-08
1.081000e-09 2.619909e-08 2.051275e-08
1.081500e-09 2.606178e-08 2.040547e-08
1.082000e-09 2.592519e-08 2.029876e-08
1.082500e-09 2.578931e-08 2.019259e-08
1.083000e-09 2.565414e-08 2.008698e-08
1.083500e-09 2.551967e-08 1.998192e-08
1.084000e-09 2.538591e-08 1.987740e-08
1.084500e-09 2.525284e-08 1.977343e-08
1.085000e-09 2.512046e-08 1.966999e-08
1.085500e-09 2.498877e-08 1.956710e-08
1.086000e-09 2.485777e-08 1.946473e-08
1.086500e-09 2.472745e-08 1.936290e-08
1.087000e-09 2.459781e-08 1.926160e-08
1.087500e-09 2.446884e-08 1.916082e-08
1.088000e-09 2.434055e-08 1.906057e-08
1.088500e-09 2.421292e-08 1.896084e-08
1.089000e-09 2.408596e-08 1.886163e-08
1.089500e-09 2.395966e-08 1.876293e-08
1.090000e-09 2.383402e-08 1.866475e-08
1.090500e-09 2.370903e-08 1.856707e-08
1.091000e-09 2.358470e-08 1.846991e-08
1.091500e-09 2.346101e-08 1.837325e-08
1.092000e-09 2.333797e-08 1.827709e-08
1.092500e-09 2.321556e-08 1.818143e-08
1.093000e-09 2.309380e-08 1.808627e-08
1.093500e-09 2.297267e-08 1.799160e-08
1.094000e-09 2.285217e-08 1.789742e-08
1.094500e-09 2.273230e-08 1.780374e-08
1.095000e-09 2.261306e-08 1.771054e-08
1.095500e-09 2.249443e-08 1.761782e-08
1.096000e-09 2.237643e-08 1.752559e-08
1.096500e-09 2.225904e-08 1.743384e-08
1.097000e-09 2.214226e-08 1.734257e-08
1.097500e-09 2.202609e-08 1.725176e-08
1.098000e-09 2.191053e-08 1.716144e-08
1.098500e-09 2.179557e-08 1.707158e-08
1.099000e-09 2.168120e-08 1.698219e-08
1.099500e-09 2.156744e-08 1.689326e-08
1.100000e-09 2.145427e-08 1.680480e-08
1.100500e-09 2.134168e-08 1.671679e-08
1.101000e-09 2.122969e-08 1.662925e-08
1.101500e-09 2.111828e-08 1.654216e-08
1.102000e-09 2.100745e-08 1.645552e-08
1.102500e-09 2.089720e-08 1.636933e-08
1.103000e-09 2.078752e-08 1.628359e-08
1.103500e-09 2.067842e-08 1.619830e-08
1.104000e-09 2.056988e-08 1.611345e-08
1.104500e-09 2.046191e-08 1.602904e-08
1.105000e-09 2.035450e-08 1.594508e-08
1.105500e-09 2.024766e-08 1.586155e-08
1.106000e-09 2.014137e-08 1.577845e-08
1.106500e-09 2.003564e-08 1.569579e-08
1.107000e-09 1.993045e-08 1.561355e-08
1.107500e-09 1.982582e-08 1.553175e-08
1.108000e-09 1.972173e-08 1.545037e-08
1.108500e-09 1.961819e-08 1.536941e-08
1.109000e-09 1.951519e-08 1.528888e-08
1.109500e-09 1.941272e-08 1.520876e-08
1.110000e-09 1.931079e-08 1.512906e-08
1.110500e-09 1.920939e-08 1.504978e-08
1.111000e-09 1.910852e-08 1.497091e-08
1.111500e-09 1.900817e-08 1.489245e-08
1.112000e-09 1.890835e-08 1.481440e-08
1.112500e-09 1.880905e-08 1.473675e-08
1.113000e-09 1.871027e-08 1.465951e-08
1.113500e-09 1.861201e-08 1.458267e-08
1.114000e-09 1.851425e-08 1.450623e-08
1.114500e-09 1.841701e-08 1.443019e-08
1.115000e-09 1.832028e-08 1.435455e-08
1.115500e-09 1.822405e-08 1.427930e-08
1.116000e-09 1.812832e-08 1.420444e-08
1.116500e-09 1.803309e-08 1.412997e-08
1.117000e-09 1.793837e-08 1.405589e-08
1.117500e-09 1.784413e-08 1.398219e-08
1.118000e-09 1.775039e-08 1.390888e-08
1.118500e-09 1.765713e-08 1.383595e-08
1.119000e-09 1.756437e-08 1.376341e-08
1.119500e-09 1.747208e-08 1.369123e-08
1.120000e-09 1.738028e-08 1.361944e-08
1.120500e-09 1.728896e-08 1.354802e-08
1.121000e-09 1.719812e-08 1.347697e-08
1.121500e-09 1.710775e-08 1.340629e-08
1.122000e-09 1.701785e-08 1.333598e-08
1.122500e-09 1.692843e-08 1.326604e-08
1.123000e-09 1.683947e-08 1.319646e-08
1.123500e-09 1.675097e-08 1.312724e-08
1.124000e-09 1.666294e-08 1.305838e-08
1.124500e-09 1.657536e-08 1.298989e-08
1.125000e-09 1.648825e-08 1.292175e-08
1.125500e-09 1.640159e-08 1.285396e-08
1.126000e-09 1.631538e-08 1.278653e-08
1.126500e-09 1.622962e-08 1.271945e-08
1.127000e-09 1.614431e-08 1.265272e-08
1.127500e-09 1.605945e-08 1.258634e-08
1.128000e-09 1.597503e-08 1.252030e-08
1.128500e-09 1.589105e-08 1.245461e-08
1.129000e-09 1.580751e-08 1.238926e-08
1.129500e-09 1.572441e-08 1.232425e-08
1.130000e-09 1.564174e-08 1.225958e-08
1.130500e-09 1.555950e-08 1.219525e-08
1.131000e-09 1.547770e-08 1.213125e-08
1.131500e-09 1.539632e-08 1.206759e-08
1.132000e-09 1.531536e-08 1.200426e-08
1.132500e-09 1.523483e-08 1.194126e-08
1.133000e-09 1.515472e-08 1.187858e-08
1.133500e-09 1.507503e-08 1.181624e-08
1.134000e-09 1.499576e-08 1.175422e-08
1.134500e-09 1.491690e-08 1.169252e-08
1.135000e-09 1.483845e-08 1.163115e-08
1.135500e-09 1.476041e-08 1.157009e-08
1.136000e-09 1.468279e-08 1.150935e-08
1.136500e-09 1.460556e-08 1.144894e-08
1.137000e-09 1.452874e-08 1.138883e-08
1.137500e-09 1.445233e-08 1.132904e-08
1.138000e-09 1.437631e-08 1.126956e-08
1.138500e-09 1.430069e-08 1.121039e-08
1.139000e-09 1.422546e-08 1.115153e-08
1.139500e-09 1.415063e-08 1.109298e-08
1.140000e-09 1.407619e-08 1.103474e-08
1.140500e-09 1.400214e-08 1.097679e-08
1.141000e-09 1.392848e-08 1.091915e-08
1.141500e-09 1.385520e-08 1.086181e-08
1.142000e-09 1.378231e-08 1.080477e-08
1.142500e-09 1.370979e-08 1.074803e-08
1.143000e-09 1.363766e-08 1.069158e-08
1.143500e-09 1.356590e-08 1.063543e-08
1.144000e-09 1.349452e-08 1.057957e-08
1.144500e-09 1.342351e-08 1.052401e-08
1.145000e-09 1.335288e-08 1.046873e-08
1.145500e-09 1.328261e-08 1.041374e-08
1.146000e-09 1.321271e-08 1.035904e-08
1.146500e-09 1.314318e-08 1.030463e-08
1.147000e-09 1.307401e-08 1.025049e-08
1.147500e-09 1.300521e-08 1.019665e-08
1.148000e-09 1.293676e-08 1.014308e-08
1.148500e-09 1.286867e-08 1.008979e-08
1.149000e-09 1.280094e-08 1.003678e-08
1.149500e-09 1.273356e-08 9.984048e-09
1.150000e-09 1.266654e-08 9.931591e-09
1.150500e-09 1.259986e-08 9.879408e-09
1.151000e-09 1.253354e-08 9.827497e-09
1.151500e-09 1.246756e-08 9.775858e-09
1.152000e-09 1.240193e-08 9.724488e-09
1.152500e-09 1.233664e-08 9.673387e-09
1.153000e-09 1.227169e-08 9.622552e-09
1.153500e-09 1.220708e-08 9.571983e-09
1.154000e-09 1.214281e-08 9.521679e-09
1.154500e-09 1.207888e-08 9.471637e-09
1.155000e-09 1.201529e-08 9.421856e-09
1.155500e-09 1.195202e-08 9.372336e-09
1.156000e-09 1.188909e-08 9.323074e-09
1.156500e-09 1.182648e-08 9.274070e-09
1.157000e-09 1.176421e-08 9.225322e-09
1.157500e-09 1.170226e-08 9.176829e-09
1.158000e-09 1.164063e-08 9.128589e-09
1.158500e-09 1.157933e-08 9.080601e-09
1.159000e-09 1.151835e-08 9.032864e-09
1.159500e-09 1.145769e-08 8.985377e-09
1.160000e-09 1.139734e-08 8.938137e-09
1.160500e-09 1.133732e-08 8.891145e-09
1.161000e-09 1.127760e-08 8.844398e-09
1.161500e-09 1.121820e-08 8.797896e-09
1.162000e-09 1.115911e-08 8.751636e-09
1.162500e-09 1.110033e-08 8.705619e-09
1.163000e-09 1.104186e-08 8.659842e-09
1.163500e-09 1.098370e-08 8.614305e-09
1.164000e-09 1.092583e-08 8.569005e-09
1.164500e-09 1.086828e-08 8.523942e-09
1.165000e-09 1.081102e-08 8.479115e-09
1.165500e-09 1.075406e-08 8.434523e-09
1.166000e-09 1.069741e-08 8.390163e-09
1.166500e-09 1.064105e-08 8.346036e-09
1.167000e-09 1.058498e-08 8.302139e-09
1.167500e-09 1.052921e-08 8.258472e-09
1.168000e-09 1.047373e-08 8.215033e-09
1.168500e-09 1.041854e-08 8.171822e-09
1.169000e-09 1.036364e-08 8.128836e-09
1.169500e-09 1.030903e-08 8.086075e-09
1.170000e-09 1.025471e-08 8.043538e-09
1.170500e-09 1.020067e-08 8.001224e-09
1.171000e-09 1.014691e-08 7.959130e-09
1.171500e-09 1.009343e-08 7.917257e-09
1.172000e-09 1.004024e-08 7.875603e-09
1.172500e-09 9.987323e-09 7.834167e-09
1.173000e-09 9.934685e-09 7.792948e-09
1.173500e-09 9.882322e-09 7.751945e-09
1.174000e-09 9.830234e-09 7.711155e-09
1.174500e-09 9.778419e-09 7.670580e-09
1.175000e-09 9.726876e-09 7.630216e-09
1.175500e-09 9.675603e-09 7.590064e-09
1.176000e-09 9.624599e-09 7.550122e-09
1.176500e-09 9.573862e-09 7.510389e-09
1.177000e-09 9.523391e-09 7.470864e-09
1.177500e-09 9.473185e-09 7.431546e-09
1.178000e-09 9.423243e-09 7.392434e-09
1.178500e-09 9.373562e-09 7.353526e-09
1.179000e-09 9.324142e-09 7.314822e-09
1.179500e-09 9.274981e-09 7.276320e-09
1.180000e-09 9.226078e-09 7.238020e-09
1.180500e-09 9.177432e-09 7.199921e-09
1.181000e-09 9.129040e-09 7.162021e-09
1.181500e-09 9.080903e-09 7.124319e-09
1.182000e-09 9.033018e-09 7.086815e-09
1.182500e-09 8.985384e-09 7.049507e-09
1.183000e-09 8.938000e-09 7.012394e-09
1.183500e-09 8.890865e-09 6.975476e-09
1.184000e-09 8.843977e-09 6.938751e-09
1.184500e-09 8.797335e-09 6.902219e-09
1.185000e-09 8.750938e-09 6.865877e-09
1.185500e-09 8.704784e-09 6.829726e-09
1.186000e-09 8.658873e-09 6.793764e-09
1.186500e-09 8.613202e-09 6.757991e-09
1.187000e-09 8.567771e-09 6.722405e-09
1.187500e-09 8.522579e-09 6.687005e-09
1.188000e-09 8.477623e-09 6.651791e-09
1.188500e-09 8.432904e-09 6.616761e-09
1.189000e-09 8.388419e-09 6.581914e-09
1.189500e-09 8.344168e-09 6.547251e-09
1.190000e-09 8.300149e-09 6.512768e-09
1.190500e-09 8.256361e-09 6.478467e-09
1.191000e-09 8.212803e-09 6.444345e-09
1.191500e-09 8.169473e-09 6.410401e-09
1.192000e-09 8.126371e-09 6.376636e-09
1.192500e-09 8.083496e-09 6.343047e-09
1.193000e-09 8.040845e-09 6.309635e-09
1.193500e-09 7.998418e-09 6.276397e-09
1.194000e-09 7.956214e-09 6.243334e-09
1.194500e-09 7.914232e-09 6.210444e-09
1.195000e-09 7.872470e-09 6.177726e-09
1.195500e-09 7.830927e-09 6.145180e-09
1.196000e-09 7.789602e-09 6.112804e-09
1.196500e-09 7.748495e-09 6.080598e-09
1.197000e-09 7.707603e-09 6.048561e-09
1.197500e-09 7.666926e-09 6.016691e-09
1.198000e-09 7.626463e-09 5.984989e-09
1.198500e-09 7.586212e-09 5.953453e-09
1.199000e-09 7.546172e-09 5.922082e-09
1.199500e-09 7.506343e-09 5.890875e-09
1.200000e-09 7.466723e-09 5.859832e-09
