0.000000e+00 0 0
5.000000e-13 0 0
1.000000e-12 0 0
1.500000e-12 0 0
2.000000e-12 0 0
2.500000e-12 0 0
3.000000e-12 0 0
3.500000e-12 0 0
4.000000e-12 0 0
4.500000e-12 0 0
5.000000e-12 0 0
5.500000e-12 0 0
6.000000e-12 0 0
6.500000e-12 0 0
7.000000e-12 0 0
7.500000e-12 0 0
8.000000e-12 0 0
8.500000e-12 0 0
9.000000e-12 0 0
9.500000e-12 0 0
1.000000e-11 0 0
1.050000e-11 0 0
1.100000e-11 0 0
1.150000e-11 0 0
1.200000e-11 0 0
1.250000e-11 0 0
1.300000e-11 0 0
1.350000e-11 0 0
1.400000e-11 0 0
1.450000e-11 0 0
1.500000e-11 0 0
1.550000e-11 0 0
1.600000e-11 0 0
1.650000e-11 0 0
1.700000e-11 0 0
1.750000e-11 0 0
1.800000e-11 0 0
1.850000e-11 0 0
1.900000e-11 0 0
1.950000e-11 0 0
2.000000e-11 0 0
2.050000e-11 0 0
2.100000e-11 0 0
2.150000e-11 0 0
2.200000e-11 0 0
2.250000e-11 0 0
2.300000e-11 0 0
2.350000e-11 0 0
2.400000e-11 0 0
2.450000e-11 0 0
2.500000e-11 0 0
2.550000e-11 0 0
2.600000e-11 0 0
2.650000e-11 0 0
2.700000e-11 0 0
2.750000e-11 0 0
2.800000e-11 0 0
2.850000e-11 0 0
2.900000e-11 0 0
2.950000e-11 0 0
3.000000e-11 0 0
3.050000e-11 0 0
3.100000e-11 0 0
3.150000e-11 0 0
3.200000e-11 0 0
3.250000e-11 0 0
3.300000e-11 0 0
3.350000e-11 0 0
3.400000e-11 0 0
3.450000e-11 0 0
3.500000e-11 0 0
3.550000e-11 0 0
3.600000e-11 0 0
3.650000e-11 0 0
3.700000e-11 0 0
3.750000e-11 0 0
3.800000e-11 0 0
3.850000e-11 0 0
3.900000e-11 0 0
3.950000e-11 0 0
4.000000e-11 0 0
4.050000e-11 0 0
4.100000e-11 0 0
4.150000e-11 0 0
4.200000e-11 0 0
4.250000e-11 0 0
4.300000e-11 0 0
4.350000e-11 0 0
4.400000e-11 0 0
4.450000e-11 0 0
4.500000e-11 0 0
4.550000e-11 0 0
4.600000e-11 0 0
4.650000e-11 0 0
4.700000e-11 0 0
4.750000e-11 0 0
4.800000e-11 0 0
4.850000e-11 0 0
4.900000e-11 0 0
4.950000e-11 0 0
5.000000e-11 0 0
5.050000e-11 0 0
5.100000e-11 0 0
5.150000e-11 0 0
5.200000e-11 0 0
5.250000e-11 0 0
5.300000e-11 0 0
5.350000e-11 0 0
5.400000e-11 0 0
5.450000e-11 0 0
5.500000e-11 0 0
5.550000e-11 0 0
5.600000e-11 0 0
5.650000e-11 0 0
5.700000e-11 0 0
5.750000e-11 0 0
5.800000e-11 0 0
5.850000e-11 0 0
5.900000e-11 0 0
5.950000e-11 0 0
6.000000e-11 0 0
6.050000e-11 0 0
6.100000e-11 0 0
6.150000e-11 0 0
6.200000e-11 0 0
6.250000e-11 0 0
6.300000e-11 0 0
6.350000e-11 0 0
6.400000e-11 0 0
6.450000e-11 0 0
6.500000e-11 0 0
6.550000e-11 0 0
6.600000e-11 0 0
6.650000e-11 0 0
6.700000e-11 0 0
6.750000e-11 0 0
6.800000e-11 0 0
6.850000e-11 0 0
6.900000e-11 0 0
6.950000e-11 0 0
7.000000e-11 0 0
7.050000e-11 0 0
7.100000e-11 0 0
7.150000e-11 0 0
7.200000e-11 0 0
7.250000e-11 0 0
7.300000e-11 0 0
7.350000e-11 0 0
7.400000e-11 0 0
7.450000e-11 0 0
7.500000e-11 0 0
7.550000e-11 0 0
7.600000e-11 0 0
7.650000e-11 0 0
7.700000e-11 0 0
7.750000e-11 0 0
7.800000e-11 0 0
7.850000e-11 0 0
7.900000e-11 0 0
7.950000e-11 0 0
8.000000e-11 0 0
8.050000e-11 0 0
8.100000e-11 0 0
8.150000e-11 0 0
8.200000e-11 0 0
8.250000e-11 0 0
8.300000e-11 0 0
8.350000e-11 0 0
8.400000e-11 0 0
8.450000e-11 0 0
8.500000e-11 0 0
8.550000e-11 0 0
8.600000e-11 0 0
8.650000e-11 0 0
8.700000e-11 0 0
8.750000e-11 0 0
8.800000e-11 0 0
8.850000e-11 0 0
8.900000e-11 0 0
8.950000e-11 0 0
9.000000e-11 0 0
9.050000e-11 0 0
9.100000e-11 0 0
9.150000e-11 0 0
9.200000e-11 0 0
9.250000e-11 0 0
9.300000e-11 0 0
9.350000e-11 0 0
9.400000e-11 0 0
9.450000e-11 0 0
9.500000e-11 0 0
9.550000e-11 0 0
9.600000e-11 0 0
9.650000e-11 0 0
9.700000e-11 0 0
9.750000e-11 0 0
9.800000e-11 0 0
9.850000e-11 0 0
9.900000e-11 0 0
9.950000e-11 0 0
1.000000e-10 0 0
1.005000e-10 0 0
1.010000e-10 0 0
1.015000e-10 0 0
1.020000e-10 0 0
1.025000e-10 0 0
1.030000e-10 0 0
1.035000e-10 0 0
1.040000e-10 0 0
1.045000e-10 0 0
1.050000e-10 0 0
1.055000e-10 0 0
1.060000e-10 0 0
1.065000e-10 0 0
1.070000e-10 0 0
1.075000e-10 0 0
1.080000e-10 0 0
1.085000e-10 0 0
1.090000e-10 0 0
1.095000e-10 0 0
1.100000e-10 0 0
1.105000e-10 0 0
1.110000e-10 0 0
1.115000e-10 0 0
1.120000e-10 0 0
1.125000e-10 0 0
1.130000e-10 0 0
1.135000e-10 0 0
1.140000e-10 0 0
1.145000e-10 0 0
1.150000e-10 0 0
1.155000e-10 0 0
1.160000e-10 0 0
1.165000e-10 0 0
1.170000e-10 0 0
1.175000e-10 0 0
1.180000e-10 0 0
1.185000e-10 0 0
1.190000e-10 0 0
1.195000e-10 0 0
1.200000e-10 0 0
1.205000e-10 0 0
1.210000e-10 0 0
1.215000e-10 0 0
1.220000e-10 0 0
1.225000e-10 0 0
1.230000e-10 0 0
1.235000e-10 0 0
1.240000e-10 0 0
1.245000e-10 0 0
1.250000e-10 0 0
1.255000e-10 0 0
1.260000e-10 0 0
1.265000e-10 0 0
1.270000e-10 0 0
1.275000e-10 0 0
1.280000e-10 0 0
1.285000e-10 0 0
1.290000e-10 0 0
1.295000e-10 0 0
1.300000e-10 0 0
1.305000e-10 0 0
1.310000e-10 0 0
1.315000e-10 0 0
1.320000e-10 0 0
1.325000e-10 0 0
1.330000e-10 0 0
1.335000e-10 0 0
1.340000e-10 0 0
1.345000e-10 0 0
1.350000e-10 0 0
1.355000e-10 0 0
1.360000e-10 0 0
1.365000e-10 0 0
1.370000e-10 0 0
1.375000e-10 0 0
1.380000e-10 0 0
1.385000e-10 0 0
1.390000e-10 0 0
1.395000e-10 0 0
1.400000e-10 0 0
1.405000e-10 0 0
1.410000e-10 0 0
1.415000e-10 0 0
1.420000e-10 0 0
1.425000e-10 0 0
1.430000e-10 0 0
1.435000e-10 0 0
1.440000e-10 0 0
1.445000e-10 0 0
1.450000e-10 0 0
1.455000e-10 0 0
1.460000e-10 0 0
1.465000e-10 0 0
1.470000e-10 0 0
1.475000e-10 0 0
1.480000e-10 0 0
1.485000e-10 0 0
1.490000e-10 0 0
1.495000e-10 0 0
1.500000e-10 0 0
1.505000e-10 0 0
1.510000e-10 0 0
1.515000e-10 0 0
1.520000e-10 0 0
1.525000e-10 0 0
1.530000e-10 0 0
1.535000e-10 0 0
1.540000e-10 0 0
1.545000e-10 0 0
1.550000e-10 0 0
1.555000e-10 0 0
1.560000e-10 0 0
1.565000e-10 0 0
1.570000e-10 0 0
1.575000e-10 0 0
1.580000e-10 0 0
1.585000e-10 0 0
1.590000e-10 0 0
1.595000e-10 0 0
1.600000e-10 0 0
1.605000e-10 0 0
1.610000e-10 0 0
1.615000e-10 0 0
1.620000e-10 0 0
1.625000e-10 0 0
1.630000e-10 0 0
1.635000e-10 0 0
1.640000e-10 0 0
1.645000e-10 0 0
1.650000e-10 0 0
1.655000e-10 0 0
1.660000e-10 0 0
1.665000e-10 0 0
1.670000e-10 0 0
1.675000e-10 0 0
1.680000e-10 0 0
1.685000e-10 0 0
1.690000e-10 0 0
1.695000e-10 0 0
1.700000e-10 0 0
1.705000e-10 0 0
1.710000e-10 0 0
1.715000e-10 0 0
1.720000e-10 0 0
1.725000e-10 0 0
1.730000e-10 0 0
1.735000e-10 0 0
1.740000e-10 0 0
1.745000e-10 0 0
1.750000e-10 0 0
1.755000e-10 0 0
1.760000e-10 0 0
1.765000e-10 0 0
1.770000e-10 0 0
1.775000e-10 0 0
1.780000e-10 0 0
1.785000e-10 0 0
1.790000e-10 0 0
1.795000e-10 0 0
1.800000e-10 0 0
1.805000e-10 0 0
1.810000e-10 0 0
1.815000e-10 0 0
1.820000e-10 0 0
1.825000e-10 0 0
1.830000e-10 0 0
1.835000e-10 0 0
1.840000e-10 0 0
1.845000e-10 0 0
1.850000e-10 0 0
1.855000e-10 0 0
1.860000e-10 0 0
1.865000e-10 0 0
1.870000e-10 0 0
1.875000e-10 0 0
1.880000e-10 0 0
1.885000e-10 0 0
1.890000e-10 0 0
1.895000e-10 0 0
1.900000e-10 0 0
1.905000e-10 0 0
1.910000e-10 0 0
1.915000e-10 0 0
1.920000e-10 0 0
1.925000e-10 0 0
1.930000e-10 0 0
1.935000e-10 0 0
1.940000e-10 0 0
1.945000e-10 0 0
1.950000e-10 0 0
1.955000e-10 0 0
1.960000e-10 0 0
1.965000e-10 0 0
1.970000e-10 0 0
1.975000e-10 0 0
1.980000e-10 0 0
1.985000e-10 0 0
1.990000e-10 0 0
1.995000e-10 0 0
2.000000e-10 0 0
2.005000e-10 0 0
2.010000e-10 0 0
2.015000e-10 0 0
2.020000e-10 0 0
2.025000e-10 0 0
2.030000e-10 0 0
2.035000e-10 0 0
2.040000e-10 0 0
2.045000e-10 0 0
2.050000e-10 0 0
2.055000e-10 0 0
2.060000e-10 0 0
2.065000e-10 0 0
2.070000e-10 0 0
2.075000e-10 0 0
2.080000e-10 0 0
2.085000e-10 0 0
2.090000e-10 0 0
2.095000e-10 0 0
2.100000e-10 0 0
2.105000e-10 0 0
2.110000e-10 0 0
2.115000e-10 0 0
2.120000e-10 0 0
2.125000e-10 0 0
2.130000e-10 0 0
2.135000e-10 0 0
2.140000e-10 0 0
2.145000e-10 0 0
2.150000e-10 0 0
2.155000e-10 0 0
2.160000e-10 0 0
2.165000e-10 0 0
2.170000e-10 0 0
2.175000e-10 0 0
2.180000e-10 0 0
2.185000e-10 0 0
2.190000e-10 0 0
2.195000e-10 0 0
2.200000e-10 0 0
2.205000e-10 0 0
2.210000e-10 0 0
2.215000e-10 0 0
2.220000e-10 0 0
2.225000e-10 0 0
2.230000e-10 0 0
2.235000e-10 0 0
2.240000e-10 0 0
2.245000e-10 0 0
2.250000e-10 0 0
2.255000e-10 0 0
2.260000e-10 0 0
2.265000e-10 0 0
2.270000e-10 0 0
2.275000e-10 0 0
2.280000e-10 0 0
2.285000e-10 0 0
2.290000e-10 0 0
2.295000e-10 0 0
2.300000e-10 0 0
2.305000e-10 0 0
2.310000e-10 0 0
2.315000e-10 0 0
2.320000e-10 0 0
2.325000e-10 0 0
2.330000e-10 0 0
2.335000e-10 0 0
2.340000e-10 0 0
2.345000e-10 0 0
2.350000e-10 0 0
2.355000e-10 0 0
2.360000e-10 0 0
2.365000e-10 0 0
2.370000e-10 0 0
2.375000e-10 0 0
2.380000e-10 0 0
2.385000e-10 0 0
2.390000e-10 0 0
2.395000e-10 0 0
2.400000e-10 0 0
2.405000e-10 0 0
2.410000e-10 0 0
2.415000e-10 0 0
2.420000e-10 0 0
2.425000e-10 0 0
2.430000e-10 0 0
2.435000e-10 0 0
2.440000e-10 0 0
2.445000e-10 0 0
2.450000e-10 0 0
2.455000e-10 0 0
2.460000e-10 0 0
2.465000e-10 0 0
2.470000e-10 0 0
2.475000e-10 0 0
2.480000e-10 0 0
2.485000e-10 0 0
2.490000e-10 0 0
2.495000e-10 0 0
2.505000e-10 0.000000e+00 0
2.510000e-10 6.505214e-06 0
2.515000e-10 9.148794e-06 0
2.520000e-10 1.114286e-05 0
2.525000e-10 1.279538e-05 0
2.530000e-10 1.422642e-05 0
2.535000e-10 1.549792e-05 0
2.540000e-10 1.664693e-05 0
2.545000e-10 1.769772e-05 0
2.550000e-10 1.866727e-05 0
2.555000e-10 1.956802e-05 0
2.560000e-10 2.040941e-05 0
2.565000e-10 2.119884e-05 0
2.570000e-10 2.194221e-05 0
2.575000e-10 2.264435e-05 0
2.580000e-10 2.330927e-05 0
2.585000e-10 2.394034e-05 0
2.590000e-10 2.454043e-05 0
2.595000e-10 2.511199e-05 0
2.600000e-10 2.565718e-05 0
2.605000e-10 2.617788e-05 0
2.610000e-10 2.667573e-05 0
2.615000e-10 2.715221e-05 0
2.620000e-10 2.760864e-05 0
2.625000e-10 2.804620e-05 0
2.630000e-10 2.846595e-05 0
2.635000e-10 2.886886e-05 0
2.640000e-10 2.925580e-05 0
2.645000e-10 2.962760e-05 0
2.650000e-10 2.998497e-05 0
2.655000e-10 3.032861e-05 0
2.660000e-10 3.065914e-05 0
2.665000e-10 3.097715e-05 0
2.670000e-10 3.128316e-05 0
2.675000e-10 3.157769e-05 0
2.680000e-10 3.186121e-05 0
2.685000e-10 3.213414e-05 0
2.690000e-10 3.239691e-05 0
2.695000e-10 3.264989e-05 0
2.700000e-10 3.289346e-05 0
2.705000e-10 3.312794e-05 0
2.710000e-10 3.335367e-05 0
2.715000e-10 3.357095e-05 0
2.720000e-10 3.378006e-05 0
2.725000e-10 3.398129e-05 0
2.730000e-10 3.417488e-05 0
2.735000e-10 3.436109e-05 0
2.740000e-10 3.454014e-05 0
2.745000e-10 3.471228e-05 0
2.750000e-10 3.487769e-05 0
2.755000e-10 3.503660e-05 0
2.760000e-10 3.518919e-05 0
2.765000e-10 3.533566e-05 0
2.770000e-10 3.547617e-05 0
2.775000e-10 3.561089e-05 0
2.780000e-10 3.574000e-05 0
2.785000e-10 3.586365e-05 0
2.790000e-10 3.598199e-05 0
2.795000e-10 3.609516e-05 0
2.800000e-10 3.620331e-05 0
2.805000e-10 3.630656e-05 0.000000e+00
2.810000e-10 3.640505e-05 4.181923e-06
2.815000e-10 3.649891e-05 5.881367e-06
2.820000e-10 3.658824e-05 7.163268e-06
2.825000e-10 3.667317e-05 8.225604e-06
2.830000e-10 3.675382e-05 9.145555e-06
2.835000e-10 3.683028e-05 9.962950e-06
2.840000e-10 3.690266e-05 1.070160e-05
2.845000e-10 3.697107e-05 1.137711e-05
2.850000e-10 3.703560e-05 1.200039e-05
2.855000e-10 3.709634e-05 1.257944e-05
2.860000e-10 3.715339e-05 1.312034e-05
2.865000e-10 3.720684e-05 1.362782e-05
2.870000e-10 3.725677e-05 1.410570e-05
2.875000e-10 3.730327e-05 1.455708e-05
2.880000e-10 3.734642e-05 1.498453e-05
2.885000e-10 3.738629e-05 1.539022e-05
2.890000e-10 3.742296e-05 1.577599e-05
2.895000e-10 3.745651e-05 1.614342e-05
2.900000e-10 3.748702e-05 1.649390e-05
2.905000e-10 3.751453e-05 1.682863e-05
2.910000e-10 3.753914e-05 1.714868e-05
2.915000e-10 3.756090e-05 1.745499e-05
2.920000e-10 3.757988e-05 1.774841e-05
2.925000e-10 3.759614e-05 1.802970e-05
2.930000e-10 3.760974e-05 1.829954e-05
2.935000e-10 3.762074e-05 1.855855e-05
2.940000e-10 3.762920e-05 1.880730e-05
2.945000e-10 3.763517e-05 1.904631e-05
2.950000e-10 3.763872e-05 1.927605e-05
2.955000e-10 3.763989e-05 1.949697e-05
2.960000e-10 3.763874e-05 1.970945e-05
2.965000e-10 3.763531e-05 1.991388e-05
2.970000e-10 3.762966e-05 2.011060e-05
2.975000e-10 3.762184e-05 2.029995e-05
2.980000e-10 3.761189e-05 2.048220e-05
2.985000e-10 3.759986e-05 2.065766e-05
2.990000e-10 3.758579e-05 2.082658e-05
2.995000e-10 3.756974e-05 2.098922e-05
3.000000e-10 3.755173e-05 2.114579e-05
3.005000e-10 3.753182e-05 2.129653e-05
3.010000e-10 3.751004e-05 2.144165e-05
3.015000e-10 3.748644e-05 2.158132e-05
3.020000e-10 3.746105e-05 2.171575e-05
3.025000e-10 3.743392e-05 2.184511e-05
3.030000e-10 3.740508e-05 2.196956e-05
3.035000e-10 3.737456e-05 2.208927e-05
3.040000e-10 3.734240e-05 2.220438e-05
3.045000e-10 3.730865e-05 2.231503e-05
3.050000e-10 3.727333e-05 2.242137e-05
3.055000e-10 3.723647e-05 2.252353e-05
3.060000e-10 3.719811e-05 2.262162e-05
3.065000e-10 3.715829e-05 2.271578e-05
3.070000e-10 3.711702e-05 2.280611e-05
3.075000e-10 3.707435e-05 2.289272e-05
3.080000e-10 3.703031e-05 2.297572e-05
3.085000e-10 3.698492e-05 2.305520e-05
3.090000e-10 3.693821e-05 2.313128e-05
3.095000e-10 3.689021e-05 2.320403e-05
3.100000e-10 3.684096e-05 2.327356e-05
3.105000e-10 3.679047e-05 2.333993e-05
3.110000e-10 3.673877e-05 2.340325e-05
3.115000e-10 3.668589e-05 2.346358e-05
3.120000e-10 3.663186e-05 2.352101e-05
3.125000e-10 3.657670e-05 2.357561e-05
3.130000e-10 3.652044e-05 2.362745e-05
3.135000e-10 3.646309e-05 2.367661e-05
3.140000e-10 3.640469e-05 2.372314e-05
3.145000e-10 3.634525e-05 2.376711e-05
3.150000e-10 3.628481e-05 2.380860e-05
3.155000e-10 3.622337e-05 2.384765e-05
3.160000e-10 3.616097e-05 2.388432e-05
3.165000e-10 3.609763e-05 2.391868e-05
3.170000e-10 3.603336e-05 2.395078e-05
3.175000e-10 3.596819e-05 2.398067e-05
3.180000e-10 3.590214e-05 2.400841e-05
3.185000e-10 3.583523e-05 2.403404e-05
3.190000e-10 3.576747e-05 2.405762e-05
3.195000e-10 3.569890e-05 2.407919e-05
3.200000e-10 3.562951e-05 2.409880e-05
3.205000e-10 3.555935e-05 2.411649e-05
3.210000e-10 3.548841e-05 2.413230e-05
3.215000e-10 3.541673e-05 2.414629e-05
3.220000e-10 3.534431e-05 2.415849e-05
3.225000e-10 3.527118e-05 2.416895e-05
3.230000e-10 3.519735e-05 2.417769e-05
3.235000e-10 3.512284e-05 2.418476e-05
3.240000e-10 3.504767e-05 2.419020e-05
3.245000e-10 3.497185e-05 2.419404e-05
3.250000e-10 3.489540e-05 2.419632e-05
3.255000e-10 3.481833e-05 2.419707e-05
3.260000e-10 3.474065e-05 2.419633e-05
3.265000e-10 3.466240e-05 2.419413e-05
3.270000e-10 3.458356e-05 2.419050e-05
3.275000e-10 3.450417e-05 2.418547e-05
3.280000e-10 3.442424e-05 2.417907e-05
3.285000e-10 3.434378e-05 2.417134e-05
3.290000e-10 3.426280e-05 2.416230e-05
3.295000e-10 3.418132e-05 2.415197e-05
3.300000e-10 3.409935e-05 2.414040e-05
3.305000e-10 3.401690e-05 2.412760e-05
3.310000e-10 3.393399e-05 2.411360e-05
3.315000e-10 3.385063e-05 2.409843e-05
3.320000e-10 3.376684e-05 2.408211e-05
3.325000e-10 3.368261e-05 2.406466e-05
3.330000e-10 3.359797e-05 2.404612e-05
3.335000e-10 3.351293e-05 2.402650e-05
3.340000e-10 3.342749e-05 2.400583e-05
3.345000e-10 3.334168e-05 2.398413e-05
3.350000e-10 3.325550e-05 2.396142e-05
3.355000e-10 3.316895e-05 2.393773e-05
3.360000e-10 3.308207e-05 2.391307e-05
3.365000e-10 3.299484e-05 2.388747e-05
3.370000e-10 3.290729e-05 2.386094e-05
3.375000e-10 3.281942e-05 2.383351e-05
3.380000e-10 3.273125e-05 2.380520e-05
3.385000e-10 3.264278e-05 2.377602e-05
3.390000e-10 3.255403e-05 2.374599e-05
3.395000e-10 3.246500e-05 2.371514e-05
3.400000e-10 3.237570e-05 2.368347e-05
3.405000e-10 3.228614e-05 2.365101e-05
3.410000e-10 3.219633e-05 2.361778e-05
3.415000e-10 3.210628e-05 2.358379e-05
3.420000e-10 3.201601e-05 2.354905e-05
3.425000e-10 3.192551e-05 2.351359e-05
3.430000e-10 3.183479e-05 2.347742e-05
3.435000e-10 3.174387e-05 2.344056e-05
3.440000e-10 3.165275e-05 2.340301e-05
3.445000e-10 3.156144e-05 2.336481e-05
3.450000e-10 3.146995e-05 2.332595e-05
3.455000e-10 3.137828e-05 2.328645e-05
3.460000e-10 3.128645e-05 2.324634e-05
3.465000e-10 3.119446e-05 2.320562e-05
3.470000e-10 3.110232e-05 2.316430e-05
3.475000e-10 3.101004e-05 2.312241e-05
3.480000e-10 3.091761e-05 2.307995e-05
3.485000e-10 3.082506e-05 2.303693e-05
3.490000e-10 3.073239e-05 2.299338e-05
3.495000e-10 3.063959e-05 2.294929e-05
3.500000e-10 3.054669e-05 2.290469e-05
3.505000e-10 3.045369e-05 2.285958e-05
3.510000e-10 3.036059e-05 2.281398e-05
3.515000e-10 3.026740e-05 2.276790e-05
3.520000e-10 3.017413e-05 2.272134e-05
3.525000e-10 3.008077e-05 2.267433e-05
3.530000e-10 2.998735e-05 2.262687e-05
3.535000e-10 2.989386e-05 2.257897e-05
3.540000e-10 2.980032e-05 2.253065e-05
3.545000e-10 2.970671e-05 2.248190e-05
3.550000e-10 2.961306e-05 2.243276e-05
3.555000e-10 2.951937e-05 2.238321e-05
3.560000e-10 2.942564e-05 2.233328e-05
3.565000e-10 2.933188e-05 2.228297e-05
3.570000e-10 2.923809e-05 2.223229e-05
3.575000e-10 2.914428e-05 2.218126e-05
3.580000e-10 2.905045e-05 2.212987e-05
3.585000e-10 2.895662e-05 2.207814e-05
3.590000e-10 2.886277e-05 2.202609e-05
3.595000e-10 2.876893e-05 2.197371e-05
3.600000e-10 2.867509e-05 2.192101e-05
3.605000e-10 2.858126e-05 2.186801e-05
3.610000e-10 2.848744e-05 2.181471e-05
3.615000e-10 2.839363e-05 2.176112e-05
3.620000e-10 2.829985e-05 2.170725e-05
3.625000e-10 2.820610e-05 2.165311e-05
3.630000e-10 2.811237e-05 2.159869e-05
3.635000e-10 2.801868e-05 2.154402e-05
3.640000e-10 2.792503e-05 2.148910e-05
3.645000e-10 2.783142e-05 2.143394e-05
3.650000e-10 2.773786e-05 2.137853e-05
3.655000e-10 2.764435e-05 2.132290e-05
3.660000e-10 2.755090e-05 2.126704e-05
3.665000e-10 2.745750e-05 2.121097e-05
3.670000e-10 2.736417e-05 2.115469e-05
3.675000e-10 2.727090e-05 2.109820e-05
3.680000e-10 2.717770e-05 2.104152e-05
3.685000e-10 2.708457e-05 2.098465e-05
3.690000e-10 2.699153e-05 2.092759e-05
3.695000e-10 2.689856e-05 2.087035e-05
3.700000e-10 2.680567e-05 2.081295e-05
3.705000e-10 2.671288e-05 2.075537e-05
3.710000e-10 2.662017e-05 2.069764e-05
3.715000e-10 2.652755e-05 2.063975e-05
3.720000e-10 2.643504e-05 2.058172e-05
3.725000e-10 2.634262e-05 2.052354e-05
3.730000e-10 2.625030e-05 2.046522e-05
3.735000e-10 2.615809e-05 2.040677e-05
3.740000e-10 2.606599e-05 2.034820e-05
3.745000e-10 2.597400e-05 2.028950e-05
3.750000e-10 2.588213e-05 2.023068e-05
3.755000e-10 2.579037e-05 2.017175e-05
3.760000e-10 2.569873e-05 2.011272e-05
3.765000e-10 2.560721e-05 2.005358e-05
3.770000e-10 2.551582e-05 1.999435e-05
3.775000e-10 2.542456e-05 1.993502e-05
3.780000e-10 2.533343e-05 1.987561e-05
3.785000e-10 2.524242e-05 1.981611e-05
3.790000e-10 2.515156e-05 1.975653e-05
3.795000e-10 2.506083e-05 1.969688e-05
3.800000e-10 2.497024e-05 1.963716e-05
3.805000e-10 2.487979e-05 1.957737e-05
3.810000e-10 2.478949e-05 1.951752e-05
3.815000e-10 2.469933e-05 1.945761e-05
3.820000e-10 2.460933e-05 1.939765e-05
3.825000e-10 2.451947e-05 1.933764e-05
3.830000e-10 2.442976e-05 1.927758e-05
3.835000e-10 2.434022e-05 1.921748e-05
3.840000e-10 2.425082e-05 1.915735e-05
3.845000e-10 2.416159e-05 1.909717e-05
3.850000e-10 2.407252e-05 1.903697e-05
3.855000e-10 2.398361e-05 1.897674e-05
3.860000e-10 2.389486e-05 1.891648e-05
3.865000e-10 2.380628e-05 1.885621e-05
3.870000e-10 2.371787e-05 1.879592e-05
3.875000e-10 2.362963e-05 1.873561e-05
3.880000e-10 2.354156e-05 1.867529e-05
3.885000e-10 2.345366e-05 1.861497e-05
3.890000e-10 2.336594e-05 1.855464e-05
3.895000e-10 2.327840e-05 1.849431e-05
3.900000e-10 2.319103e-05 1.843399e-05
3.905000e-10 2.310384e-05 1.837366e-05
3.910000e-10 2.301683e-05 1.831335e-05
3.915000e-10 2.293001e-05 1.825305e-05
3.920000e-10 2.284337e-05 1.819276e-05
3.925000e-10 2.275691e-05 1.813249e-05
3.930000e-10 2.267064e-05 1.807224e-05
3.935000e-10 2.258456e-05 1.801201e-05
3.940000e-10 2.249867e-05 1.795181e-05
3.945000e-10 2.241297e-05 1.789163e-05
3.950000e-10 2.232746e-05 1.783148e-05
3.955000e-10 2.224215e-05 1.777137e-05
3.960000e-10 2.215702e-05 1.771129e-05
3.965000e-10 2.207210e-05 1.765125e-05
3.970000e-10 2.198737e-05 1.759125e-05
3.975000e-10 2.190284e-05 1.753129e-05
3.980000e-10 2.181850e-05 1.747138e-05
3.985000e-10 2.173437e-05 1.741151e-05
3.990000e-10 2.165044e-05 1.735170e-05
3.995000e-10 2.156671e-05 1.729193e-05
4.000000e-10 2.148318e-05 1.723222e-05
4.005000e-10 2.139985e-05 1.717256e-05
4.010000e-10 2.131674e-05 1.711297e-05
4.015000e-10 2.123382e-05 1.705343e-05
4.020000e-10 2.115112e-05 1.699395e-05
4.025000e-10 2.106862e-05 1.693454e-05
4.030000e-10 2.098632e-05 1.687520e-05
4.035000e-10 2.090424e-05 1.681592e-05
4.040000e-10 2.082237e-05 1.675671e-05
4.045000e-10 2.074071e-05 1.669757e-05
4.050000e-10 2.065926e-05 1.663851e-05
4.055000e-10 2.057802e-05 1.657952e-05
4.060000e-10 2.049699e-05 1.652061e-05
4.065000e-10 2.041618e-05 1.646178e-05
4.070000e-10 2.033558e-05 1.640303e-05
4.075000e-10 2.025520e-05 1.634436e-05
4.080000e-10 2.017503e-05 1.628577e-05
4.085000e-10 2.009508e-05 1.622727e-05
4.090000e-10 2.001535e-05 1.616886e-05
4.095000e-10 1.993583e-05 1.611053e-05
4.100000e-10 1.985653e-05 1.605230e-05
4.105000e-10 1.977745e-05 1.599415e-05
4.110000e-10 1.969858e-05 1.593610e-05
4.115000e-10 1.961994e-05 1.587814e-05
4.120000e-10 1.954152e-05 1.582028e-05
4.125000e-10 1.946331e-05 1.576252e-05
4.130000e-10 1.938533e-05 1.570485e-05
4.135000e-10 1.930757e-05 1.564728e-05
4.140000e-10 1.923003e-05 1.558981e-05
4.145000e-10 1.915271e-05 1.553245e-05
4.150000e-10 1.907561e-05 1.547519e-05
4.155000e-10 1.899874e-05 1.541803e-05
4.160000e-10 1.892209e-05 1.536098e-05
4.165000e-10 1.884566e-05 1.530404e-05
4.170000e-10 1.876946e-05 1.524720e-05
4.175000e-10 1.869347e-05 1.519048e-05
4.180000e-10 1.861772e-05 1.513386e-05
4.185000e-10 1.854219e-05 1.507735e-05
4.190000e-10 1.846688e-05 1.502096e-05
4.195000e-10 1.839180e-05 1.496468e-05
4.200000e-10 1.831694e-05 1.490852e-05
4.205000e-10 1.824231e-05 1.485247e-05
4.210000e-10 1.816790e-05 1.479654e-05
4.215000e-10 1.809372e-05 1.474072e-05
4.220000e-10 1.801977e-05 1.468502e-05
4.225000e-10 1.794604e-05 1.462944e-05
4.230000e-10 1.787253e-05 1.457398e-05
4.235000e-10 1.779926e-05 1.451865e-05
4.240000e-10 1.772621e-05 1.446343e-05
4.245000e-10 1.765338e-05 1.440834e-05
4.250000e-10 1.758079e-05 1.435337e-05
4.255000e-10 1.750842e-05 1.429852e-05
4.260000e-10 1.743627e-05 1.424380e-05
4.265000e-10 1.736436e-05 1.418921e-05
4.270000e-10 1.729267e-05 1.413474e-05
4.275000e-10 1.722120e-05 1.408039e-05
4.280000e-10 1.714997e-05 1.402618e-05
4.285000e-10 1.707896e-05 1.397209e-05
4.290000e-10 1.700818e-05 1.391814e-05
4.295000e-10 1.693762e-05 1.386431e-05
4.300000e-10 1.686729e-05 1.381061e-05
4.305000e-10 1.679719e-05 1.375705e-05
4.310000e-10 1.672731e-05 1.370362e-05
4.315000e-10 1.665767e-05 1.365031e-05
4.320000e-10 1.658825e-05 1.359715e-05
4.325000e-10 1.651905e-05 1.354411e-05
4.330000e-10 1.645008e-05 1.349121e-05
4.335000e-10 1.638134e-05 1.343844e-05
4.340000e-10 1.631282e-05 1.338581e-05
4.345000e-10 1.624454e-05 1.333331e-05
4.350000e-10 1.617647e-05 1.328095e-05
4.355000e-10 1.610864e-05 1.322873e-05
4.360000e-10 1.604102e-05 1.317664e-05
4.365000e-10 1.597364e-05 1.312469e-05
4.370000e-10 1.590648e-05 1.307288e-05
4.375000e-10 1.583955e-05 1.302120e-05
4.380000e-10 1.577284e-05 1.296966e-05
4.385000e-10 1.570635e-05 1.291827e-05
4.390000e-10 1.564009e-05 1.286701e-05
4.395000e-10 1.557406e-05 1.281589e-05
4.400000e-10 1.550825e-05 1.276491e-05
4.405000e-10 1.544266e-05 1.271407e-05
4.410000e-10 1.537730e-05 1.266338e-05
4.415000e-10 1.531217e-05 1.261282e-05
4.420000e-10 1.524725e-05 1.256240e-05
4.425000e-10 1.518256e-05 1.251213e-05
4.430000e-10 1.511809e-05 1.246200e-05
4.435000e-10 1.505385e-05 1.241201e-05
4.440000e-10 1.498983e-05 1.236216e-05
4.445000e-10 1.492603e-05 1.231246e-05
4.450000e-10 1.486245e-05 1.226289e-05
4.455000e-10 1.479910e-05 1.221347e-05
4.460000e-10 1.473597e-05 1.216420e-05
4.465000e-10 1.467305e-05 1.211507e-05
4.470000e-10 1.461036e-05 1.206608e-05
4.475000e-10 1.454789e-05 1.201723e-05
4.480000e-10 1.448564e-05 1.196853e-05
4.485000e-10 1.442361e-05 1.191998e-05
4.490000e-10 1.436180e-05 1.187157e-05
4.495000e-10 1.430021e-05 1.182330e-05
4.500000e-10 1.423884e-05 1.177518e-05
4.505000e-10 1.417769e-05 1.172720e-05
4.510000e-10 1.411676e-05 1.167937e-05
4.515000e-10 1.405604e-05 1.163168e-05
4.520000e-10 1.399554e-05 1.158413e-05
4.525000e-10 1.393526e-05 1.153674e-05
4.530000e-10 1.387520e-05 1.148949e-05
4.535000e-10 1.381535e-05 1.144238e-05
4.540000e-10 1.375572e-05 1.139542e-05
4.545000e-10 1.369631e-05 1.134860e-05
4.550000e-10 1.363711e-05 1.130193e-05
4.555000e-10 1.357813e-05 1.125541e-05
4.560000e-10 1.351936e-05 1.120903e-05
4.565000e-10 1.346081e-05 1.116280e-05
4.570000e-10 1.340247e-05 1.111671e-05
4.575000e-10 1.334434e-05 1.107077e-05
4.580000e-10 1.328643e-05 1.102498e-05
4.585000e-10 1.322873e-05 1.097933e-05
4.590000e-10 1.317124e-05 1.093383e-05
4.595000e-10 1.311397e-05 1.088847e-05
4.600000e-10 1.305691e-05 1.084326e-05
4.605000e-10 1.300006e-05 1.079819e-05
4.610000e-10 1.294341e-05 1.075327e-05
4.615000e-10 1.288698e-05 1.070850e-05
4.620000e-10 1.283076e-05 1.066387e-05
4.625000e-10 1.277475e-05 1.061939e-05
4.630000e-10 1.271895e-05 1.057505e-05
4.635000e-10 1.266336e-05 1.053086e-05
4.640000e-10 1.260797e-05 1.048682e-05
4.645000e-10 1.255280e-05 1.044292e-05
4.650000e-10 1.249783e-05 1.039916e-05
4.655000e-10 1.244306e-05 1.035555e-05
4.660000e-10 1.238851e-05 1.031209e-05
4.665000e-10 1.233416e-05 1.026877e-05
4.670000e-10 1.228001e-05 1.022559e-05
4.675000e-10 1.222607e-05 1.018256e-05
4.680000e-10 1.217234e-05 1.013968e-05
4.685000e-10 1.211881e-05 1.009694e-05
4.690000e-10 1.206548e-05 1.005435e-05
4.695000e-10 1.201235e-05 1.001190e-05
4.700000e-10 1.195943e-05 9.969589e-06
4.705000e-10 1.190671e-05 9.927427e-06
4.710000e-10 1.185420e-05 9.885409e-06
4.715000e-10 1.180188e-05 9.843535e-06
4.720000e-10 1.174977e-05 9.801805e-06
4.725000e-10 1.169785e-05 9.760218e-06
4.730000e-10 1.164614e-05 9.718775e-06
4.735000e-10 1.159462e-05 9.677475e-06
4.740000e-10 1.154330e-05 9.636319e-06
4.745000e-10 1.149219e-05 9.595305e-06
4.750000e-10 1.144127e-05 9.554434e-06
4.755000e-10 1.139054e-05 9.513706e-06
4.760000e-10 1.134002e-05 9.473121e-06
4.765000e-10 1.128969e-05 9.432677e-06
4.770000e-10 1.123955e-05 9.392376e-06
4.775000e-10 1.118961e-05 9.352217e-06
4.780000e-10 1.113987e-05 9.312199e-06
4.785000e-10 1.109032e-05 9.272323e-06
4.790000e-10 1.104096e-05 9.232588e-06
4.795000e-10 1.099180e-05 9.192994e-06
4.800000e-10 1.094283e-05 9.153542e-06
4.805000e-10 1.089406e-05 9.114229e-06
4.810000e-10 1.084547e-05 9.075058e-06
4.815000e-10 1.079708e-05 9.036026e-06
4.820000e-10 1.074887e-05 8.997135e-06
4.825000e-10 1.070086e-05 8.958384e-06
4.830000e-10 1.065304e-05 8.919772e-06
4.835000e-10 1.060540e-05 8.881299e-06
4.840000e-10 1.055796e-05 8.842966e-06
4.845000e-10 1.051070e-05 8.804771e-06
4.850000e-10 1.046363e-05 8.766715e-06
4.855000e-10 1.041675e-05 8.728798e-06
4.860000e-10 1.037005e-05 8.691018e-06
4.865000e-10 1.032354e-05 8.653377e-06
4.870000e-10 1.027722e-05 8.615873e-06
4.875000e-10 1.023108e-05 8.578506e-06
4.880000e-10 1.018512e-05 8.541277e-06
4.885000e-10 1.013935e-05 8.504185e-06
4.890000e-10 1.009376e-05 8.467229e-06
4.895000e-10 1.004836e-05 8.430409e-06
4.900000e-10 1.000314e-05 8.393726e-06
4.905000e-10 9.958097e-06 8.357178e-06
4.910000e-10 9.913237e-06 8.320766e-06
4.915000e-10 9.868559e-06 8.284489e-06
4.920000e-10 9.824061e-06 8.248348e-06
4.925000e-10 9.779742e-06 8.212341e-06
4.930000e-10 9.735603e-06 8.176468e-06
4.935000e-10 9.691642e-06 8.140730e-06
4.940000e-10 9.647859e-06 8.105125e-06
4.945000e-10 9.604254e-06 8.069654e-06
4.950000e-10 9.560826e-06 8.034317e-06
4.955000e-10 9.517575e-06 7.999112e-06
4.960000e-10 9.474499e-06 7.964040e-06
4.965000e-10 9.431599e-06 7.929101e-06
4.970000e-10 9.388873e-06 7.894293e-06
4.975000e-10 9.346322e-06 7.859618e-06
4.980000e-10 9.303945e-06 7.825074e-06
4.985000e-10 9.261740e-06 7.790661e-06
4.990000e-10 9.219709e-06 7.756379e-06
4.995000e-10 9.177850e-06 7.722228e-06
5.000000e-10 9.136162e-06 7.688207e-06
5.005000e-10 9.094646e-06 7.654316e-06
5.010000e-10 9.053300e-06 7.620555e-06
5.015000e-10 9.012124e-06 7.586924e-06
5.020000e-10 8.971117e-06 7.553421e-06
5.025000e-10 8.930280e-06 7.520047e-06
5.030000e-10 8.889610e-06 7.486802e-06
5.035000e-10 8.849109e-06 7.453685e-06
5.040000e-10 8.808775e-06 7.420695e-06
5.045000e-10 8.768608e-06 7.387834e-06
5.050000e-10 8.728607e-06 7.355099e-06
5.055000e-10 8.688772e-06 7.322491e-06
5.060000e-10 8.649102e-06 7.290010e-06
5.065000e-10 8.609596e-06 7.257655e-06
5.070000e-10 8.570255e-06 7.225426e-06
5.075000e-10 8.531077e-06 7.193323e-06
5.080000e-10 8.492063e-06 7.161345e-06
5.085000e-10 8.453210e-06 7.129491e-06
5.090000e-10 8.414520e-06 7.097763e-06
5.095000e-10 8.375991e-06 7.066158e-06
5.100000e-10 8.337623e-06 7.034678e-06
5.105000e-10 8.299415e-06 7.003321e-06
5.110000e-10 8.261368e-06 6.972088e-06
5.115000e-10 8.223479e-06 6.940977e-06
5.120000e-10 8.185749e-06 6.909990e-06
5.125000e-10 8.148178e-06 6.879124e-06
5.130000e-10 8.110764e-06 6.848380e-06
5.135000e-10 8.073507e-06 6.817758e-06
5.140000e-10 8.036407e-06 6.787258e-06
5.145000e-10 7.999463e-06 6.756878e-06
5.150000e-10 7.962674e-06 6.726619e-06
5.155000e-10 7.926041e-06 6.696480e-06
5.160000e-10 7.889562e-06 6.666461e-06
5.165000e-10 7.853237e-06 6.636562e-06
5.170000e-10 7.817065e-06 6.606782e-06
5.175000e-10 7.781046e-06 6.577121e-06
5.180000e-10 7.745180e-06 6.547579e-06
5.185000e-10 7.709466e-06 6.518155e-06
5.190000e-10 7.673902e-06 6.488848e-06
5.195000e-10 7.638490e-06 6.459660e-06
5.200000e-10 7.603228e-06 6.430588e-06
5.205000e-10 7.568116e-06 6.401634e-06
5.210000e-10 7.533153e-06 6.372796e-06
5.215000e-10 7.498338e-06 6.344074e-06
5.220000e-10 7.463672e-06 6.315468e-06
5.225000e-10 7.429154e-06 6.286977e-06
5.230000e-10 7.394783e-06 6.258602e-06
5.235000e-10 7.360558e-06 6.230341e-06
5.240000e-10 7.326479e-06 6.202195e-06
5.245000e-10 7.292546e-06 6.174164e-06
5.250000e-10 7.258758e-06 6.146245e-06
5.255000e-10 7.225115e-06 6.118441e-06
5.260000e-10 7.191616e-06 6.090749e-06
5.265000e-10 7.158260e-06 6.063170e-06
5.270000e-10 7.125047e-06 6.035704e-06
5.275000e-10 7.091977e-06 6.008350e-06
5.280000e-10 7.059049e-06 5.981107e-06
5.285000e-10 7.026262e-06 5.953976e-06
5.290000e-10 6.993616e-06 5.926956e-06
5.295000e-10 6.961111e-06 5.900046e-06
5.300000e-10 6.928745e-06 5.873247e-06
5.305000e-10 6.896519e-06 5.846558e-06
5.310000e-10 6.864432e-06 5.819978e-06
5.315000e-10 6.832484e-06 5.793508e-06
5.320000e-10 6.800673e-06 5.767147e-06
5.325000e-10 6.769000e-06 5.740894e-06
5.330000e-10 6.737464e-06 5.714750e-06
5.335000e-10 6.706064e-06 5.688713e-06
5.340000e-10 6.674800e-06 5.662784e-06
5.345000e-10 6.643671e-06 5.636962e-06
5.350000e-10 6.612678e-06 5.611247e-06
5.355000e-10 6.581819e-06 5.585639e-06
5.360000e-10 6.551093e-06 5.560137e-06
5.365000e-10 6.520501e-06 5.534741e-06
5.370000e-10 6.490043e-06 5.509450e-06
5.375000e-10 6.459716e-06 5.484264e-06
5.380000e-10 6.429522e-06 5.459183e-06
5.385000e-10 6.399459e-06 5.434207e-06
5.390000e-10 6.369527e-06 5.409334e-06
5.395000e-10 6.339725e-06 5.384566e-06
5.400000e-10 6.310053e-06 5.359901e-06
5.405000e-10 6.280511e-06 5.335339e-06
5.410000e-10 6.251098e-06 5.310879e-06
5.415000e-10 6.221814e-06 5.286522e-06
5.420000e-10 6.192657e-06 5.262267e-06
5.425000e-10 6.163628e-06 5.238114e-06
5.430000e-10 6.134726e-06 5.214062e-06
5.435000e-10 6.105951e-06 5.190112e-06
5.440000e-10 6.077302e-06 5.166262e-06
5.445000e-10 6.048779e-06 5.142512e-06
5.450000e-10 6.020380e-06 5.118862e-06
5.455000e-10 5.992107e-06 5.095312e-06
5.460000e-10 5.963957e-06 5.071861e-06
5.465000e-10 5.935932e-06 5.048509e-06
5.470000e-10 5.908029e-06 5.025256e-06
5.475000e-10 5.880250e-06 5.002101e-06
5.480000e-10 5.852592e-06 4.979044e-06
5.485000e-10 5.825057e-06 4.956085e-06
5.490000e-10 5.797643e-06 4.933223e-06
5.495000e-10 5.770350e-06 4.910458e-06
5.500000e-10 5.743177e-06 4.887790e-06
5.505000e-10 5.716125e-06 4.865217e-06
5.510000e-10 5.689192e-06 4.842741e-06
5.515000e-10 5.662377e-06 4.820360e-06
5.520000e-10 5.635682e-06 4.798075e-06
5.525000e-10 5.609105e-06 4.775885e-06
5.530000e-10 5.582645e-06 4.753789e-06
5.535000e-10 5.556303e-06 4.731787e-06
5.540000e-10 5.530077e-06 4.709880e-06
5.545000e-10 5.503968e-06 4.688065e-06
5.550000e-10 5.477974e-06 4.666345e-06
5.555000e-10 5.452096e-06 4.644717e-06
5.560000e-10 5.426333e-06 4.623182e-06
5.565000e-10 5.400685e-06 4.601739e-06
5.570000e-10 5.375150e-06 4.580387e-06
5.575000e-10 5.349729e-06 4.559128e-06
5.580000e-10 5.324421e-06 4.537960e-06
5.585000e-10 5.299226e-06 4.516883e-06
5.590000e-10 5.274144e-06 4.495896e-06
5.595000e-10 5.249173e-06 4.475000e-06
5.600000e-10 5.224313e-06 4.454193e-06
5.605000e-10 5.199564e-06 4.433477e-06
5.610000e-10 5.174926e-06 4.412849e-06
5.615000e-10 5.150398e-06 4.392311e-06
5.620000e-10 5.125980e-06 4.371861e-06
5.625000e-10 5.101671e-06 4.351500e-06
5.630000e-10 5.077470e-06 4.331227e-06
5.635000e-10 5.053378e-06 4.311041e-06
5.640000e-10 5.029394e-06 4.290943e-06
5.645000e-10 5.005517e-06 4.270932e-06
5.650000e-10 4.981748e-06 4.251007e-06
5.655000e-10 4.958085e-06 4.231169e-06
5.660000e-10 4.934528e-06 4.211417e-06
5.665000e-10 4.911076e-06 4.191751e-06
5.670000e-10 4.887731e-06 4.172170e-06
5.675000e-10 4.864490e-06 4.152675e-06
5.680000e-10 4.841353e-06 4.133264e-06
5.685000e-10 4.818321e-06 4.113938e-06
5.690000e-10 4.795392e-06 4.094696e-06
5.695000e-10 4.772567e-06 4.075538e-06
5.700000e-10 4.749844e-06 4.056463e-06
5.705000e-10 4.727224e-06 4.037472e-06
5.710000e-10 4.704706e-06 4.018563e-06
5.715000e-10 4.682289e-06 3.999737e-06
5.720000e-10 4.659973e-06 3.980994e-06
5.725000e-10 4.637758e-06 3.962332e-06
5.730000e-10 4.615644e-06 3.943753e-06
5.735000e-10 4.593629e-06 3.925254e-06
5.740000e-10 4.571714e-06 3.906837e-06
5.745000e-10 4.549898e-06 3.888501e-06
5.750000e-10 4.528181e-06 3.870245e-06
5.755000e-10 4.506562e-06 3.852069e-06
5.760000e-10 4.485041e-06 3.833973e-06
5.765000e-10 4.463618e-06 3.815956e-06
5.770000e-10 4.442292e-06 3.798019e-06
5.775000e-10 4.421062e-06 3.780161e-06
5.780000e-10 4.399929e-06 3.762381e-06
5.785000e-10 4.378891e-06 3.744680e-06
5.790000e-10 4.357949e-06 3.727056e-06
5.795000e-10 4.337102e-06 3.709511e-06
5.800000e-10 4.316350e-06 3.692043e-06
5.805000e-10 4.295693e-06 3.674652e-06
5.810000e-10 4.275129e-06 3.657337e-06
5.815000e-10 4.254659e-06 3.640100e-06
5.820000e-10 4.234282e-06 3.622938e-06
5.825000e-10 4.213998e-06 3.605853e-06
5.830000e-10 4.193806e-06 3.588843e-06
5.835000e-10 4.173706e-06 3.571909e-06
5.840000e-10 4.153698e-06 3.555050e-06
5.845000e-10 4.133781e-06 3.538265e-06
5.850000e-10 4.113955e-06 3.521555e-06
5.855000e-10 4.094220e-06 3.504919e-06
5.860000e-10 4.074575e-06 3.488357e-06
5.865000e-10 4.055019e-06 3.471869e-06
5.870000e-10 4.035553e-06 3.455454e-06
5.875000e-10 4.016176e-06 3.439112e-06
5.880000e-10 3.996887e-06 3.422842e-06
5.885000e-10 3.977687e-06 3.406645e-06
5.890000e-10 3.958575e-06 3.390521e-06
5.895000e-10 3.939550e-06 3.374468e-06
5.900000e-10 3.920613e-06 3.358487e-06
5.905000e-10 3.901762e-06 3.342577e-06
5.910000e-10 3.882997e-06 3.326738e-06
5.915000e-10 3.864319e-06 3.310970e-06
5.920000e-10 3.845727e-06 3.295273e-06
5.925000e-10 3.827219e-06 3.279645e-06
5.930000e-10 3.808797e-06 3.264088e-06
5.935000e-10 3.790460e-06 3.248600e-06
5.940000e-10 3.772206e-06 3.233182e-06
5.945000e-10 3.754037e-06 3.217833e-06
5.950000e-10 3.735951e-06 3.202552e-06
5.955000e-10 3.717948e-06 3.187340e-06
5.960000e-10 3.700029e-06 3.172196e-06
5.965000e-10 3.682192e-06 3.157121e-06
5.970000e-10 3.664436e-06 3.142113e-06
5.975000e-10 3.646763e-06 3.127172e-06
5.980000e-10 3.629171e-06 3.112299e-06
5.985000e-10 3.611661e-06 3.097492e-06
5.990000e-10 3.594231e-06 3.082752e-06
5.995000e-10 3.576882e-06 3.068079e-06
6.000000e-10 3.559612e-06 3.053471e-06
6.005000e-10 3.542423e-06 3.038930e-06
6.010000e-10 3.525312e-06 3.024454e-06
6.015000e-10 3.508281e-06 3.010043e-06
6.020000e-10 3.491329e-06 2.995697e-06
6.025000e-10 3.474455e-06 2.981416e-06
6.030000e-10 3.457659e-06 2.967200e-06
6.035000e-10 3.440941e-06 2.953047e-06
6.040000e-10 3.424300e-06 2.938959e-06
6.045000e-10 3.407736e-06 2.924935e-06
6.050000e-10 3.391250e-06 2.910974e-06
6.055000e-10 3.374839e-06 2.897076e-06
6.060000e-10 3.358504e-06 2.883241e-06
6.065000e-10 3.342246e-06 2.869469e-06
6.070000e-10 3.326062e-06 2.855759e-06
6.075000e-10 3.309954e-06 2.842111e-06
6.080000e-10 3.293921e-06 2.828525e-06
6.085000e-10 3.277962e-06 2.815001e-06
6.090000e-10 3.262077e-06 2.801539e-06
6.095000e-10 3.246266e-06 2.788137e-06
6.100000e-10 3.230529e-06 2.774797e-06
6.105000e-10 3.214864e-06 2.761517e-06
6.110000e-10 3.199273e-06 2.748297e-06
6.115000e-10 3.183754e-06 2.735138e-06
6.120000e-10 3.168307e-06 2.722038e-06
6.125000e-10 3.152933e-06 2.708998e-06
6.130000e-10 3.137630e-06 2.696018e-06
6.135000e-10 3.122398e-06 2.683097e-06
6.140000e-10 3.107237e-06 2.670234e-06
6.145000e-10 3.092147e-06 2.657431e-06
6.150000e-10 3.077127e-06 2.644686e-06
6.155000e-10 3.062178e-06 2.631999e-06
6.160000e-10 3.047298e-06 2.619369e-06
6.165000e-10 3.032487e-06 2.606798e-06
6.170000e-10 3.017746e-06 2.594284e-06
6.175000e-10 3.003074e-06 2.581827e-06
6.180000e-10 2.988470e-06 2.569428e-06
6.185000e-10 2.973934e-06 2.557085e-06
6.190000e-10 2.959467e-06 2.544798e-06
6.195000e-10 2.945067e-06 2.532568e-06
6.200000e-10 2.930734e-06 2.520394e-06
6.205000e-10 2.916469e-06 2.508275e-06
6.210000e-10 2.902270e-06 2.496213e-06
6.215000e-10 2.888138e-06 2.484205e-06
6.220000e-10 2.874072e-06 2.472253e-06
6.225000e-10 2.860072e-06 2.460355e-06
6.230000e-10 2.846137e-06 2.448512e-06
6.235000e-10 2.832268e-06 2.436724e-06
6.240000e-10 2.818464e-06 2.424990e-06
6.245000e-10 2.804725e-06 2.413309e-06
6.250000e-10 2.791050e-06 2.401683e-06
6.255000e-10 2.777440e-06 2.390110e-06
6.260000e-10 2.763893e-06 2.378590e-06
6.265000e-10 2.750410e-06 2.367123e-06
6.270000e-10 2.736990e-06 2.355709e-06
6.275000e-10 2.723634e-06 2.344348e-06
6.280000e-10 2.710340e-06 2.333039e-06
6.285000e-10 2.697108e-06 2.321782e-06
6.290000e-10 2.683939e-06 2.310577e-06
6.295000e-10 2.670832e-06 2.299424e-06
6.300000e-10 2.657787e-06 2.288322e-06
6.305000e-10 2.644803e-06 2.277272e-06
6.310000e-10 2.631880e-06 2.266272e-06
6.315000e-10 2.619018e-06 2.255324e-06
6.320000e-10 2.606217e-06 2.244426e-06
6.325000e-10 2.593476e-06 2.233578e-06
6.330000e-10 2.580795e-06 2.222781e-06
6.335000e-10 2.568174e-06 2.212033e-06
6.340000e-10 2.555612e-06 2.201336e-06
6.345000e-10 2.543110e-06 2.190688e-06
6.350000e-10 2.530667e-06 2.180089e-06
6.355000e-10 2.518282e-06 2.169539e-06
6.360000e-10 2.505956e-06 2.159039e-06
6.365000e-10 2.493689e-06 2.148587e-06
6.370000e-10 2.481479e-06 2.138183e-06
6.375000e-10 2.469327e-06 2.127828e-06
6.380000e-10 2.457232e-06 2.117521e-06
6.385000e-10 2.445195e-06 2.107261e-06
6.390000e-10 2.433214e-06 2.097050e-06
6.395000e-10 2.421290e-06 2.086885e-06
6.400000e-10 2.409423e-06 2.076768e-06
6.405000e-10 2.397612e-06 2.066699e-06
6.410000e-10 2.385857e-06 2.056675e-06
6.415000e-10 2.374157e-06 2.046699e-06
6.420000e-10 2.362513e-06 2.036769e-06
6.425000e-10 2.350924e-06 2.026885e-06
6.430000e-10 2.339390e-06 2.017048e-06
6.435000e-10 2.327911e-06 2.007256e-06
6.440000e-10 2.316486e-06 1.997510e-06
6.445000e-10 2.305116e-06 1.987809e-06
6.450000e-10 2.293799e-06 1.978153e-06
6.455000e-10 2.282536e-06 1.968543e-06
6.460000e-10 2.271327e-06 1.958977e-06
6.465000e-10 2.260171e-06 1.949456e-06
6.470000e-10 2.249067e-06 1.939980e-06
6.475000e-10 2.238017e-06 1.930547e-06
6.480000e-10 2.227019e-06 1.921159e-06
6.485000e-10 2.216074e-06 1.911815e-06
6.490000e-10 2.205180e-06 1.902514e-06
6.495000e-10 2.194338e-06 1.893257e-06
6.500000e-10 2.183548e-06 1.884043e-06
6.505000e-10 2.172809e-06 1.874873e-06
6.510000e-10 2.162122e-06 1.865745e-06
6.515000e-10 2.151485e-06 1.856660e-06
6.520000e-10 2.140899e-06 1.847618e-06
6.525000e-10 2.130363e-06 1.838618e-06
6.530000e-10 2.119878e-06 1.829660e-06
6.535000e-10 2.109442e-06 1.820744e-06
6.540000e-10 2.099057e-06 1.811870e-06
6.545000e-10 2.088721e-06 1.803038e-06
6.550000e-10 2.078434e-06 1.794247e-06
6.555000e-10 2.068196e-06 1.785497e-06
6.560000e-10 2.058007e-06 1.776788e-06
6.565000e-10 2.047867e-06 1.768121e-06
6.570000e-10 2.037775e-06 1.759494e-06
6.575000e-10 2.027731e-06 1.750907e-06
6.580000e-10 2.017736e-06 1.742361e-06
6.585000e-10 2.007788e-06 1.733855e-06
6.590000e-10 1.997887e-06 1.725390e-06
6.595000e-10 1.988034e-06 1.716964e-06
6.600000e-10 1.978228e-06 1.708577e-06
6.605000e-10 1.968469e-06 1.700230e-06
6.610000e-10 1.958757e-06 1.691923e-06
6.615000e-10 1.949091e-06 1.683655e-06
6.620000e-10 1.939471e-06 1.675425e-06
6.625000e-10 1.929898e-06 1.667235e-06
6.630000e-10 1.920370e-06 1.659082e-06
6.635000e-10 1.910888e-06 1.650969e-06
6.640000e-10 1.901451e-06 1.642894e-06
6.645000e-10 1.892060e-06 1.634856e-06
6.650000e-10 1.882714e-06 1.626857e-06
6.655000e-10 1.873412e-06 1.618896e-06
6.660000e-10 1.864155e-06 1.610972e-06
6.665000e-10 1.854942e-06 1.603085e-06
6.670000e-10 1.845774e-06 1.595236e-06
6.675000e-10 1.836649e-06 1.587424e-06
6.680000e-10 1.827569e-06 1.579649e-06
6.685000e-10 1.818532e-06 1.571911e-06
6.690000e-10 1.809538e-06 1.564209e-06
6.695000e-10 1.800588e-06 1.556544e-06
6.700000e-10 1.791680e-06 1.548915e-06
6.705000e-10 1.782815e-06 1.541322e-06
6.710000e-10 1.773993e-06 1.533765e-06
6.715000e-10 1.765214e-06 1.526244e-06
6.720000e-10 1.756476e-06 1.518758e-06
6.725000e-10 1.747781e-06 1.511308e-06
6.730000e-10 1.739127e-06 1.503894e-06
6.735000e-10 1.730515e-06 1.496514e-06
6.740000e-10 1.721945e-06 1.489170e-06
6.745000e-10 1.713416e-06 1.481860e-06
6.750000e-10 1.704927e-06 1.474585e-06
6.755000e-10 1.696480e-06 1.467345e-06
6.760000e-10 1.688073e-06 1.460139e-06
6.765000e-10 1.679707e-06 1.452967e-06
6.770000e-10 1.671381e-06 1.445829e-06
6.775000e-10 1.663096e-06 1.438725e-06
6.780000e-10 1.654850e-06 1.431655e-06
6.785000e-10 1.646644e-06 1.424619e-06
6.790000e-10 1.638477e-06 1.417616e-06
6.795000e-10 1.630350e-06 1.410646e-06
6.800000e-10 1.622263e-06 1.403710e-06
6.805000e-10 1.614214e-06 1.396806e-06
6.810000e-10 1.606204e-06 1.389935e-06
6.815000e-10 1.598232e-06 1.383098e-06
6.820000e-10 1.590300e-06 1.376292e-06
6.825000e-10 1.582405e-06 1.369519e-06
6.830000e-10 1.574549e-06 1.362779e-06
6.835000e-10 1.566730e-06 1.356070e-06
6.840000e-10 1.558950e-06 1.349394e-06
6.845000e-10 1.551207e-06 1.342749e-06
6.850000e-10 1.543501e-06 1.336136e-06
6.855000e-10 1.535833e-06 1.329555e-06
6.860000e-10 1.528202e-06 1.323005e-06
6.865000e-10 1.520607e-06 1.316486e-06
6.870000e-10 1.513050e-06 1.309998e-06
6.875000e-10 1.505529e-06 1.303541e-06
6.880000e-10 1.498044e-06 1.297116e-06
6.885000e-10 1.490596e-06 1.290721e-06
6.890000e-10 1.483184e-06 1.284356e-06
6.895000e-10 1.475807e-06 1.278022e-06
6.900000e-10 1.468467e-06 1.271718e-06
6.905000e-10 1.461161e-06 1.265444e-06
6.910000e-10 1.453892e-06 1.259201e-06
6.915000e-10 1.446657e-06 1.252987e-06
6.920000e-10 1.439458e-06 1.246803e-06
6.925000e-10 1.432293e-06 1.240649e-06
6.930000e-10 1.425164e-06 1.234524e-06
6.935000e-10 1.418069e-06 1.228428e-06
6.940000e-10 1.411008e-06 1.222362e-06
6.945000e-10 1.403981e-06 1.216324e-06
6.950000e-10 1.396989e-06 1.210316e-06
6.955000e-10 1.390031e-06 1.204336e-06
6.960000e-10 1.383106e-06 1.198385e-06
6.965000e-10 1.376215e-06 1.192463e-06
6.970000e-10 1.369358e-06 1.186569e-06
6.975000e-10 1.362533e-06 1.180703e-06
6.980000e-10 1.355742e-06 1.174866e-06
6.985000e-10 1.348984e-06 1.169056e-06
6.990000e-10 1.342259e-06 1.163274e-06
6.995000e-10 1.335567e-06 1.157521e-06
7.000000e-10 1.328907e-06 1.151794e-06
7.005000e-10 1.322279e-06 1.146096e-06
7.010000e-10 1.315684e-06 1.140424e-06
7.015000e-10 1.309121e-06 1.134780e-06
7.020000e-10 1.302589e-06 1.129163e-06
7.025000e-10 1.296090e-06 1.123573e-06
7.030000e-10 1.289622e-06 1.118010e-06
7.035000e-10 1.283186e-06 1.112474e-06
7.040000e-10 1.276781e-06 1.106965e-06
7.045000e-10 1.270407e-06 1.101481e-06
7.050000e-10 1.264064e-06 1.096025e-06
7.055000e-10 1.257752e-06 1.090594e-06
7.060000e-10 1.251471e-06 1.085190e-06
7.065000e-10 1.245221e-06 1.079812e-06
7.070000e-10 1.239001e-06 1.074459e-06
7.075000e-10 1.232811e-06 1.069133e-06
7.080000e-10 1.226652e-06 1.063832e-06
7.085000e-10 1.220522e-06 1.058557e-06
7.090000e-10 1.214423e-06 1.053307e-06
7.095000e-10 1.208353e-06 1.048082e-06
7.100000e-10 1.202313e-06 1.042883e-06
7.105000e-10 1.196302e-06 1.037709e-06
7.110000e-10 1.190321e-06 1.032560e-06
7.115000e-10 1.184369e-06 1.027435e-06
7.120000e-10 1.178446e-06 1.022336e-06
7.125000e-10 1.172552e-06 1.017260e-06
7.130000e-10 1.166686e-06 1.012210e-06
7.135000e-10 1.160850e-06 1.007184e-06
7.140000e-10 1.155042e-06 1.002182e-06
7.145000e-10 1.149262e-06 9.972044e-07
7.150000e-10 1.143510e-06 9.922508e-07
7.155000e-10 1.137787e-06 9.873212e-07
7.160000e-10 1.132092e-06 9.824154e-07
7.165000e-10 1.126424e-06 9.775333e-07
7.170000e-10 1.120784e-06 9.726749e-07
7.175000e-10 1.115172e-06 9.678399e-07
7.180000e-10 1.109588e-06 9.630284e-07
7.185000e-10 1.104030e-06 9.582402e-07
7.190000e-10 1.098500e-06 9.534752e-07
7.195000e-10 1.092997e-06 9.487332e-07
7.200000e-10 1.087521e-06 9.440142e-07
7.205000e-10 1.082072e-06 9.393181e-07
7.210000e-10 1.076649e-06 9.346447e-07
7.215000e-10 1.071253e-06 9.299940e-07
7.220000e-10 1.065883e-06 9.253658e-07
7.225000e-10 1.060540e-06 9.207601e-07
7.230000e-10 1.055223e-06 9.161767e-07
7.235000e-10 1.049932e-06 9.116155e-07
7.240000e-10 1.044667e-06 9.070765e-07
7.245000e-10 1.039428e-06 9.025595e-07
7.250000e-10 1.034214e-06 8.980644e-07
7.255000e-10 1.029026e-06 8.935912e-07
7.260000e-10 1.023864e-06 8.891397e-07
7.265000e-10 1.018726e-06 8.847097e-07
7.270000e-10 1.013614e-06 8.803013e-07
7.275000e-10 1.008528e-06 8.759144e-07
7.280000e-10 1.003466e-06 8.715487e-07
7.285000e-10 9.984287e-07 8.672042e-07
7.290000e-10 9.934164e-07 8.628809e-07
7.295000e-10 9.884287e-07 8.585786e-07
7.300000e-10 9.834655e-07 8.542972e-07
7.305000e-10 9.785268e-07 8.500367e-07
7.310000e-10 9.736123e-07 8.457968e-07
7.315000e-10 9.687220e-07 8.415776e-07
7.320000e-10 9.638557e-07 8.373789e-07
7.325000e-10 9.590133e-07 8.332007e-07
7.330000e-10 9.541947e-07 8.290428e-07
7.335000e-10 9.493999e-07 8.249052e-07
7.340000e-10 9.446286e-07 8.207877e-07
7.345000e-10 9.398809e-07 8.166902e-07
7.350000e-10 9.351564e-07 8.126127e-07
7.355000e-10 9.304553e-07 8.085551e-07
7.360000e-10 9.257772e-07 8.045173e-07
7.365000e-10 9.211222e-07 8.004991e-07
7.370000e-10 9.164902e-07 7.965005e-07
7.375000e-10 9.118809e-07 7.925215e-07
7.380000e-10 9.072943e-07 7.885618e-07
7.385000e-10 9.027304e-07 7.846215e-07
7.390000e-10 8.981889e-07 7.807003e-07
7.395000e-10 8.936698e-07 7.767983e-07
7.400000e-10 8.891730e-07 7.729154e-07
7.405000e-10 8.846983e-07 7.690514e-07
7.410000e-10 8.802457e-07 7.652063e-07
7.415000e-10 8.758151e-07 7.613799e-07
7.420000e-10 8.714063e-07 7.575723e-07
7.425000e-10 8.670192e-07 7.537832e-07
7.430000e-10 8.626538e-07 7.500127e-07
7.435000e-10 8.583099e-07 7.462605e-07
7.440000e-10 8.539875e-07 7.425267e-07
7.445000e-10 8.496864e-07 7.388112e-07
7.450000e-10 8.454065e-07 7.351138e-07
7.455000e-10 8.411477e-07 7.314345e-07
7.460000e-10 8.369100e-07 7.277732e-07
7.465000e-10 8.326932e-07 7.241298e-07
7.470000e-10 8.284972e-07 7.205043e-07
7.475000e-10 8.243220e-07 7.168965e-07
7.480000e-10 8.201674e-07 7.133063e-07
7.485000e-10 8.160333e-07 7.097337e-07
7.490000e-10 8.119196e-07 7.061786e-07
7.495000e-10 8.078263e-07 7.026409e-07
7.500000e-10 8.037532e-07 6.991205e-07
7.505000e-10 7.997002e-07 6.956174e-07
7.510000e-10 7.956673e-07 6.921314e-07
7.515000e-10 7.916543e-07 6.886626e-07
7.520000e-10 7.876612e-07 6.852107e-07
7.525000e-10 7.836878e-07 6.817757e-07
7.530000e-10 7.797341e-07 6.783576e-07
7.535000e-10 7.757999e-07 6.749562e-07
7.540000e-10 7.718852e-07 6.715715e-07
7.545000e-10 7.679899e-07 6.682034e-07
7.550000e-10 7.641139e-07 6.648519e-07
7.555000e-10 7.602570e-07 6.615168e-07
7.560000e-10 7.564193e-07 6.581980e-07
7.565000e-10 7.526005e-07 6.548955e-07
7.570000e-10 7.488007e-07 6.516093e-07
7.575000e-10 7.450197e-07 6.483391e-07
7.580000e-10 7.412574e-07 6.450851e-07
7.585000e-10 7.375137e-07 6.418470e-07
7.590000e-10 7.337887e-07 6.386248e-07
7.595000e-10 7.300820e-07 6.354185e-07
7.600000e-10 7.263938e-07 6.322279e-07
7.605000e-10 7.227238e-07 6.290529e-07
7.610000e-10 7.190720e-07 6.258936e-07
7.615000e-10 7.154384e-07 6.227498e-07
7.620000e-10 7.118227e-07 6.196215e-07
7.625000e-10 7.082250e-07 6.165085e-07
7.630000e-10 7.046452e-07 6.134109e-07
7.635000e-10 7.010831e-07 6.103285e-07
7.640000e-10 6.975386e-07 6.072613e-07
7.645000e-10 6.940118e-07 6.042091e-07
7.650000e-10 6.905025e-07 6.011720e-07
7.655000e-10 6.870106e-07 5.981498e-07
7.660000e-10 6.835360e-07 5.951425e-07
7.665000e-10 6.800787e-07 5.921500e-07
7.670000e-10 6.766385e-07 5.891722e-07
7.675000e-10 6.732155e-07 5.862092e-07
7.680000e-10 6.698094e-07 5.832606e-07
7.685000e-10 6.664203e-07 5.803267e-07
7.690000e-10 6.630480e-07 5.774071e-07
7.695000e-10 6.596924e-07 5.745020e-07
7.700000e-10 6.563536e-07 5.716112e-07
7.705000e-10 6.530313e-07 5.687346e-07
7.710000e-10 6.497256e-07 5.658722e-07
7.715000e-10 6.464362e-07 5.630240e-07
7.720000e-10 6.431633e-07 5.601897e-07
7.725000e-10 6.399066e-07 5.573695e-07
7.730000e-10 6.366661e-07 5.545632e-07
7.735000e-10 6.334418e-07 5.517707e-07
7.740000e-10 6.302334e-07 5.489920e-07
7.745000e-10 6.270411e-07 5.462270e-07
7.750000e-10 6.238646e-07 5.434756e-07
7.755000e-10 6.207039e-07 5.407378e-07
7.760000e-10 6.175590e-07 5.380136e-07
7.765000e-10 6.144297e-07 5.353028e-07
7.770000e-10 6.113161e-07 5.326054e-07
7.775000e-10 6.082179e-07 5.299213e-07
7.780000e-10 6.051351e-07 5.272505e-07
7.785000e-10 6.020677e-07 5.245928e-07
7.790000e-10 5.990156e-07 5.219483e-07
7.795000e-10 5.959787e-07 5.193169e-07
7.800000e-10 5.929569e-07 5.166985e-07
7.805000e-10 5.899502e-07 5.140930e-07
7.810000e-10 5.869584e-07 5.115004e-07
7.815000e-10 5.839816e-07 5.089206e-07
7.820000e-10 5.810196e-07 5.063536e-07
7.825000e-10 5.780724e-07 5.037993e-07
7.830000e-10 5.751398e-07 5.012576e-07
7.835000e-10 5.722219e-07 4.987285e-07
7.840000e-10 5.693186e-07 4.962119e-07
7.845000e-10 5.664297e-07 4.937078e-07
7.850000e-10 5.635553e-07 4.912160e-07
7.855000e-10 5.606952e-07 4.887366e-07
7.860000e-10 5.578493e-07 4.862695e-07
7.865000e-10 5.550177e-07 4.838146e-07
7.870000e-10 5.522002e-07 4.813719e-07
7.875000e-10 5.493967e-07 4.789412e-07
7.880000e-10 5.466073e-07 4.765226e-07
7.885000e-10 5.438318e-07 4.741160e-07
7.890000e-10 5.410701e-07 4.717213e-07
7.895000e-10 5.383222e-07 4.693384e-07
7.900000e-10 5.355881e-07 4.669674e-07
7.905000e-10 5.328676e-07 4.646082e-07
7.910000e-10 5.301607e-07 4.622606e-07
7.915000e-10 5.274673e-07 4.599247e-07
7.920000e-10 5.247874e-07 4.576003e-07
7.925000e-10 5.221209e-07 4.552875e-07
7.930000e-10 5.194677e-07 4.529862e-07
7.935000e-10 5.168278e-07 4.506963e-07
7.940000e-10 5.142011e-07 4.484177e-07
7.945000e-10 5.115875e-07 4.461504e-07
7.950000e-10 5.089870e-07 4.438944e-07
7.955000e-10 5.063994e-07 4.416496e-07
7.960000e-10 5.038249e-07 4.394160e-07
7.965000e-10 5.012632e-07 4.371934e-07
7.970000e-10 4.987143e-07 4.349819e-07
7.975000e-10 4.961782e-07 4.327814e-07
7.980000e-10 4.936547e-07 4.305918e-07
7.985000e-10 4.911439e-07 4.284130e-07
7.990000e-10 4.886457e-07 4.262451e-07
7.995000e-10 4.861599e-07 4.240880e-07
8.000000e-10 4.836866e-07 4.219416e-07
8.005000e-10 4.812257e-07 4.198058e-07
8.010000e-10 4.787772e-07 4.176807e-07
8.015000e-10 4.763408e-07 4.155662e-07
8.020000e-10 4.739167e-07 4.134621e-07
8.025000e-10 4.715047e-07 4.113685e-07
8.030000e-10 4.691048e-07 4.092854e-07
8.035000e-10 4.667170e-07 4.072126e-07
8.040000e-10 4.643411e-07 4.051501e-07
8.045000e-10 4.619771e-07 4.030978e-07
8.050000e-10 4.596249e-07 4.010558e-07
8.055000e-10 4.572845e-07 3.990240e-07
8.060000e-10 4.549559e-07 3.970022e-07
8.065000e-10 4.526390e-07 3.949906e-07
8.070000e-10 4.503336e-07 3.929889e-07
8.075000e-10 4.480398e-07 3.909972e-07
8.080000e-10 4.457576e-07 3.890154e-07
8.085000e-10 4.434867e-07 3.870435e-07
8.090000e-10 4.412273e-07 3.850814e-07
8.095000e-10 4.389792e-07 3.831291e-07
8.100000e-10 4.367424e-07 3.811866e-07
8.105000e-10 4.345168e-07 3.792537e-07
8.110000e-10 4.323024e-07 3.773304e-07
8.115000e-10 4.300991e-07 3.754167e-07
8.120000e-10 4.279068e-07 3.735126e-07
8.125000e-10 4.257256e-07 3.716180e-07
8.130000e-10 4.235553e-07 3.697328e-07
8.135000e-10 4.213959e-07 3.678570e-07
8.140000e-10 4.192473e-07 3.659905e-07
8.145000e-10 4.171096e-07 3.641334e-07
8.150000e-10 4.149825e-07 3.622855e-07
8.155000e-10 4.128662e-07 3.604469e-07
8.160000e-10 4.107605e-07 3.586174e-07
8.165000e-10 4.086653e-07 3.567971e-07
8.170000e-10 4.065807e-07 3.549858e-07
8.175000e-10 4.045066e-07 3.531836e-07
8.180000e-10 4.024429e-07 3.513904e-07
8.185000e-10 4.003896e-07 3.496061e-07
8.190000e-10 3.983466e-07 3.478308e-07
8.195000e-10 3.963138e-07 3.460643e-07
8.200000e-10 3.942913e-07 3.443066e-07
8.205000e-10 3.922790e-07 3.425578e-07
8.210000e-10 3.902768e-07 3.408176e-07
8.215000e-10 3.882846e-07 3.390862e-07
8.220000e-10 3.863025e-07 3.373634e-07
8.225000e-10 3.843303e-07 3.356492e-07
8.230000e-10 3.823681e-07 3.339435e-07
8.235000e-10 3.804157e-07 3.322465e-07
8.240000e-10 3.784732e-07 3.305578e-07
8.245000e-10 3.765404e-07 3.288777e-07
8.250000e-10 3.746174e-07 3.272059e-07
8.255000e-10 3.727040e-07 3.255425e-07
8.260000e-10 3.708003e-07 3.238874e-07
8.265000e-10 3.689061e-07 3.222406e-07
8.270000e-10 3.670215e-07 3.206020e-07
8.275000e-10 3.651464e-07 3.189717e-07
8.280000e-10 3.632808e-07 3.173495e-07
8.285000e-10 3.614245e-07 3.157354e-07
8.290000e-10 3.595776e-07 3.141294e-07
8.295000e-10 3.577400e-07 3.125314e-07
8.300000e-10 3.559116e-07 3.109414e-07
8.305000e-10 3.540925e-07 3.093594e-07
8.310000e-10 3.522825e-07 3.077853e-07
8.315000e-10 3.504816e-07 3.062191e-07
8.320000e-10 3.486898e-07 3.046607e-07
8.325000e-10 3.469071e-07 3.031102e-07
8.330000e-10 3.451333e-07 3.015674e-07
8.335000e-10 3.433685e-07 3.000323e-07
8.340000e-10 3.416126e-07 2.985050e-07
8.345000e-10 3.398655e-07 2.969853e-07
8.350000e-10 3.381273e-07 2.954732e-07
8.355000e-10 3.363978e-07 2.939686e-07
8.360000e-10 3.346770e-07 2.924717e-07
8.365000e-10 3.329649e-07 2.909822e-07
8.370000e-10 3.312615e-07 2.895002e-07
8.375000e-10 3.295667e-07 2.880256e-07
8.380000e-10 3.278804e-07 2.865584e-07
8.385000e-10 3.262026e-07 2.850986e-07
8.390000e-10 3.245333e-07 2.836461e-07
8.395000e-10 3.228724e-07 2.822009e-07
8.400000e-10 3.212199e-07 2.807630e-07
8.405000e-10 3.195757e-07 2.793322e-07
8.410000e-10 3.179398e-07 2.779087e-07
8.415000e-10 3.163122e-07 2.764923e-07
8.420000e-10 3.146928e-07 2.750829e-07
8.425000e-10 3.130816e-07 2.736807e-07
8.430000e-10 3.114786e-07 2.722855e-07
8.435000e-10 3.098836e-07 2.708973e-07
8.440000e-10 3.082967e-07 2.695161e-07
8.445000e-10 3.067178e-07 2.681419e-07
8.450000e-10 3.051469e-07 2.667745e-07
8.455000e-10 3.035839e-07 2.654140e-07
8.460000e-10 3.020288e-07 2.640603e-07
8.465000e-10 3.004816e-07 2.627134e-07
8.470000e-10 2.989422e-07 2.613733e-07
8.475000e-10 2.974106e-07 2.600400e-07
8.480000e-10 2.958867e-07 2.587133e-07
8.485000e-10 2.943706e-07 2.573933e-07
8.490000e-10 2.928621e-07 2.560799e-07
8.495000e-10 2.913612e-07 2.547732e-07
8.500000e-10 2.898679e-07 2.534730e-07
8.505000e-10 2.883822e-07 2.521793e-07
8.510000e-10 2.869040e-07 2.508922e-07
8.515000e-10 2.854332e-07 2.496115e-07
8.520000e-10 2.839699e-07 2.483373e-07
8.525000e-10 2.825140e-07 2.470695e-07
8.530000e-10 2.810655e-07 2.458080e-07
8.535000e-10 2.796243e-07 2.445530e-07
8.540000e-10 2.781904e-07 2.433042e-07
8.545000e-10 2.767638e-07 2.420617e-07
8.550000e-10 2.753444e-07 2.408255e-07
8.555000e-10 2.739321e-07 2.395954e-07
8.560000e-10 2.725271e-07 2.383716e-07
8.565000e-10 2.711291e-07 2.371540e-07
8.570000e-10 2.697382e-07 2.359424e-07
8.575000e-10 2.683544e-07 2.347370e-07
8.580000e-10 2.669775e-07 2.335376e-07
8.585000e-10 2.656077e-07 2.323443e-07
8.590000e-10 2.642448e-07 2.311570e-07
8.595000e-10 2.628887e-07 2.299757e-07
8.600000e-10 2.615396e-07 2.288003e-07
8.605000e-10 2.601973e-07 2.276309e-07
8.610000e-10 2.588618e-07 2.264673e-07
8.615000e-10 2.575330e-07 2.253096e-07
8.620000e-10 2.562110e-07 2.241578e-07
8.625000e-10 2.548957e-07 2.230117e-07
8.630000e-10 2.535871e-07 2.218714e-07
8.635000e-10 2.522851e-07 2.207369e-07
8.640000e-10 2.509897e-07 2.196081e-07
8.645000e-10 2.497009e-07 2.184850e-07
8.650000e-10 2.484186e-07 2.173675e-07
8.655000e-10 2.471428e-07 2.162557e-07
8.660000e-10 2.458735e-07 2.151495e-07
8.665000e-10 2.446106e-07 2.140489e-07
8.670000e-10 2.433541e-07 2.129538e-07
8.675000e-10 2.421040e-07 2.118643e-07
8.680000e-10 2.408602e-07 2.107802e-07
8.685000e-10 2.396228e-07 2.097017e-07
8.690000e-10 2.383916e-07 2.086285e-07
8.695000e-10 2.371667e-07 2.075608e-07
8.700000e-10 2.359480e-07 2.064985e-07
8.705000e-10 2.347355e-07 2.054415e-07
8.710000e-10 2.335291e-07 2.043899e-07
8.715000e-10 2.323289e-07 2.033436e-07
8.720000e-10 2.311347e-07 2.023025e-07
8.725000e-10 2.299467e-07 2.012668e-07
8.730000e-10 2.287646e-07 2.002362e-07
8.735000e-10 2.275886e-07 1.992109e-07
8.740000e-10 2.264185e-07 1.981907e-07
8.745000e-10 2.252544e-07 1.971757e-07
8.750000e-10 2.240962e-07 1.961659e-07
8.755000e-10 2.229438e-07 1.951611e-07
8.760000e-10 2.217973e-07 1.941614e-07
8.765000e-10 2.206567e-07 1.931667e-07
8.770000e-10 2.195218e-07 1.921771e-07
8.775000e-10 2.183927e-07 1.911925e-07
8.780000e-10 2.172694e-07 1.902129e-07
8.785000e-10 2.161518e-07 1.892382e-07
8.790000e-10 2.150398e-07 1.882685e-07
8.795000e-10 2.139335e-07 1.873036e-07
8.800000e-10 2.128328e-07 1.863437e-07
8.805000e-10 2.117377e-07 1.853885e-07
8.810000e-10 2.106482e-07 1.844383e-07
8.815000e-10 2.095642e-07 1.834928e-07
8.820000e-10 2.084858e-07 1.825521e-07
8.825000e-10 2.074128e-07 1.816162e-07
8.830000e-10 2.063453e-07 1.806850e-07
8.835000e-10 2.052832e-07 1.797585e-07
8.840000e-10 2.042265e-07 1.788367e-07
8.845000e-10 2.031752e-07 1.779196e-07
8.850000e-10 2.021292e-07 1.770071e-07
8.855000e-10 2.010886e-07 1.760992e-07
8.860000e-10 2.000532e-07 1.751960e-07
8.865000e-10 1.990231e-07 1.742973e-07
8.870000e-10 1.979983e-07 1.734031e-07
8.875000e-10 1.969787e-07 1.725135e-07
8.880000e-10 1.959642e-07 1.716284e-07
8.885000e-10 1.949550e-07 1.707478e-07
8.890000e-10 1.939509e-07 1.698716e-07
8.895000e-10 1.929518e-07 1.689999e-07
8.900000e-10 1.919579e-07 1.681326e-07
8.905000e-10 1.909691e-07 1.672697e-07
8.910000e-10 1.899852e-07 1.664111e-07
8.915000e-10 1.890064e-07 1.655570e-07
8.920000e-10 1.880326e-07 1.647071e-07
8.925000e-10 1.870637e-07 1.638615e-07
8.930000e-10 1.860998e-07 1.630203e-07
8.935000e-10 1.851408e-07 1.621833e-07
8.940000e-10 1.841866e-07 1.613505e-07
8.945000e-10 1.832373e-07 1.605220e-07
8.950000e-10 1.822929e-07 1.596977e-07
8.955000e-10 1.813533e-07 1.588775e-07
8.960000e-10 1.804184e-07 1.580615e-07
8.965000e-10 1.794884e-07 1.572497e-07
8.970000e-10 1.785630e-07 1.564419e-07
8.975000e-10 1.776424e-07 1.556383e-07
8.980000e-10 1.767265e-07 1.548387e-07
8.985000e-10 1.758153e-07 1.540432e-07
8.990000e-10 1.749087e-07 1.532518e-07
8.995000e-10 1.740067e-07 1.524643e-07
9.000000e-10 1.731093e-07 1.516809e-07
9.005000e-10 1.722165e-07 1.509014e-07
9.010000e-10 1.713283e-07 1.501259e-07
9.015000e-10 1.704445e-07 1.493543e-07
9.020000e-10 1.695653e-07 1.485866e-07
9.025000e-10 1.686906e-07 1.478229e-07
9.030000e-10 1.678203e-07 1.470630e-07
9.035000e-10 1.669545e-07 1.463069e-07
9.040000e-10 1.660931e-07 1.455547e-07
9.045000e-10 1.652361e-07 1.448064e-07
9.050000e-10 1.643835e-07 1.440618e-07
9.055000e-10 1.635352e-07 1.433210e-07
9.060000e-10 1.626913e-07 1.425840e-07
9.065000e-10 1.618516e-07 1.418507e-07
9.070000e-10 1.610163e-07 1.411212e-07
9.075000e-10 1.601852e-07 1.403953e-07
9.080000e-10 1.593583e-07 1.396732e-07
9.085000e-10 1.585357e-07 1.389547e-07
9.090000e-10 1.577173e-07 1.382399e-07
9.095000e-10 1.569030e-07 1.375287e-07
9.100000e-10 1.560929e-07 1.368211e-07
9.105000e-10 1.552870e-07 1.361171e-07
9.110000e-10 1.544852e-07 1.354167e-07
9.115000e-10 1.536874e-07 1.347199e-07
9.120000e-10 1.528938e-07 1.340266e-07
9.125000e-10 1.521042e-07 1.333368e-07
9.130000e-10 1.513186e-07 1.326505e-07
9.135000e-10 1.505371e-07 1.319677e-07
9.140000e-10 1.497595e-07 1.312884e-07
9.145000e-10 1.489859e-07 1.306126e-07
9.150000e-10 1.482163e-07 1.299402e-07
9.155000e-10 1.474506e-07 1.292712e-07
9.160000e-10 1.466888e-07 1.286056e-07
9.165000e-10 1.459309e-07 1.279434e-07
9.170000e-10 1.451769e-07 1.272846e-07
9.175000e-10 1.444267e-07 1.266292e-07
9.180000e-10 1.436804e-07 1.259770e-07
9.185000e-10 1.429379e-07 1.253282e-07
9.190000e-10 1.421992e-07 1.246827e-07
9.195000e-10 1.414643e-07 1.240405e-07
9.200000e-10 1.407331e-07 1.234015e-07
9.205000e-10 1.400057e-07 1.227658e-07
9.210000e-10 1.392819e-07 1.221334e-07
9.215000e-10 1.385619e-07 1.215041e-07
9.220000e-10 1.378456e-07 1.208781e-07
9.225000e-10 1.371330e-07 1.202552e-07
9.230000e-10 1.364239e-07 1.196356e-07
9.235000e-10 1.357186e-07 1.190191e-07
9.240000e-10 1.350168e-07 1.184057e-07
9.245000e-10 1.343186e-07 1.177954e-07
9.250000e-10 1.336240e-07 1.171883e-07
9.255000e-10 1.329329e-07 1.165842e-07
9.260000e-10 1.322454e-07 1.159833e-07
9.265000e-10 1.315614e-07 1.153854e-07
9.270000e-10 1.308809e-07 1.147905e-07
9.275000e-10 1.302039e-07 1.141987e-07
9.280000e-10 1.295304e-07 1.136099e-07
9.285000e-10 1.288603e-07 1.130241e-07
9.290000e-10 1.281936e-07 1.124413e-07
9.295000e-10 1.275304e-07 1.118614e-07
9.300000e-10 1.268705e-07 1.112846e-07
9.305000e-10 1.262141e-07 1.107106e-07
9.310000e-10 1.255609e-07 1.101396e-07
9.315000e-10 1.249112e-07 1.095715e-07
9.320000e-10 1.242647e-07 1.090063e-07
9.325000e-10 1.236216e-07 1.084440e-07
9.330000e-10 1.229818e-07 1.078845e-07
9.335000e-10 1.223453e-07 1.073279e-07
9.340000e-10 1.217120e-07 1.067741e-07
9.345000e-10 1.210819e-07 1.062232e-07
9.350000e-10 1.204551e-07 1.056751e-07
9.355000e-10 1.198315e-07 1.051298e-07
9.360000e-10 1.192111e-07 1.045872e-07
9.365000e-10 1.185939e-07 1.040475e-07
9.370000e-10 1.179798e-07 1.035105e-07
9.375000e-10 1.173689e-07 1.029762e-07
9.380000e-10 1.167612e-07 1.024446e-07
9.385000e-10 1.161565e-07 1.019158e-07
9.390000e-10 1.155549e-07 1.013897e-07
9.395000e-10 1.149565e-07 1.008662e-07
9.400000e-10 1.143611e-07 1.003455e-07
9.405000e-10 1.137687e-07 9.982736e-08
9.410000e-10 1.131794e-07 9.931190e-08
9.415000e-10 1.125931e-07 9.879907e-08
9.420000e-10 1.120098e-07 9.828886e-08
9.425000e-10 1.114295e-07 9.778126e-08
9.430000e-10 1.108522e-07 9.727625e-08
9.435000e-10 1.102779e-07 9.677382e-08
9.440000e-10 1.097065e-07 9.627396e-08
9.445000e-10 1.091380e-07 9.577666e-08
9.450000e-10 1.085725e-07 9.528189e-08
9.455000e-10 1.080098e-07 9.478966e-08
9.460000e-10 1.074501e-07 9.429994e-08
9.465000e-10 1.068932e-07 9.381273e-08
9.470000e-10 1.063391e-07 9.332800e-08
9.475000e-10 1.057880e-07 9.284576e-08
9.480000e-10 1.052396e-07 9.236598e-08
9.485000e-10 1.046941e-07 9.188865e-08
9.490000e-10 1.041513e-07 9.141377e-08
9.495000e-10 1.036114e-07 9.094131e-08
9.500000e-10 1.030742e-07 9.047127e-08
9.505000e-10 1.025398e-07 9.000364e-08
9.510000e-10 1.020081e-07 8.953840e-08
9.515000e-10 1.014792e-07 8.907553e-08
9.520000e-10 1.009529e-07 8.861504e-08
9.525000e-10 1.004294e-07 8.815690e-08
9.530000e-10 9.990858e-08 8.770111e-08
9.535000e-10 9.939042e-08 8.724765e-08
9.540000e-10 9.887493e-08 8.679650e-08
9.545000e-10 9.836208e-08 8.634767e-08
9.550000e-10 9.785187e-08 8.590114e-08
9.555000e-10 9.734428e-08 8.545689e-08
9.560000e-10 9.683930e-08 8.501491e-08
9.565000e-10 9.633692e-08 8.457520e-08
9.570000e-10 9.583712e-08 8.413774e-08
9.575000e-10 9.533988e-08 8.370252e-08
9.580000e-10 9.484521e-08 8.326953e-08
9.585000e-10 9.435307e-08 8.283875e-08
9.590000e-10 9.386347e-08 8.241019e-08
9.595000e-10 9.337638e-08 8.198381e-08
9.600000e-10 9.289180e-08 8.155962e-08
9.605000e-10 9.240971e-08 8.113760e-08
9.610000e-10 9.193010e-08 8.071775e-08
9.615000e-10 9.145295e-08 8.030004e-08
9.620000e-10 9.097826e-08 7.988448e-08
9.625000e-10 9.050601e-08 7.947104e-08
9.630000e-10 9.003619e-08 7.905973e-08
9.635000e-10 8.956879e-08 7.865052e-08
9.640000e-10 8.910379e-08 7.824341e-08
9.645000e-10 8.864118e-08 7.783838e-08
9.650000e-10 8.818096e-08 7.743543e-08
9.655000e-10 8.772310e-08 7.703455e-08
9.660000e-10 8.726760e-08 7.663572e-08
9.665000e-10 8.681444e-08 7.623893e-08
9.670000e-10 8.636361e-08 7.584418e-08
9.675000e-10 8.591511e-08 7.545146e-08
9.680000e-10 8.546891e-08 7.506074e-08
9.685000e-10 8.502501e-08 7.467204e-08
9.690000e-10 8.458339e-08 7.428532e-08
9.695000e-10 8.414405e-08 7.390059e-08
9.700000e-10 8.370697e-08 7.351783e-08
9.705000e-10 8.327214e-08 7.313703e-08
9.710000e-10 8.283955e-08 7.275819e-08
9.715000e-10 8.240918e-08 7.238129e-08
9.720000e-10 8.198104e-08 7.200632e-08
9.725000e-10 8.155509e-08 7.163328e-08
9.730000e-10 8.113134e-08 7.126215e-08
9.735000e-10 8.070978e-08 7.089293e-08
9.740000e-10 8.029038e-08 7.052560e-08
9.745000e-10 7.987315e-08 7.016015e-08
9.750000e-10 7.945806e-08 6.979659e-08
9.755000e-10 7.904511e-08 6.943488e-08
9.760000e-10 7.863429e-08 6.907504e-08
9.765000e-10 7.822559e-08 6.871704e-08
9.770000e-10 7.781899e-08 6.836088e-08
9.775000e-10 7.741448e-08 6.800654e-08
9.780000e-10 7.701207e-08 6.765403e-08
9.785000e-10 7.661172e-08 6.730333e-08
9.790000e-10 7.621344e-08 6.695443e-08
9.795000e-10 7.581721e-08 6.660731e-08
9.800000e-10 7.542302e-08 6.626199e-08
9.805000e-10 7.503087e-08 6.591843e-08
9.810000e-10 7.464073e-08 6.557664e-08
9.815000e-10 7.425261e-08 6.523661e-08
9.820000e-10 7.386649e-08 6.489832e-08
9.825000e-10 7.348236e-08 6.456177e-08
9.830000e-10 7.310021e-08 6.422695e-08
9.835000e-10 7.272003e-08 6.389384e-08
9.840000e-10 7.234181e-08 6.356245e-08
9.845000e-10 7.196554e-08 6.323277e-08
9.850000e-10 7.159121e-08 6.290477e-08
9.855000e-10 7.121881e-08 6.257847e-08
9.860000e-10 7.084834e-08 6.225384e-08
9.865000e-10 7.047977e-08 6.193088e-08
9.870000e-10 7.011310e-08 6.160957e-08
9.875000e-10 6.974833e-08 6.128992e-08
9.880000e-10 6.938544e-08 6.097192e-08
9.885000e-10 6.902442e-08 6.065555e-08
9.890000e-10 6.866526e-08 6.034080e-08
9.895000e-10 6.830796e-08 6.002767e-08
9.900000e-10 6.795250e-08 5.971616e-08
9.905000e-10 6.759887e-08 5.940624e-08
9.910000e-10 6.724707e-08 5.909792e-08
9.915000e-10 6.689709e-08 5.879118e-08
9.920000e-10 6.654891e-08 5.848603e-08
9.925000e-10 6.620253e-08 5.818244e-08
9.930000e-10 6.585793e-08 5.788041e-08
9.935000e-10 6.551512e-08 5.757994e-08
9.940000e-10 6.517407e-08 5.728101e-08
9.945000e-10 6.483479e-08 5.698362e-08
9.950000e-10 6.449725e-08 5.668776e-08
9.955000e-10 6.416146e-08 5.639342e-08
9.960000e-10 6.382741e-08 5.610060e-08
9.965000e-10 6.349508e-08 5.580928e-08
9.970000e-10 6.316446e-08 5.551947e-08
9.975000e-10 6.283555e-08 5.523114e-08
9.980000e-10 6.250834e-08 5.494430e-08
9.985000e-10 6.218282e-08 5.465893e-08
9.990000e-10 6.185899e-08 5.437504e-08
9.995000e-10 6.153682e-08 5.409260e-08
1.000000e-09 6.121632e-08 5.381162e-08
1.000500e-09 6.089747e-08 5.353209e-08
1.001000e-09 6.058028e-08 5.325400e-08
1.001500e-09 6.026472e-08 5.297733e-08
1.002000e-09 5.995079e-08 5.270210e-08
1.002500e-09 5.963848e-08 5.242827e-08
1.003000e-09 5.932779e-08 5.215586e-08
1.003500e-09 5.901870e-08 5.188486e-08
1.004000e-09 5.871121e-08 5.161524e-08
1.004500e-09 5.840531e-08 5.134702e-08
1.005000e-09 5.810099e-08 5.108018e-08
1.005500e-09 5.779825e-08 5.081471e-08
1.006000e-09 5.749706e-08 5.055062e-08
1.006500e-09 5.719744e-08 5.028788e-08
1.007000e-09 5.689936e-08 5.002649e-08
1.007500e-09 5.660283e-08 4.976645e-08
1.008000e-09 5.630783e-08 4.950776e-08
1.008500e-09 5.601435e-08 4.925039e-08
1.009000e-09 5.572239e-08 4.899435e-08
1.009500e-09 5.543194e-08 4.873963e-08
1.010000e-09 5.514299e-08 4.848623e-08
1.010500e-09 5.485554e-08 4.823413e-08
1.011000e-09 5.456958e-08 4.798333e-08
1.011500e-09 5.428509e-08 4.773382e-08
1.012000e-09 5.400207e-08 4.748560e-08
1.012500e-09 5.372052e-08 4.723866e-08
1.013000e-09 5.344042e-08 4.699299e-08
1.013500e-09 5.316178e-08 4.674859e-08
1.014000e-09 5.288457e-08 4.650545e-08
1.014500e-09 5.260880e-08 4.626356e-08
1.015000e-09 5.233446e-08 4.602292e-08
1.015500e-09 5.206153e-08 4.578352e-08
1.016000e-09 5.179002e-08 4.554536e-08
1.016500e-09 5.151991e-08 4.530842e-08
1.017000e-09 5.125120e-08 4.507271e-08
1.017500e-09 5.098389e-08 4.483821e-08
1.018000e-09 5.071795e-08 4.460493e-08
1.018500e-09 5.045339e-08 4.437284e-08
1.019000e-09 5.019020e-08 4.414195e-08
1.019500e-09 4.992838e-08 4.391226e-08
1.020000e-09 4.966790e-08 4.368375e-08
1.020500e-09 4.940878e-08 4.345642e-08
1.021000e-09 4.915100e-08 4.323026e-08
1.021500e-09 4.889455e-08 4.300527e-08
1.022000e-09 4.863943e-08 4.278144e-08
1.022500e-09 4.838563e-08 4.255877e-08
1.023000e-09 4.813315e-08 4.233724e-08
1.023500e-09 4.788197e-08 4.211686e-08
1.024000e-09 4.763210e-08 4.189762e-08
1.024500e-09 4.738351e-08 4.167951e-08
1.025000e-09 4.713622e-08 4.146252e-08
1.025500e-09 4.689021e-08 4.124665e-08
1.026000e-09 4.664547e-08 4.103190e-08
1.026500e-09 4.640200e-08 4.081826e-08
1.027000e-09 4.615979e-08 4.060572e-08
1.027500e-09 4.591883e-08 4.039428e-08
1.028000e-09 4.567912e-08 4.018393e-08
1.028500e-09 4.544066e-08 3.997467e-08
1.029000e-09 4.520343e-08 3.976649e-08
1.029500e-09 4.496743e-08 3.955938e-08
1.030000e-09 4.473265e-08 3.935335e-08
1.030500e-09 4.449909e-08 3.914838e-08
1.031000e-09 4.426674e-08 3.894446e-08
1.031500e-09 4.403559e-08 3.874160e-08
1.032000e-09 4.380564e-08 3.853979e-08
1.032500e-09 4.357689e-08 3.833902e-08
1.033000e-09 4.334932e-08 3.813929e-08
1.033500e-09 4.312293e-08 3.794059e-08
1.034000e-09 4.289771e-08 3.774292e-08
1.034500e-09 4.267366e-08 3.754627e-08
1.035000e-09 4.245077e-08 3.735064e-08
1.035500e-09 4.222904e-08 3.715602e-08
1.036000e-09 4.200845e-08 3.696240e-08
1.036500e-09 4.178901e-08 3.676978e-08
1.037000e-09 4.157071e-08 3.657816e-08
1.037500e-09 4.135354e-08 3.638753e-08
1.038000e-09 4.113750e-08 3.619789e-08
1.038500e-09 4.092258e-08 3.600923e-08
1.039000e-09 4.070877e-08 3.582154e-08
1.039500e-09 4.049607e-08 3.563482e-08
1.040000e-09 4.028447e-08 3.544907e-08
1.040500e-09 4.007398e-08 3.526428e-08
1.041000e-09 3.986457e-08 3.508044e-08
1.041500e-09 3.965625e-08 3.489756e-08
1.042000e-09 3.944901e-08 3.471562e-08
1.042500e-09 3.924285e-08 3.453462e-08
1.043000e-09 3.903775e-08 3.435456e-08
1.043500e-09 3.883372e-08 3.417543e-08
1.044000e-09 3.863075e-08 3.399723e-08
1.044500e-09 3.842883e-08 3.381994e-08
1.045000e-09 3.822796e-08 3.364358e-08
1.045500e-09 3.802813e-08 3.346813e-08
1.046000e-09 3.782934e-08 3.329359e-08
1.046500e-09 3.763158e-08 3.311994e-08
1.047000e-09 3.743485e-08 3.294720e-08
1.047500e-09 3.723913e-08 3.277536e-08
1.048000e-09 3.704444e-08 3.260440e-08
1.048500e-09 3.685075e-08 3.243432e-08
1.049000e-09 3.665807e-08 3.226513e-08
1.049500e-09 3.646639e-08 3.209681e-08
1.050000e-09 3.627571e-08 3.192937e-08
1.050500e-09 3.608602e-08 3.176279e-08
1.051000e-09 3.589731e-08 3.159707e-08
1.051500e-09 3.570958e-08 3.143221e-08
1.052000e-09 3.552282e-08 3.126821e-08
1.052500e-09 3.533704e-08 3.110505e-08
1.053000e-09 3.515222e-08 3.094274e-08
1.053500e-09 3.496836e-08 3.078127e-08
1.054000e-09 3.478545e-08 3.062063e-08
1.054500e-09 3.460350e-08 3.046083e-08
1.055000e-09 3.442249e-08 3.030186e-08
1.055500e-09 3.424242e-08 3.014370e-08
1.056000e-09 3.406328e-08 2.998637e-08
1.056500e-09 3.388508e-08 2.982985e-08
1.057000e-09 3.370780e-08 2.967415e-08
1.057500e-09 3.353144e-08 2.951925e-08
1.058000e-09 3.335600e-08 2.936515e-08
1.058500e-09 3.318147e-08 2.921185e-08
1.059000e-09 3.300785e-08 2.905935e-08
1.059500e-09 3.283513e-08 2.890763e-08
1.060000e-09 3.266331e-08 2.875670e-08
1.060500e-09 3.249238e-08 2.860656e-08
1.061000e-09 3.232234e-08 2.845719e-08
1.061500e-09 3.215318e-08 2.830860e-08
1.062000e-09 3.198490e-08 2.816077e-08
1.062500e-09 3.181750e-08 2.801371e-08
1.063000e-09 3.165096e-08 2.786742e-08
1.063500e-09 3.148530e-08 2.772188e-08
1.064000e-09 3.132049e-08 2.757710e-08
1.064500e-09 3.115654e-08 2.743307e-08
1.065000e-09 3.099344e-08 2.728978e-08
1.065500e-09 3.083119e-08 2.714724e-08
1.066000e-09 3.066979e-08 2.700543e-08
1.066500e-09 3.050922e-08 2.686437e-08
1.067000e-09 3.034949e-08 2.672403e-08
1.067500e-09 3.019059e-08 2.658442e-08
1.068000e-09 3.003251e-08 2.644554e-08
1.068500e-09 2.987526e-08 2.630737e-08
1.069000e-09 2.971883e-08 2.616992e-08
1.069500e-09 2.956320e-08 2.603319e-08
1.070000e-09 2.940839e-08 2.589716e-08
1.070500e-09 2.925439e-08 2.576184e-08
1.071000e-09 2.910118e-08 2.562722e-08
1.071500e-09 2.894877e-08 2.549330e-08
1.072000e-09 2.879716e-08 2.536008e-08
1.072500e-09 2.864633e-08 2.522754e-08
1.073000e-09 2.849629e-08 2.509570e-08
1.073500e-09 2.834703e-08 2.496453e-08
1.074000e-09 2.819854e-08 2.483405e-08
1.074500e-09 2.805083e-08 2.470425e-08
1.075000e-09 2.790388e-08 2.457512e-08
1.075500e-09 2.775771e-08 2.444666e-08
1.076000e-09 2.761229e-08 2.431886e-08
1.076500e-09 2.746763e-08 2.419173e-08
1.077000e-09 2.732372e-08 2.406526e-08
1.077500e-09 2.718056e-08 2.393944e-08
1.078000e-09 2.703814e-08 2.381428e-08
1.078500e-09 2.689647e-08 2.368977e-08
1.079000e-09 2.675553e-08 2.356590e-08
1.079500e-09 2.661533e-08 2.344268e-08
1.080000e-09 2.647586e-08 2.332010e-08
1.080500e-09 2.633711e-08 2.319815e-08
1.081000e-09 2.619909e-08 2.307684e-08
1.081500e-09 2.606178e-08 2.295616e-08
1.082000e-09 2.592519e-08 2.283610e-08
1.082500e-09 2.578931e-08 2.271667e-08
1.083000e-09 2.565414e-08 2.259785e-08
1.083500e-09 2.551967e-08 2.247966e-08
1.084000e-09 2.538591e-08 2.236208e-08
1.084500e-09 2.525284e-08 2.224511e-08
1.085000e-09 2.512046e-08 2.212874e-08
1.085500e-09 2.498877e-08 2.201298e-08
1.086000e-09 2.485777e-08 2.189782e-08
1.086500e-09 2.472745e-08 2.178326e-08
1.087000e-09 2.459781e-08 2.166930e-08
1.087500e-09 2.446884e-08 2.155593e-08
1.088000e-09 2.434055e-08 2.144314e-08
1.088500e-09 2.421292e-08 2.133095e-08
1.089000e-09 2.408596e-08 2.121933e-08
1.089500e-09 2.395966e-08 2.110830e-08
1.090000e-09 2.383402e-08 2.099784e-08
1.090500e-09 2.370903e-08 2.088796e-08
1.091000e-09 2.358470e-08 2.077865e-08
1.091500e-09 2.346101e-08 2.066990e-08
1.092000e-09 2.333797e-08 2.056172e-08
1.092500e-09 2.321556e-08 2.045411e-08
1.093000e-09 2.309380e-08 2.034705e-08
1.093500e-09 2.297267e-08 2.024055e-08
1.094000e-09 2.285217e-08 2.013460e-08
1.094500e-09 2.273230e-08 2.002920e-08
1.095000e-09 2.261306e-08 1.992436e-08
1.095500e-09 2.249443e-08 1.982005e-08
1.096000e-09 2.237643e-08 1.971629e-08
1.096500e-09 2.225904e-08 1.961307e-08
1.097000e-09 2.214226e-08 1.951039e-08
1.097500e-09 2.202609e-08 1.940823e-08
1.098000e-09 2.191053e-08 1.930662e-08
1.098500e-09 2.179557e-08 1.920552e-08
1.099000e-09 2.168120e-08 1.910496e-08
1.099500e-09 2.156744e-08 1.900492e-08
1.100000e-09 2.145427e-08 1.890539e-08
1.100500e-09 2.134168e-08 1.880639e-08
1.101000e-09 2.122969e-08 1.870790e-08
1.101500e-09 2.111828e-08 1.860992e-08
1.102000e-09 2.100745e-08 1.851246e-08
1.102500e-09 2.089720e-08 1.841550e-08
1.103000e-09 2.078752e-08 1.831904e-08
1.103500e-09 2.067842e-08 1.822309e-08
1.104000e-09 2.056988e-08 1.812763e-08
1.104500e-09 2.046191e-08 1.803268e-08
1.105000e-09 2.035450e-08 1.793821e-08
1.105500e-09 2.024766e-08 1.784424e-08
1.106000e-09 2.014137e-08 1.775076e-08
1.106500e-09 2.003564e-08 1.765776e-08
1.107000e-09 1.993045e-08 1.756525e-08
1.107500e-09 1.982582e-08 1.747322e-08
1.108000e-09 1.972173e-08 1.738166e-08
1.108500e-09 1.961819e-08 1.729059e-08
1.109000e-09 1.951519e-08 1.719999e-08
1.109500e-09 1.941272e-08 1.710986e-08
1.110000e-09 1.931079e-08 1.702019e-08
1.110500e-09 1.920939e-08 1.693100e-08
1.111000e-09 1.910852e-08 1.684227e-08
1.111500e-09 1.900817e-08 1.675400e-08
1.112000e-09 1.890835e-08 1.666620e-08
1.112500e-09 1.880905e-08 1.657884e-08
1.113000e-09 1.871027e-08 1.649195e-08
1.113500e-09 1.861201e-08 1.640551e-08
1.114000e-09 1.851425e-08 1.631951e-08
1.114500e-09 1.841701e-08 1.623397e-08
1.115000e-09 1.832028e-08 1.614887e-08
1.115500e-09 1.822405e-08 1.606421e-08
1.116000e-09 1.812832e-08 1.597999e-08
1.116500e-09 1.803309e-08 1.589622e-08
1.117000e-09 1.793837e-08 1.581288e-08
1.117500e-09 1.784413e-08 1.572997e-08
1.118000e-09 1.775039e-08 1.564749e-08
1.118500e-09 1.765713e-08 1.556545e-08
1.119000e-09 1.756437e-08 1.548383e-08
1.119500e-09 1.747208e-08 1.540264e-08
1.120000e-09 1.738028e-08 1.532187e-08
1.120500e-09 1.728896e-08 1.524152e-08
1.121000e-09 1.719812e-08 1.516159e-08
1.121500e-09 1.710775e-08 1.508208e-08
1.122000e-09 1.701785e-08 1.500298e-08
1.122500e-09 1.692843e-08 1.492429e-08
1.123000e-09 1.683947e-08 1.484601e-08
1.123500e-09 1.675097e-08 1.476815e-08
1.124000e-09 1.666294e-08 1.469068e-08
1.124500e-09 1.657536e-08 1.461362e-08
1.125000e-09 1.648825e-08 1.453697e-08
1.125500e-09 1.640159e-08 1.446071e-08
1.126000e-09 1.631538e-08 1.438485e-08
1.126500e-09 1.622962e-08 1.430938e-08
1.127000e-09 1.614431e-08 1.423431e-08
1.127500e-09 1.605945e-08 1.415963e-08
1.128000e-09 1.597503e-08 1.408534e-08
1.128500e-09 1.589105e-08 1.401144e-08
1.129000e-09 1.580751e-08 1.393792e-08
1.129500e-09 1.572441e-08 1.386478e-08
1.130000e-09 1.564174e-08 1.379203e-08
1.130500e-09 1.555950e-08 1.371965e-08
1.131000e-09 1.547770e-08 1.364766e-08
1.131500e-09 1.539632e-08 1.357604e-08
1.132000e-09 1.531536e-08 1.350479e-08
1.132500e-09 1.523483e-08 1.343391e-08
1.133000e-09 1.515472e-08 1.336341e-08
1.133500e-09 1.507503e-08 1.329327e-08
1.134000e-09 1.499576e-08 1.322349e-08
1.134500e-09 1.491690e-08 1.315409e-08
1.135000e-09 1.483845e-08 1.308504e-08
1.135500e-09 1.476041e-08 1.301635e-08
1.136000e-09 1.468279e-08 1.294802e-08
1.136500e-09 1.460556e-08 1.288005e-08
1.137000e-09 1.452874e-08 1.281243e-08
1.137500e-09 1.445233e-08 1.274517e-08
1.138000e-09 1.437631e-08 1.267826e-08
1.138500e-09 1.430069e-08 1.261169e-08
1.139000e-09 1.422546e-08 1.254548e-08
1.139500e-09 1.415063e-08 1.247960e-08
1.140000e-09 1.407619e-08 1.241408e-08
1.140500e-09 1.400214e-08 1.234889e-08
1.141000e-09 1.392848e-08 1.228405e-08
1.141500e-09 1.385520e-08 1.221954e-08
1.142000e-09 1.378231e-08 1.215537e-08
1.142500e-09 1.370979e-08 1.209153e-08
1.143000e-09 1.363766e-08 1.202803e-08
1.143500e-09 1.356590e-08 1.196486e-08
1.144000e-09 1.349452e-08 1.190202e-08
1.144500e-09 1.342351e-08 1.183951e-08
1.145000e-09 1.335288e-08 1.177732e-08
1.145500e-09 1.328261e-08 1.171546e-08
1.146000e-09 1.321271e-08 1.165392e-08
1.146500e-09 1.314318e-08 1.159270e-08
1.147000e-09 1.307401e-08 1.153181e-08
1.147500e-09 1.300521e-08 1.147123e-08
1.148000e-09 1.293676e-08 1.141096e-08
1.148500e-09 1.286867e-08 1.135101e-08
1.149000e-09 1.280094e-08 1.129138e-08
1.149500e-09 1.273356e-08 1.123205e-08
1.150000e-09 1.266654e-08 1.117304e-08
1.150500e-09 1.259986e-08 1.111433e-08
1.151000e-09 1.253354e-08 1.105593e-08
1.151500e-09 1.246756e-08 1.099784e-08
1.152000e-09 1.240193e-08 1.094005e-08
1.152500e-09 1.233664e-08 1.088256e-08
1.153000e-09 1.227169e-08 1.082537e-08
1.153500e-09 1.220708e-08 1.076848e-08
1.154000e-09 1.214281e-08 1.071189e-08
1.154500e-09 1.207888e-08 1.065559e-08
1.155000e-09 1.201529e-08 1.059959e-08
1.155500e-09 1.195202e-08 1.054388e-08
1.156000e-09 1.188909e-08 1.048846e-08
1.156500e-09 1.182648e-08 1.043333e-08
1.157000e-09 1.176421e-08 1.037849e-08
1.157500e-09 1.170226e-08 1.032393e-08
1.158000e-09 1.164063e-08 1.026966e-08
1.158500e-09 1.157933e-08 1.021568e-08
1.159000e-09 1.151835e-08 1.016197e-08
1.159500e-09 1.145769e-08 1.010855e-08
1.160000e-09 1.139734e-08 1.005540e-08
1.160500e-09 1.133732e-08 1.000254e-08
1.161000e-09 1.127760e-08 9.949948e-09
1.161500e-09 1.121820e-08 9.897633e-09
1.162000e-09 1.115911e-08 9.845591e-09
1.162500e-09 1.110033e-08 9.793821e-09
1.163000e-09 1.104186e-08 9.742322e-09
1.163500e-09 1.098370e-08 9.691093e-09
1.164000e-09 1.092583e-08 9.640131e-09
1.164500e-09 1.086828e-08 9.589435e-09
1.165000e-09 1.081102e-08 9.539005e-09
1.165500e-09 1.075406e-08 9.488838e-09
1.166000e-09 1.069741e-08 9.438934e-09
1.166500e-09 1.064105e-08 9.389290e-09
1.167000e-09 1.058498e-08 9.339907e-09
1.167500e-09 1.052921e-08 9.290781e-09
1.168000e-09 1.047373e-08 9.241912e-09
1.168500e-09 1.041854e-08 9.193299e-09
1.169000e-09 1.036364e-08 9.144941e-09
1.169500e-09 1.030903e-08 9.096835e-09
1.170000e-09 1.025471e-08 9.048981e-09
1.170500e-09 1.020067e-08 9.001377e-09
1.171000e-09 1.014691e-08 8.954022e-09
1.171500e-09 1.009343e-08 8.906915e-09
1.172000e-09 1.004024e-08 8.860054e-09
1.172500e-09 9.987323e-09 8.813438e-09
1.173000e-09 9.934685e-09 8.767067e-09
1.173500e-09 9.882322e-09 8.720938e-09
1.174000e-09 9.830234e-09 8.675050e-09
1.174500e-09 9.778419e-09 8.629402e-09
1.175000e-09 9.726876e-09 8.583994e-09
1.175500e-09 9.675603e-09 8.538822e-09
1.176000e-09 9.624599e-09 8.493888e-09
1.176500e-09 9.573862e-09 8.449188e-09
1.177000e-09 9.523391e-09 8.404722e-09
1.177500e-09 9.473185e-09 8.360489e-09
1.178000e-09 9.423243e-09 8.316488e-09
1.178500e-09 9.373562e-09 8.272717e-09
1.179000e-09 9.324142e-09 8.229175e-09
1.179500e-09 9.274981e-09 8.185860e-09
1.180000e-09 9.226078e-09 8.142773e-09
1.180500e-09 9.177432e-09 8.099911e-09
1.181000e-09 9.129040e-09 8.057273e-09
1.181500e-09 9.080903e-09 8.014859e-09
1.182000e-09 9.033018e-09 7.972667e-09
1.182500e-09 8.985384e-09 7.930695e-09
1.183000e-09 8.938000e-09 7.888944e-09
1.183500e-09 8.890865e-09 7.847411e-09
1.184000e-09 8.843977e-09 7.806095e-09
1.184500e-09 8.797335e-09 7.764996e-09
1.185000e-09 8.750938e-09 7.724112e-09
1.185500e-09 8.704784e-09 7.683442e-09
1.186000e-09 8.658873e-09 7.642985e-09
1.186500e-09 8.613202e-09 7.602740e-09
1.187000e-09 8.567771e-09 7.562705e-09
1.187500e-09 8.522579e-09 7.522881e-09
1.188000e-09 8.477623e-09 7.483265e-09
1.188500e-09 8.432904e-09 7.443856e-09
1.189000e-09 8.388419e-09 7.404654e-09
1.189500e-09 8.344168e-09 7.365657e-09
1.190000e-09 8.300149e-09 7.326864e-09
1.190500e-09 8.256361e-09 7.288275e-09
1.191000e-09 8.212803e-09 7.249888e-09
1.191500e-09 8.169473e-09 7.211701e-09
1.192000e-09 8.126371e-09 7.173715e-09
1.192500e-09 8.083496e-09 7.135928e-09
1.193000e-09 8.040845e-09 7.098339e-09
1.193500e-09 7.998418e-09 7.060947e-09
1.194000e-09 7.956214e-09 7.023751e-09
1.194500e-09 7.914232e-09 6.986749e-09
1.195000e-09 7.872470e-09 6.949942e-09
1.195500e-09 7.830927e-09 6.913327e-09
1.196000e-09 7.789602e-09 6.876905e-09
1.196500e-09 7.748495e-09 6.840673e-09
1.197000e-09 7.707603e-09 6.804631e-09
1.197500e-09 7.666926e-09 6.768778e-09
1.198000e-09 7.626463e-09 6.733113e-09
1.198500e-09 7.586212e-09 6.697634e-09
1.199000e-09 7.546172e-09 6.662342e-09
1.199500e-09 7.506343e-09 6.627235e-09
1.200000e-09 7.466723e-09 6.592311e-09
