0.000000e+00 0 0
5.000000e-13 0 0
1.000000e-12 0 0
1.500000e-12 0 0
2.000000e-12 0 0
2.500000e-12 0 0
3.000000e-12 0 0
3.500000e-12 0 0
4.000000e-12 0 0
4.500000e-12 0 0
5.000000e-12 0 0
5.500000e-12 0 0
6.000000e-12 0 0
6.500000e-12 0 0
7.000000e-12 0 0
7.500000e-12 0 0
8.000000e-12 0 0
8.500000e-12 0 0
9.000000e-12 0 0
9.500000e-12 0 0
1.000000e-11 0 0
1.050000e-11 0 0
1.100000e-11 0 0
1.150000e-11 0 0
1.200000e-11 0 0
1.250000e-11 0 0
1.300000e-11 0 0
1.350000e-11 0 0
1.400000e-11 0 0
1.450000e-11 0 0
1.500000e-11 0 0
1.550000e-11 0 0
1.600000e-11 0 0
1.650000e-11 0 0
1.700000e-11 0 0
1.750000e-11 0 0
1.800000e-11 0 0
1.850000e-11 0 0
1.900000e-11 0 0
1.950000e-11 0 0
2.000000e-11 0 0
2.050000e-11 0 0
2.100000e-11 0 0
2.150000e-11 0 0
2.200000e-11 0 0
2.250000e-11 0 0
2.300000e-11 0 0
2.350000e-11 0 0
2.400000e-11 0 0
2.450000e-11 0 0
2.500000e-11 0 0
2.550000e-11 0 0
2.600000e-11 0 0
2.650000e-11 0 0
2.700000e-11 0 0
2.750000e-11 0 0
2.800000e-11 0 0
2.850000e-11 0 0
2.900000e-11 0 0
2.950000e-11 0 0
3.000000e-11 0 0
3.050000e-11 0 0
3.100000e-11 0 0
3.150000e-11 0 0
3.200000e-11 0 0
3.250000e-11 0 0
3.300000e-11 0 0
3.350000e-11 0 0
3.400000e-11 0 0
3.450000e-11 0 0
3.500000e-11 0 0
3.550000e-11 0 0
3.600000e-11 0 0
3.650000e-11 0 0
3.700000e-11 0 0
3.750000e-11 0 0
3.800000e-11 0 0
3.850000e-11 0 0
3.900000e-11 0 0
3.950000e-11 0 0
4.000000e-11 0 0
4.050000e-11 0 0
4.100000e-11 0 0
4.150000e-11 0 0
4.200000e-11 0 0
4.250000e-11 0 0
4.300000e-11 0 0
4.350000e-11 0 0
4.400000e-11 0 0
4.450000e-11 0 0
4.500000e-11 0 0
4.550000e-11 0 0
4.600000e-11 0 0
4.650000e-11 0 0
4.700000e-11 0 0
4.750000e-11 0 0
4.800000e-11 0 0
4.850000e-11 0 0
4.900000e-11 0 0
4.950000e-11 0 0
5.000000e-11 0 0
5.050000e-11 0 0
5.100000e-11 0 0
5.150000e-11 0 0
5.200000e-11 0 0
5.250000e-11 0 0
5.300000e-11 0 0
5.350000e-11 0 0
5.400000e-11 0 0
5.450000e-11 0 0
5.500000e-11 0 0
5.550000e-11 0 0
5.600000e-11 0 0
5.650000e-11 0 0
5.700000e-11 0 0
5.750000e-11 0 0
5.800000e-11 0 0
5.850000e-11 0 0
5.900000e-11 0 0
5.950000e-11 0 0
6.000000e-11 0 0
6.050000e-11 0 0
6.100000e-11 0 0
6.150000e-11 0 0
6.200000e-11 0 0
6.250000e-11 0 0
6.300000e-11 0 0
6.350000e-11 0 0
6.400000e-11 0 0
6.450000e-11 0 0
6.500000e-11 0 0
6.550000e-11 0 0
6.600000e-11 0 0
6.650000e-11 0 0
6.700000e-11 0 0
6.750000e-11 0 0
6.800000e-11 0 0
6.850000e-11 0 0
6.900000e-11 0 0
6.950000e-11 0 0
7.000000e-11 0 0
7.050000e-11 0 0
7.100000e-11 0 0
7.150000e-11 0 0
7.200000e-11 0 0
7.250000e-11 0 0
7.300000e-11 0 0
7.350000e-11 0 0
7.400000e-11 0 0
7.450000e-11 0 0
7.500000e-11 0 0
7.550000e-11 0 0
7.600000e-11 0 0
7.650000e-11 0 0
7.700000e-11 0 0
7.750000e-11 0 0
7.800000e-11 0 0
7.850000e-11 0 0
7.900000e-11 0 0
7.950000e-11 0 0
8.000000e-11 0 0
8.050000e-11 0 0
8.100000e-11 0 0
8.150000e-11 0 0
8.200000e-11 0 0
8.250000e-11 0 0
8.300000e-11 0 0
8.350000e-11 0 0
8.400000e-11 0 0
8.450000e-11 0 0
8.500000e-11 0 0
8.550000e-11 0 0
8.600000e-11 0 0
8.650000e-11 0 0
8.700000e-11 0 0
8.750000e-11 0 0
8.800000e-11 0 0
8.850000e-11 0 0
8.900000e-11 0 0
8.950000e-11 0 0
9.000000e-11 0 0
9.050000e-11 0 0
9.100000e-11 0 0
9.150000e-11 0 0
9.200000e-11 0 0
9.250000e-11 0 0
9.300000e-11 0 0
9.350000e-11 0 0
9.400000e-11 0 0
9.450000e-11 0 0
9.500000e-11 0 0
9.550000e-11 0 0
9.600000e-11 0 0
9.650000e-11 0 0
9.700000e-11 0 0
9.750000e-11 0 0
9.800000e-11 0 0
9.850000e-11 0 0
9.900000e-11 0 0
9.950000e-11 0 0
1.000000e-10 0 0
1.005000e-10 0 0
1.010000e-10 0 0
1.015000e-10 0 0
1.020000e-10 0 0
1.025000e-10 0 0
1.030000e-10 0 0
1.035000e-10 0 0
1.040000e-10 0 0
1.045000e-10 0 0
1.050000e-10 0 0
1.055000e-10 0 0
1.060000e-10 0 0
1.065000e-10 0 0
1.070000e-10 0 0
1.075000e-10 0 0
1.080000e-10 0 0
1.085000e-10 0 0
1.090000e-10 0 0
1.095000e-10 0 0
1.100000e-10 0 0
1.105000e-10 0 0
1.110000e-10 0 0
1.115000e-10 0 0
1.120000e-10 0 0
1.125000e-10 0 0
1.130000e-10 0 0
1.135000e-10 0 0
1.140000e-10 0 0
1.145000e-10 0 0
1.150000e-10 0 0
1.155000e-10 0 0
1.160000e-10 0 0
1.165000e-10 0 0
1.170000e-10 0 0
1.175000e-10 0 0
1.180000e-10 0 0
1.185000e-10 0 0
1.190000e-10 0 0
1.195000e-10 0 0
1.200000e-10 0 0
1.205000e-10 0 0
1.210000e-10 0 0
1.215000e-10 0 0
1.220000e-10 0 0
1.225000e-10 0 0
1.230000e-10 0 0
1.235000e-10 0 0
1.240000e-10 0 0
1.245000e-10 0 0
1.250000e-10 0 0
1.255000e-10 0 0
1.260000e-10 0 0
1.265000e-10 0 0
1.270000e-10 0 0
1.275000e-10 0 0
1.280000e-10 0 0
1.285000e-10 0 0
1.290000e-10 0 0
1.295000e-10 0 0
1.300000e-10 0 0
1.305000e-10 0 0
1.310000e-10 0 0
1.315000e-10 0 0
1.320000e-10 0 0
1.325000e-10 0 0
1.330000e-10 0 0
1.335000e-10 0 0
1.340000e-10 0 0
1.345000e-10 0 0
1.350000e-10 0 0
1.355000e-10 0 0
1.360000e-10 0 0
1.365000e-10 0 0
1.370000e-10 0 0
1.375000e-10 0 0
1.380000e-10 0 0
1.385000e-10 0 0
1.390000e-10 0 0
1.395000e-10 0 0
1.400000e-10 0 0
1.405000e-10 0 0
1.410000e-10 0 0
1.415000e-10 0 0
1.420000e-10 0 0
1.425000e-10 0 0
1.430000e-10 0 0
1.435000e-10 0 0
1.440000e-10 0 0
1.445000e-10 0 0
1.450000e-10 0 0
1.455000e-10 0 0
1.460000e-10 0 0
1.465000e-10 0 0
1.470000e-10 0 0
1.475000e-10 0 0
1.480000e-10 0 0
1.485000e-10 0 0
1.490000e-10 0 0
1.495000e-10 0 0
1.500000e-10 0 0
1.505000e-10 0 0
1.510000e-10 0 0
1.515000e-10 0 0
1.520000e-10 0 0
1.525000e-10 0 0
1.530000e-10 0 0
1.535000e-10 0 0
1.540000e-10 0 0
1.545000e-10 0 0
1.550000e-10 0 0
1.555000e-10 0 0
1.560000e-10 0 0
1.565000e-10 0 0
1.570000e-10 0 0
1.575000e-10 0 0
1.580000e-10 0 0
1.585000e-10 0 0
1.590000e-10 0 0
1.595000e-10 0 0
1.600000e-10 0 0
1.605000e-10 0 0
1.610000e-10 0 0
1.615000e-10 0 0
1.620000e-10 0 0
1.625000e-10 0 0
1.630000e-10 0 0
1.635000e-10 0 0
1.640000e-10 0 0
1.645000e-10 0 0
1.650000e-10 0 0
1.655000e-10 0 0
1.660000e-10 0 0
1.665000e-10 0 0
1.670000e-10 0 0
1.675000e-10 0 0
1.680000e-10 0 0
1.685000e-10 0 0
1.690000e-10 0 0
1.695000e-10 0 0
1.700000e-10 0 0
1.705000e-10 0 0
1.710000e-10 0 0
1.715000e-10 0 0
1.720000e-10 0 0
1.725000e-10 0 0
1.730000e-10 0 0
1.735000e-10 0 0
1.740000e-10 0 0
1.745000e-10 0 0
1.750000e-10 0 0
1.755000e-10 0 0
1.760000e-10 0 0
1.765000e-10 0 0
1.770000e-10 0 0
1.775000e-10 0 0
1.780000e-10 0 0
1.785000e-10 0 0
1.790000e-10 0 0
1.795000e-10 0 0
1.800000e-10 0 0
1.805000e-10 0 0
1.810000e-10 0 0
1.815000e-10 0 0
1.820000e-10 0 0
1.825000e-10 0 0
1.830000e-10 0 0
1.835000e-10 0 0
1.840000e-10 0 0
1.845000e-10 0 0
1.850000e-10 0 0
1.855000e-10 0 0
1.860000e-10 0 0
1.865000e-10 0 0
1.870000e-10 0 0
1.875000e-10 0 0
1.880000e-10 0 0
1.885000e-10 0 0
1.890000e-10 0 0
1.895000e-10 0 0
1.900000e-10 0 0
1.905000e-10 0 0
1.910000e-10 0 0
1.915000e-10 0 0
1.920000e-10 0 0
1.925000e-10 0 0
1.930000e-10 0 0
1.935000e-10 0 0
1.940000e-10 0 0
1.945000e-10 0 0
1.950000e-10 0 0
1.955000e-10 0 0
1.960000e-10 0 0
1.965000e-10 0 0
1.970000e-10 0 0
1.975000e-10 0 0
1.980000e-10 0 0
1.985000e-10 0 0
1.990000e-10 0 0
1.995000e-10 0 0
2.000000e-10 0 0
2.005000e-10 0 0
2.010000e-10 0 0
2.015000e-10 0 0
2.020000e-10 0 0
2.025000e-10 0 0
2.030000e-10 0 0
2.035000e-10 0 0
2.040000e-10 0 0
2.045000e-10 0 0
2.050000e-10 0 0
2.055000e-10 0 0
2.060000e-10 0 0
2.065000e-10 0 0
2.070000e-10 0 0
2.075000e-10 0 0
2.080000e-10 0 0
2.085000e-10 0 0
2.090000e-10 0 0
2.095000e-10 0 0
2.100000e-10 0 0
2.105000e-10 0 0
2.110000e-10 0 0
2.115000e-10 0 0
2.120000e-10 0 0
2.125000e-10 0 0
2.130000e-10 0 0
2.135000e-10 0 0
2.140000e-10 0 0
2.145000e-10 0 0
2.150000e-10 0 0
2.155000e-10 0 0
2.160000e-10 0 0
2.165000e-10 0 0
2.170000e-10 0 0
2.175000e-10 0 0
2.180000e-10 0 0
2.185000e-10 0 0
2.190000e-10 0 0
2.195000e-10 0 0
2.200000e-10 0 0
2.205000e-10 0 0
2.210000e-10 0 0
2.215000e-10 0 0
2.220000e-10 0 0
2.225000e-10 0 0
2.230000e-10 0 0
2.235000e-10 0 0
2.240000e-10 0 0
2.245000e-10 0 0
2.250000e-10 0 0
2.255000e-10 0 0
2.260000e-10 0 0
2.265000e-10 0 0
2.270000e-10 0 0
2.275000e-10 0 0
2.280000e-10 0 0
2.285000e-10 0 0
2.290000e-10 0 0
2.295000e-10 0 0
2.300000e-10 0 0
2.305000e-10 0 0
2.310000e-10 0 0
2.315000e-10 0 0
2.320000e-10 0 0
2.325000e-10 0 0
2.330000e-10 0 0
2.335000e-10 0 0
2.340000e-10 0 0
2.345000e-10 0 0
2.350000e-10 0 0
2.355000e-10 0 0
2.360000e-10 0 0
2.365000e-10 0 0
2.370000e-10 0 0
2.375000e-10 0 0
2.380000e-10 0 0
2.385000e-10 0 0
2.390000e-10 0 0
2.395000e-10 0 0
2.400000e-10 0 0
2.405000e-10 0 0
2.410000e-10 0 0
2.415000e-10 0 0
2.420000e-10 0 0
2.425000e-10 0 0
2.430000e-10 0 0
2.435000e-10 0 0
2.440000e-10 0 0
2.445000e-10 0 0
2.450000e-10 0 0
2.455000e-10 0 0
2.460000e-10 0 0
2.465000e-10 0 0
2.470000e-10 0 0
2.475000e-10 0 0
2.480000e-10 0 0
2.485000e-10 0 0
2.490000e-10 0 0
2.495000e-10 0 0
2.505000e-10 0.000000e+00 0
2.510000e-10 9.293163e-06 0
2.515000e-10 1.306971e-05 0
2.520000e-10 1.591837e-05 0
2.525000e-10 1.827912e-05 0
2.530000e-10 2.032346e-05 0
2.535000e-10 2.213989e-05 0
2.540000e-10 2.378133e-05 0
2.545000e-10 2.528246e-05 0
2.550000e-10 2.666753e-05 0
2.555000e-10 2.795431e-05 0
2.560000e-10 2.915630e-05 0
2.565000e-10 3.028405e-05 0
2.570000e-10 3.134601e-05 0
2.575000e-10 3.234907e-05 0
2.580000e-10 3.329896e-05 0
2.585000e-10 3.420049e-05 0
2.590000e-10 3.505775e-05 0
2.595000e-10 3.587427e-05 0
2.600000e-10 3.665312e-05 0
2.605000e-10 3.739696e-05 0
2.610000e-10 3.810818e-05 0
2.615000e-10 3.878888e-05 0
2.620000e-10 3.944092e-05 0
2.625000e-10 4.006600e-05 0
2.630000e-10 4.066564e-05 0
2.635000e-10 4.124122e-05 0
2.640000e-10 4.179401e-05 0
2.645000e-10 4.232514e-05 0
2.650000e-10 4.283568e-05 0
2.655000e-10 4.332659e-05 0
2.660000e-10 4.379878e-05 0
2.665000e-10 4.425307e-05 0
2.670000e-10 4.469023e-05 0
2.675000e-10 4.511099e-05 0
2.680000e-10 4.551601e-05 0
2.685000e-10 4.590592e-05 0
2.690000e-10 4.628130e-05 0
2.695000e-10 4.664270e-05 0
2.700000e-10 4.699065e-05 0
2.705000e-10 4.732563e-05 0
2.710000e-10 4.764810e-05 0
2.715000e-10 4.795850e-05 0
2.720000e-10 4.825723e-05 0
2.725000e-10 4.854469e-05 0
2.730000e-10 4.882125e-05 0
2.735000e-10 4.908727e-05 0
2.740000e-10 4.934306e-05 0
2.745000e-10 4.958897e-05 0
2.750000e-10 4.982528e-05 0
2.755000e-10 5.005229e-05 0
2.760000e-10 5.027028e-05 0
2.765000e-10 5.047951e-05 0
2.770000e-10 5.068024e-05 0
2.775000e-10 5.087271e-05 0
2.780000e-10 5.105715e-05 0
2.785000e-10 5.123379e-05 0
2.790000e-10 5.140284e-05 0
2.795000e-10 5.156452e-05 0
2.800000e-10 5.171901e-05 0
2.805000e-10 5.186652e-05 0.000000e+00
2.810000e-10 5.200722e-05 1.022248e-05
2.815000e-10 5.214130e-05 1.437668e-05
2.820000e-10 5.226892e-05 1.751021e-05
2.825000e-10 5.239025e-05 2.010703e-05
2.830000e-10 5.250545e-05 2.235580e-05
2.835000e-10 5.261468e-05 2.435388e-05
2.840000e-10 5.271809e-05 2.615946e-05
2.845000e-10 5.281581e-05 2.781071e-05
2.850000e-10 5.290799e-05 2.933429e-05
2.855000e-10 5.299477e-05 3.074974e-05
2.860000e-10 5.307627e-05 3.207193e-05
2.865000e-10 5.315263e-05 3.331246e-05
2.870000e-10 5.322396e-05 3.448061e-05
2.875000e-10 5.329039e-05 3.558398e-05
2.880000e-10 5.335202e-05 3.662886e-05
2.885000e-10 5.340898e-05 3.762054e-05
2.890000e-10 5.346138e-05 3.856353e-05
2.895000e-10 5.350931e-05 3.946170e-05
2.900000e-10 5.355288e-05 4.031843e-05
2.905000e-10 5.359219e-05 4.113666e-05
2.910000e-10 5.362734e-05 4.191900e-05
2.915000e-10 5.365843e-05 4.266776e-05
2.920000e-10 5.368554e-05 4.338501e-05
2.925000e-10 5.370877e-05 4.407260e-05
2.930000e-10 5.372820e-05 4.473221e-05
2.935000e-10 5.374391e-05 4.536535e-05
2.940000e-10 5.375600e-05 4.597341e-05
2.945000e-10 5.376453e-05 4.655765e-05
2.950000e-10 5.376960e-05 4.711924e-05
2.955000e-10 5.377127e-05 4.765925e-05
2.960000e-10 5.376962e-05 4.817865e-05
2.965000e-10 5.376473e-05 4.867837e-05
2.970000e-10 5.375666e-05 4.915926e-05
2.975000e-10 5.374549e-05 4.962209e-05
2.980000e-10 5.373127e-05 5.006761e-05
2.985000e-10 5.371409e-05 5.049651e-05
2.990000e-10 5.369399e-05 5.090943e-05
2.995000e-10 5.367105e-05 5.130697e-05
3.000000e-10 5.364533e-05 5.168972e-05
3.005000e-10 5.361689e-05 5.205819e-05
3.010000e-10 5.358578e-05 5.241291e-05
3.015000e-10 5.355206e-05 5.275435e-05
3.020000e-10 5.351579e-05 5.308295e-05
3.025000e-10 5.347703e-05 5.339916e-05
3.030000e-10 5.343582e-05 5.370338e-05
3.035000e-10 5.339223e-05 5.399599e-05
3.040000e-10 5.334629e-05 5.427737e-05
3.045000e-10 5.329807e-05 5.454786e-05
3.050000e-10 5.324761e-05 5.480781e-05
3.055000e-10 5.319496e-05 5.505752e-05
3.060000e-10 5.314016e-05 5.529731e-05
3.065000e-10 5.308327e-05 5.552746e-05
3.070000e-10 5.302432e-05 5.574826e-05
3.075000e-10 5.296336e-05 5.595998e-05
3.080000e-10 5.290044e-05 5.616286e-05
3.085000e-10 5.283560e-05 5.635717e-05
3.090000e-10 5.276887e-05 5.654313e-05
3.095000e-10 5.270031e-05 5.672097e-05
3.100000e-10 5.262994e-05 5.689091e-05
3.105000e-10 5.255781e-05 5.705317e-05
3.110000e-10 5.248396e-05 5.720794e-05
3.115000e-10 5.240842e-05 5.735543e-05
3.120000e-10 5.233123e-05 5.749581e-05
3.125000e-10 5.225243e-05 5.762927e-05
3.130000e-10 5.217205e-05 5.775600e-05
3.135000e-10 5.209013e-05 5.787615e-05
3.140000e-10 5.200670e-05 5.798990e-05
3.145000e-10 5.192179e-05 5.809739e-05
3.150000e-10 5.183544e-05 5.819879e-05
3.155000e-10 5.174768e-05 5.829425e-05
3.160000e-10 5.165853e-05 5.838390e-05
3.165000e-10 5.156804e-05 5.846789e-05
3.170000e-10 5.147623e-05 5.854636e-05
3.175000e-10 5.138313e-05 5.861943e-05
3.180000e-10 5.128877e-05 5.868723e-05
3.185000e-10 5.119318e-05 5.874988e-05
3.190000e-10 5.109639e-05 5.880751e-05
3.195000e-10 5.099842e-05 5.886024e-05
3.200000e-10 5.089930e-05 5.890817e-05
3.205000e-10 5.079906e-05 5.895141e-05
3.210000e-10 5.069773e-05 5.899008e-05
3.215000e-10 5.059532e-05 5.902427e-05
3.220000e-10 5.049187e-05 5.905409e-05
3.225000e-10 5.038740e-05 5.907964e-05
3.230000e-10 5.028193e-05 5.910102e-05
3.235000e-10 5.017549e-05 5.911830e-05
3.240000e-10 5.006810e-05 5.913160e-05
3.245000e-10 4.995979e-05 5.914099e-05
3.250000e-10 4.985057e-05 5.914656e-05
3.255000e-10 4.974047e-05 5.914840e-05
3.260000e-10 4.962951e-05 5.914659e-05
3.265000e-10 4.951771e-05 5.914120e-05
3.270000e-10 4.940509e-05 5.913233e-05
3.275000e-10 4.929168e-05 5.912003e-05
3.280000e-10 4.917749e-05 5.910440e-05
3.285000e-10 4.906254e-05 5.908549e-05
3.290000e-10 4.894686e-05 5.906339e-05
3.295000e-10 4.883046e-05 5.903816e-05
3.300000e-10 4.871336e-05 5.900986e-05
3.305000e-10 4.859558e-05 5.897857e-05
3.310000e-10 4.847714e-05 5.894435e-05
3.315000e-10 4.835805e-05 5.890727e-05
3.320000e-10 4.823834e-05 5.886737e-05
3.325000e-10 4.811801e-05 5.882473e-05
3.330000e-10 4.799710e-05 5.877940e-05
3.335000e-10 4.787561e-05 5.873145e-05
3.340000e-10 4.775356e-05 5.868092e-05
3.345000e-10 4.763097e-05 5.862788e-05
3.350000e-10 4.750785e-05 5.857237e-05
3.355000e-10 4.738422e-05 5.851445e-05
3.360000e-10 4.726010e-05 5.845418e-05
3.365000e-10 4.713549e-05 5.839159e-05
3.370000e-10 4.701042e-05 5.832675e-05
3.375000e-10 4.688489e-05 5.825970e-05
3.380000e-10 4.675893e-05 5.819049e-05
3.385000e-10 4.663255e-05 5.811916e-05
3.390000e-10 4.650575e-05 5.804576e-05
3.395000e-10 4.637857e-05 5.797034e-05
3.400000e-10 4.625099e-05 5.789293e-05
3.405000e-10 4.612306e-05 5.781359e-05
3.410000e-10 4.599476e-05 5.773235e-05
3.415000e-10 4.586612e-05 5.764926e-05
3.420000e-10 4.573715e-05 5.756435e-05
3.425000e-10 4.560786e-05 5.747767e-05
3.430000e-10 4.547827e-05 5.738926e-05
3.435000e-10 4.534838e-05 5.729914e-05
3.440000e-10 4.521821e-05 5.720737e-05
3.445000e-10 4.508777e-05 5.711397e-05
3.450000e-10 4.495707e-05 5.701898e-05
3.455000e-10 4.482612e-05 5.692244e-05
3.460000e-10 4.469493e-05 5.682439e-05
3.465000e-10 4.456352e-05 5.672485e-05
3.470000e-10 4.443189e-05 5.662386e-05
3.475000e-10 4.430005e-05 5.652145e-05
3.480000e-10 4.416802e-05 5.641765e-05
3.485000e-10 4.403580e-05 5.631250e-05
3.490000e-10 4.390341e-05 5.620603e-05
3.495000e-10 4.377085e-05 5.609826e-05
3.500000e-10 4.363813e-05 5.598923e-05
3.505000e-10 4.350527e-05 5.587897e-05
3.510000e-10 4.337227e-05 5.576750e-05
3.515000e-10 4.323914e-05 5.565486e-05
3.520000e-10 4.310589e-05 5.554106e-05
3.525000e-10 4.297253e-05 5.542614e-05
3.530000e-10 4.283907e-05 5.531013e-05
3.535000e-10 4.270552e-05 5.519304e-05
3.540000e-10 4.257188e-05 5.507491e-05
3.545000e-10 4.243816e-05 5.495577e-05
3.550000e-10 4.230438e-05 5.483562e-05
3.555000e-10 4.217053e-05 5.471451e-05
3.560000e-10 4.203663e-05 5.459246e-05
3.565000e-10 4.190268e-05 5.446948e-05
3.570000e-10 4.176870e-05 5.434560e-05
3.575000e-10 4.163469e-05 5.422085e-05
3.580000e-10 4.150065e-05 5.409524e-05
3.585000e-10 4.136660e-05 5.396880e-05
3.590000e-10 4.123254e-05 5.384154e-05
3.595000e-10 4.109847e-05 5.371350e-05
3.600000e-10 4.096441e-05 5.358469e-05
3.605000e-10 4.083037e-05 5.345514e-05
3.610000e-10 4.069634e-05 5.332485e-05
3.615000e-10 4.056233e-05 5.319385e-05
3.620000e-10 4.042836e-05 5.306217e-05
3.625000e-10 4.029442e-05 5.292982e-05
3.630000e-10 4.016053e-05 5.279681e-05
3.635000e-10 4.002669e-05 5.266317e-05
3.640000e-10 3.989290e-05 5.252892e-05
3.645000e-10 3.975918e-05 5.239407e-05
3.650000e-10 3.962552e-05 5.225864e-05
3.655000e-10 3.949193e-05 5.212264e-05
3.660000e-10 3.935842e-05 5.198611e-05
3.665000e-10 3.922500e-05 5.184904e-05
3.670000e-10 3.909167e-05 5.171146e-05
3.675000e-10 3.895843e-05 5.157338e-05
3.680000e-10 3.882529e-05 5.143482e-05
3.685000e-10 3.869225e-05 5.129580e-05
3.690000e-10 3.855932e-05 5.115633e-05
3.695000e-10 3.842651e-05 5.101642e-05
3.700000e-10 3.829382e-05 5.087609e-05
3.705000e-10 3.816125e-05 5.073536e-05
3.710000e-10 3.802881e-05 5.059424e-05
3.715000e-10 3.789651e-05 5.045273e-05
3.720000e-10 3.776434e-05 5.031087e-05
3.725000e-10 3.763231e-05 5.016865e-05
3.730000e-10 3.750043e-05 5.002610e-05
3.735000e-10 3.736871e-05 4.988322e-05
3.740000e-10 3.723713e-05 4.974003e-05
3.745000e-10 3.710572e-05 4.959655e-05
3.750000e-10 3.697447e-05 4.945278e-05
3.755000e-10 3.684338e-05 4.930873e-05
3.760000e-10 3.671247e-05 4.916443e-05
3.765000e-10 3.658173e-05 4.901987e-05
3.770000e-10 3.645118e-05 4.887508e-05
3.775000e-10 3.632080e-05 4.873006e-05
3.780000e-10 3.619061e-05 4.858482e-05
3.785000e-10 3.606061e-05 4.843938e-05
3.790000e-10 3.593080e-05 4.829375e-05
3.795000e-10 3.580118e-05 4.814793e-05
3.800000e-10 3.567177e-05 4.800195e-05
3.805000e-10 3.554256e-05 4.785580e-05
3.810000e-10 3.541356e-05 4.770950e-05
3.815000e-10 3.528476e-05 4.756306e-05
3.820000e-10 3.515618e-05 4.741648e-05
3.825000e-10 3.502781e-05 4.726979e-05
3.830000e-10 3.489966e-05 4.712298e-05
3.835000e-10 3.477174e-05 4.697607e-05
3.840000e-10 3.464403e-05 4.682907e-05
3.845000e-10 3.451656e-05 4.668198e-05
3.850000e-10 3.438931e-05 4.653481e-05
3.855000e-10 3.426230e-05 4.638758e-05
3.860000e-10 3.413552e-05 4.624029e-05
3.865000e-10 3.400897e-05 4.609295e-05
3.870000e-10 3.388267e-05 4.594557e-05
3.875000e-10 3.375661e-05 4.579816e-05
3.880000e-10 3.363080e-05 4.565071e-05
3.885000e-10 3.350523e-05 4.550326e-05
3.890000e-10 3.337992e-05 4.535579e-05
3.895000e-10 3.325485e-05 4.520832e-05
3.900000e-10 3.313004e-05 4.506085e-05
3.905000e-10 3.300549e-05 4.491340e-05
3.910000e-10 3.288119e-05 4.476597e-05
3.915000e-10 3.275715e-05 4.461857e-05
3.920000e-10 3.263338e-05 4.447120e-05
3.925000e-10 3.250987e-05 4.432387e-05
3.930000e-10 3.238663e-05 4.417658e-05
3.935000e-10 3.226366e-05 4.402936e-05
3.940000e-10 3.214096e-05 4.388219e-05
3.945000e-10 3.201853e-05 4.373509e-05
3.950000e-10 3.189637e-05 4.358807e-05
3.955000e-10 3.177449e-05 4.344112e-05
3.960000e-10 3.165289e-05 4.329427e-05
3.965000e-10 3.153157e-05 4.314750e-05
3.970000e-10 3.141053e-05 4.300083e-05
3.975000e-10 3.128977e-05 4.285427e-05
3.980000e-10 3.116929e-05 4.270781e-05
3.985000e-10 3.104910e-05 4.256147e-05
3.990000e-10 3.092920e-05 4.241526e-05
3.995000e-10 3.080958e-05 4.226916e-05
4.000000e-10 3.069026e-05 4.212320e-05
4.005000e-10 3.057122e-05 4.197738e-05
4.010000e-10 3.045248e-05 4.183169e-05
4.015000e-10 3.033403e-05 4.168616e-05
4.020000e-10 3.021588e-05 4.154077e-05
4.025000e-10 3.009802e-05 4.139554e-05
4.030000e-10 2.998046e-05 4.125048e-05
4.035000e-10 2.986320e-05 4.110558e-05
4.040000e-10 2.974624e-05 4.096085e-05
4.045000e-10 2.962958e-05 4.081629e-05
4.050000e-10 2.951323e-05 4.067192e-05
4.055000e-10 2.939717e-05 4.052772e-05
4.060000e-10 2.928142e-05 4.038372e-05
4.065000e-10 2.916597e-05 4.023991e-05
4.070000e-10 2.905083e-05 4.009629e-05
4.075000e-10 2.893600e-05 3.995288e-05
4.080000e-10 2.882148e-05 3.980967e-05
4.085000e-10 2.870726e-05 3.966667e-05
4.090000e-10 2.859335e-05 3.952388e-05
4.095000e-10 2.847976e-05 3.938130e-05
4.100000e-10 2.836647e-05 3.923895e-05
4.105000e-10 2.825350e-05 3.909682e-05
4.110000e-10 2.814084e-05 3.895491e-05
4.115000e-10 2.802849e-05 3.881324e-05
4.120000e-10 2.791645e-05 3.867180e-05
4.125000e-10 2.780473e-05 3.853059e-05
4.130000e-10 2.769333e-05 3.838963e-05
4.135000e-10 2.758224e-05 3.824891e-05
4.140000e-10 2.747147e-05 3.810844e-05
4.145000e-10 2.736101e-05 3.796821e-05
4.150000e-10 2.725087e-05 3.782824e-05
4.155000e-10 2.714105e-05 3.768853e-05
4.160000e-10 2.703155e-05 3.754907e-05
4.165000e-10 2.692237e-05 3.740987e-05
4.170000e-10 2.681351e-05 3.727094e-05
4.175000e-10 2.670496e-05 3.713227e-05
4.180000e-10 2.659674e-05 3.699388e-05
4.185000e-10 2.648884e-05 3.685576e-05
4.190000e-10 2.638126e-05 3.671791e-05
4.195000e-10 2.627400e-05 3.658034e-05
4.200000e-10 2.616706e-05 3.644304e-05
4.205000e-10 2.606044e-05 3.630603e-05
4.210000e-10 2.595414e-05 3.616931e-05
4.215000e-10 2.584817e-05 3.603287e-05
4.220000e-10 2.574252e-05 3.589672e-05
4.225000e-10 2.563720e-05 3.576086e-05
4.230000e-10 2.553219e-05 3.562530e-05
4.235000e-10 2.542751e-05 3.549003e-05
4.240000e-10 2.532315e-05 3.535505e-05
4.245000e-10 2.521912e-05 3.522038e-05
4.250000e-10 2.511541e-05 3.508601e-05
4.255000e-10 2.501202e-05 3.495194e-05
4.260000e-10 2.490896e-05 3.481818e-05
4.265000e-10 2.480622e-05 3.468472e-05
4.270000e-10 2.470381e-05 3.455158e-05
4.275000e-10 2.460172e-05 3.441874e-05
4.280000e-10 2.449995e-05 3.428622e-05
4.285000e-10 2.439851e-05 3.415401e-05
4.290000e-10 2.429739e-05 3.402212e-05
4.295000e-10 2.419660e-05 3.389054e-05
4.300000e-10 2.409613e-05 3.375928e-05
4.305000e-10 2.399599e-05 3.362834e-05
4.310000e-10 2.389616e-05 3.349773e-05
4.315000e-10 2.379667e-05 3.336744e-05
4.320000e-10 2.369749e-05 3.323747e-05
4.325000e-10 2.359864e-05 3.310782e-05
4.330000e-10 2.350012e-05 3.297851e-05
4.335000e-10 2.340191e-05 3.284952e-05
4.340000e-10 2.330404e-05 3.272087e-05
4.345000e-10 2.320648e-05 3.259254e-05
4.350000e-10 2.310925e-05 3.246455e-05
4.355000e-10 2.301234e-05 3.233689e-05
4.360000e-10 2.291575e-05 3.220956e-05
4.365000e-10 2.281948e-05 3.208257e-05
4.370000e-10 2.272354e-05 3.195592e-05
4.375000e-10 2.262792e-05 3.182960e-05
4.380000e-10 2.253262e-05 3.170362e-05
4.385000e-10 2.243765e-05 3.157799e-05
4.390000e-10 2.234299e-05 3.145269e-05
4.395000e-10 2.224866e-05 3.132773e-05
4.400000e-10 2.215464e-05 3.120312e-05
4.405000e-10 2.206095e-05 3.107885e-05
4.410000e-10 2.196758e-05 3.095492e-05
4.415000e-10 2.187452e-05 3.083134e-05
4.420000e-10 2.178179e-05 3.070810e-05
4.425000e-10 2.168937e-05 3.058521e-05
4.430000e-10 2.159728e-05 3.046266e-05
4.435000e-10 2.150550e-05 3.034046e-05
4.440000e-10 2.141404e-05 3.021861e-05
4.445000e-10 2.132290e-05 3.009711e-05
4.450000e-10 2.123208e-05 2.997596e-05
4.455000e-10 2.114157e-05 2.985516e-05
4.460000e-10 2.105138e-05 2.973471e-05
4.465000e-10 2.096150e-05 2.961461e-05
4.470000e-10 2.087195e-05 2.949486e-05
4.475000e-10 2.078270e-05 2.937546e-05
4.480000e-10 2.069378e-05 2.925641e-05
4.485000e-10 2.060516e-05 2.913772e-05
4.490000e-10 2.051686e-05 2.901938e-05
4.495000e-10 2.042888e-05 2.890139e-05
4.500000e-10 2.034120e-05 2.878376e-05
4.505000e-10 2.025384e-05 2.866648e-05
4.510000e-10 2.016680e-05 2.854956e-05
4.515000e-10 2.008006e-05 2.843299e-05
4.520000e-10 1.999363e-05 2.831677e-05
4.525000e-10 1.990752e-05 2.820091e-05
4.530000e-10 1.982171e-05 2.808541e-05
4.535000e-10 1.973622e-05 2.797026e-05
4.540000e-10 1.965103e-05 2.785547e-05
4.545000e-10 1.956616e-05 2.774103e-05
4.550000e-10 1.948159e-05 2.762695e-05
4.555000e-10 1.939733e-05 2.751323e-05
4.560000e-10 1.931337e-05 2.739986e-05
4.565000e-10 1.922973e-05 2.728685e-05
4.570000e-10 1.914638e-05 2.717419e-05
4.575000e-10 1.906335e-05 2.706189e-05
4.580000e-10 1.898062e-05 2.694995e-05
4.585000e-10 1.889819e-05 2.683836e-05
4.590000e-10 1.881606e-05 2.672713e-05
4.595000e-10 1.873424e-05 2.661626e-05
4.600000e-10 1.865272e-05 2.650574e-05
4.605000e-10 1.857151e-05 2.639558e-05
4.610000e-10 1.849059e-05 2.628578e-05
4.615000e-10 1.840998e-05 2.617633e-05
4.620000e-10 1.832966e-05 2.606724e-05
4.625000e-10 1.824965e-05 2.595851e-05
4.630000e-10 1.816993e-05 2.585013e-05
4.635000e-10 1.809051e-05 2.574211e-05
4.640000e-10 1.801139e-05 2.563444e-05
4.645000e-10 1.793257e-05 2.552713e-05
4.650000e-10 1.785404e-05 2.542017e-05
4.655000e-10 1.777580e-05 2.531357e-05
4.660000e-10 1.769787e-05 2.520732e-05
4.665000e-10 1.762022e-05 2.510143e-05
4.670000e-10 1.754287e-05 2.499590e-05
4.675000e-10 1.746582e-05 2.489071e-05
4.680000e-10 1.738905e-05 2.478589e-05
4.685000e-10 1.731258e-05 2.468141e-05
4.690000e-10 1.723640e-05 2.457729e-05
4.695000e-10 1.716051e-05 2.447352e-05
4.700000e-10 1.708491e-05 2.437011e-05
4.705000e-10 1.700959e-05 2.426704e-05
4.710000e-10 1.693457e-05 2.416433e-05
4.715000e-10 1.685983e-05 2.406197e-05
4.720000e-10 1.678538e-05 2.395997e-05
4.725000e-10 1.671122e-05 2.385831e-05
4.730000e-10 1.663734e-05 2.375701e-05
4.735000e-10 1.656374e-05 2.365605e-05
4.740000e-10 1.649043e-05 2.355545e-05
4.745000e-10 1.641741e-05 2.345519e-05
4.750000e-10 1.634466e-05 2.335528e-05
4.755000e-10 1.627220e-05 2.325573e-05
4.760000e-10 1.620002e-05 2.315652e-05
4.765000e-10 1.612812e-05 2.305766e-05
4.770000e-10 1.605650e-05 2.295914e-05
4.775000e-10 1.598516e-05 2.286097e-05
4.780000e-10 1.591410e-05 2.276315e-05
4.785000e-10 1.584331e-05 2.266568e-05
4.790000e-10 1.577281e-05 2.256855e-05
4.795000e-10 1.570257e-05 2.247176e-05
4.800000e-10 1.563262e-05 2.237532e-05
4.805000e-10 1.556294e-05 2.227923e-05
4.810000e-10 1.549353e-05 2.218347e-05
4.815000e-10 1.542439e-05 2.208806e-05
4.820000e-10 1.535553e-05 2.199300e-05
4.825000e-10 1.528694e-05 2.189827e-05
4.830000e-10 1.521862e-05 2.180389e-05
4.835000e-10 1.515057e-05 2.170984e-05
4.840000e-10 1.508280e-05 2.161614e-05
4.845000e-10 1.501528e-05 2.152277e-05
4.850000e-10 1.494804e-05 2.142975e-05
4.855000e-10 1.488107e-05 2.133706e-05
4.860000e-10 1.481436e-05 2.124471e-05
4.865000e-10 1.474792e-05 2.115270e-05
4.870000e-10 1.468174e-05 2.106102e-05
4.875000e-10 1.461582e-05 2.096968e-05
4.880000e-10 1.455018e-05 2.087868e-05
4.885000e-10 1.448479e-05 2.078801e-05
4.890000e-10 1.441966e-05 2.069767e-05
4.895000e-10 1.435480e-05 2.060767e-05
4.900000e-10 1.429020e-05 2.051800e-05
4.905000e-10 1.422585e-05 2.042866e-05
4.910000e-10 1.416177e-05 2.033965e-05
4.915000e-10 1.409794e-05 2.025097e-05
4.920000e-10 1.403437e-05 2.016263e-05
4.925000e-10 1.397106e-05 2.007461e-05
4.930000e-10 1.390800e-05 1.998692e-05
4.935000e-10 1.384520e-05 1.989956e-05
4.940000e-10 1.378266e-05 1.981253e-05
4.945000e-10 1.372036e-05 1.972582e-05
4.950000e-10 1.365832e-05 1.963944e-05
4.955000e-10 1.359654e-05 1.955338e-05
4.960000e-10 1.353500e-05 1.946765e-05
4.965000e-10 1.347371e-05 1.938225e-05
4.970000e-10 1.341268e-05 1.929716e-05
4.975000e-10 1.335189e-05 1.921240e-05
4.980000e-10 1.329135e-05 1.912796e-05
4.985000e-10 1.323106e-05 1.904384e-05
4.990000e-10 1.317101e-05 1.896004e-05
4.995000e-10 1.311121e-05 1.887656e-05
5.000000e-10 1.305166e-05 1.879340e-05
5.005000e-10 1.299235e-05 1.871055e-05
5.010000e-10 1.293329e-05 1.862802e-05
5.015000e-10 1.287446e-05 1.854581e-05
5.020000e-10 1.281588e-05 1.846392e-05
5.025000e-10 1.275754e-05 1.838234e-05
5.030000e-10 1.269944e-05 1.830107e-05
5.035000e-10 1.264158e-05 1.822012e-05
5.040000e-10 1.258396e-05 1.813948e-05
5.045000e-10 1.252658e-05 1.805915e-05
5.050000e-10 1.246944e-05 1.797913e-05
5.055000e-10 1.241253e-05 1.789942e-05
5.060000e-10 1.235586e-05 1.782002e-05
5.065000e-10 1.229942e-05 1.774093e-05
5.070000e-10 1.224322e-05 1.766215e-05
5.075000e-10 1.218725e-05 1.758368e-05
5.080000e-10 1.213152e-05 1.750551e-05
5.085000e-10 1.207601e-05 1.742765e-05
5.090000e-10 1.202074e-05 1.735009e-05
5.095000e-10 1.196570e-05 1.727283e-05
5.100000e-10 1.191089e-05 1.719588e-05
5.105000e-10 1.185631e-05 1.711923e-05
5.110000e-10 1.180195e-05 1.704288e-05
5.115000e-10 1.174783e-05 1.696683e-05
5.120000e-10 1.169393e-05 1.689109e-05
5.125000e-10 1.164025e-05 1.681564e-05
5.130000e-10 1.158681e-05 1.674049e-05
5.135000e-10 1.153358e-05 1.666563e-05
5.140000e-10 1.148058e-05 1.659107e-05
5.145000e-10 1.142780e-05 1.651681e-05
5.150000e-10 1.137525e-05 1.644285e-05
5.155000e-10 1.132292e-05 1.636917e-05
5.160000e-10 1.127080e-05 1.629579e-05
5.165000e-10 1.121891e-05 1.622271e-05
5.170000e-10 1.116724e-05 1.614991e-05
5.175000e-10 1.111578e-05 1.607741e-05
5.180000e-10 1.106454e-05 1.600519e-05
5.185000e-10 1.101352e-05 1.593327e-05
5.190000e-10 1.096272e-05 1.586163e-05
5.195000e-10 1.091213e-05 1.579028e-05
5.200000e-10 1.086175e-05 1.571922e-05
5.205000e-10 1.081159e-05 1.564844e-05
5.210000e-10 1.076165e-05 1.557794e-05
5.215000e-10 1.071191e-05 1.550774e-05
5.220000e-10 1.066239e-05 1.543781e-05
5.225000e-10 1.061308e-05 1.536817e-05
5.230000e-10 1.056398e-05 1.529880e-05
5.235000e-10 1.051508e-05 1.522972e-05
5.240000e-10 1.046640e-05 1.516092e-05
5.245000e-10 1.041792e-05 1.509240e-05
5.250000e-10 1.036965e-05 1.502416e-05
5.255000e-10 1.032159e-05 1.495619e-05
5.260000e-10 1.027374e-05 1.488850e-05
5.265000e-10 1.022609e-05 1.482108e-05
5.270000e-10 1.017864e-05 1.475394e-05
5.275000e-10 1.013140e-05 1.468708e-05
5.280000e-10 1.008436e-05 1.462048e-05
5.285000e-10 1.003752e-05 1.455416e-05
5.290000e-10 9.990880e-06 1.448811e-05
5.295000e-10 9.944444e-06 1.442234e-05
5.300000e-10 9.898208e-06 1.435683e-05
5.305000e-10 9.852171e-06 1.429159e-05
5.310000e-10 9.806332e-06 1.422661e-05
5.315000e-10 9.760691e-06 1.416191e-05
5.320000e-10 9.715247e-06 1.409747e-05
5.325000e-10 9.670000e-06 1.403330e-05
5.330000e-10 9.624948e-06 1.396939e-05
5.335000e-10 9.580091e-06 1.390574e-05
5.340000e-10 9.535428e-06 1.384236e-05
5.345000e-10 9.490959e-06 1.377924e-05
5.350000e-10 9.446682e-06 1.371638e-05
5.355000e-10 9.402598e-06 1.365378e-05
5.360000e-10 9.358705e-06 1.359145e-05
5.365000e-10 9.315002e-06 1.352937e-05
5.370000e-10 9.271489e-06 1.346754e-05
5.375000e-10 9.228166e-06 1.340598e-05
5.380000e-10 9.185031e-06 1.334467e-05
5.385000e-10 9.142084e-06 1.328362e-05
5.390000e-10 9.099324e-06 1.322282e-05
5.395000e-10 9.056750e-06 1.316227e-05
5.400000e-10 9.014362e-06 1.310198e-05
5.405000e-10 8.972159e-06 1.304194e-05
5.410000e-10 8.930140e-06 1.298215e-05
5.415000e-10 8.888305e-06 1.292261e-05
5.420000e-10 8.846653e-06 1.286332e-05
5.425000e-10 8.805183e-06 1.280428e-05
5.430000e-10 8.763895e-06 1.274549e-05
5.435000e-10 8.722787e-06 1.268694e-05
5.440000e-10 8.681860e-06 1.262864e-05
5.445000e-10 8.641112e-06 1.257058e-05
5.450000e-10 8.600543e-06 1.251277e-05
5.455000e-10 8.560152e-06 1.245521e-05
5.460000e-10 8.519939e-06 1.239788e-05
5.465000e-10 8.479902e-06 1.234080e-05
5.470000e-10 8.440042e-06 1.228396e-05
5.475000e-10 8.400357e-06 1.222736e-05
5.480000e-10 8.360846e-06 1.217100e-05
5.485000e-10 8.321510e-06 1.211487e-05
5.490000e-10 8.282347e-06 1.205899e-05
5.495000e-10 8.243357e-06 1.200334e-05
5.500000e-10 8.204539e-06 1.194793e-05
5.505000e-10 8.165892e-06 1.189275e-05
5.510000e-10 8.127416e-06 1.183781e-05
5.515000e-10 8.089111e-06 1.178310e-05
5.520000e-10 8.050974e-06 1.172863e-05
5.525000e-10 8.013007e-06 1.167438e-05
5.530000e-10 7.975207e-06 1.162037e-05
5.535000e-10 7.937575e-06 1.156659e-05
5.540000e-10 7.900110e-06 1.151304e-05
5.545000e-10 7.862811e-06 1.145972e-05
5.550000e-10 7.825678e-06 1.140662e-05
5.555000e-10 7.788709e-06 1.135375e-05
5.560000e-10 7.751904e-06 1.130111e-05
5.565000e-10 7.715264e-06 1.124869e-05
5.570000e-10 7.678786e-06 1.119650e-05
5.575000e-10 7.642470e-06 1.114454e-05
5.580000e-10 7.606316e-06 1.109279e-05
5.585000e-10 7.570323e-06 1.104127e-05
5.590000e-10 7.534491e-06 1.098997e-05
5.595000e-10 7.498818e-06 1.093889e-05
5.600000e-10 7.463304e-06 1.088803e-05
5.605000e-10 7.427949e-06 1.083739e-05
5.610000e-10 7.392752e-06 1.078697e-05
5.615000e-10 7.357712e-06 1.073676e-05
5.620000e-10 7.322829e-06 1.068677e-05
5.625000e-10 7.288101e-06 1.063700e-05
5.630000e-10 7.253529e-06 1.058744e-05
5.635000e-10 7.219112e-06 1.053810e-05
5.640000e-10 7.184849e-06 1.048897e-05
5.645000e-10 7.150739e-06 1.044005e-05
5.650000e-10 7.116782e-06 1.039135e-05
5.655000e-10 7.082978e-06 1.034286e-05
5.660000e-10 7.049325e-06 1.029458e-05
5.665000e-10 7.015824e-06 1.024650e-05
5.670000e-10 6.982472e-06 1.019864e-05
5.675000e-10 6.949271e-06 1.015098e-05
5.680000e-10 6.916219e-06 1.010353e-05
5.685000e-10 6.883316e-06 1.005629e-05
5.690000e-10 6.850560e-06 1.000926e-05
5.695000e-10 6.817953e-06 9.962425e-06
5.700000e-10 6.785492e-06 9.915798e-06
5.705000e-10 6.753177e-06 9.869375e-06
5.710000e-10 6.721008e-06 9.823154e-06
5.715000e-10 6.688984e-06 9.777136e-06
5.720000e-10 6.657105e-06 9.731319e-06
5.725000e-10 6.625369e-06 9.685702e-06
5.730000e-10 6.593777e-06 9.640284e-06
5.735000e-10 6.562328e-06 9.595066e-06
5.740000e-10 6.531021e-06 9.550046e-06
5.745000e-10 6.499855e-06 9.505224e-06
5.750000e-10 6.468830e-06 9.460598e-06
5.755000e-10 6.437946e-06 9.416168e-06
5.760000e-10 6.407202e-06 9.371933e-06
5.765000e-10 6.376597e-06 9.327893e-06
5.770000e-10 6.346131e-06 9.284046e-06
5.775000e-10 6.315803e-06 9.240392e-06
5.780000e-10 6.285612e-06 9.196931e-06
5.785000e-10 6.255559e-06 9.153661e-06
5.790000e-10 6.225642e-06 9.110582e-06
5.795000e-10 6.195861e-06 9.067693e-06
5.800000e-10 6.166215e-06 9.024993e-06
5.805000e-10 6.136704e-06 8.982482e-06
5.810000e-10 6.107327e-06 8.940158e-06
5.815000e-10 6.078084e-06 8.898022e-06
5.820000e-10 6.048974e-06 8.856072e-06
5.825000e-10 6.019997e-06 8.814307e-06
5.830000e-10 5.991151e-06 8.772728e-06
5.835000e-10 5.962437e-06 8.731333e-06
5.840000e-10 5.933854e-06 8.690121e-06
5.845000e-10 5.905402e-06 8.649092e-06
5.850000e-10 5.877079e-06 8.608245e-06
5.855000e-10 5.848886e-06 8.567580e-06
5.860000e-10 5.820821e-06 8.527095e-06
5.865000e-10 5.792884e-06 8.486790e-06
5.870000e-10 5.765076e-06 8.446664e-06
5.875000e-10 5.737394e-06 8.406717e-06
5.880000e-10 5.709839e-06 8.366948e-06
5.885000e-10 5.682410e-06 8.327356e-06
5.890000e-10 5.655107e-06 8.287940e-06
5.895000e-10 5.627929e-06 8.248700e-06
5.900000e-10 5.600875e-06 8.209635e-06
5.905000e-10 5.573945e-06 8.170744e-06
5.910000e-10 5.547139e-06 8.132027e-06
5.915000e-10 5.520456e-06 8.093483e-06
5.920000e-10 5.493895e-06 8.055111e-06
5.925000e-10 5.467456e-06 8.016911e-06
5.930000e-10 5.441139e-06 7.978882e-06
5.935000e-10 5.414942e-06 7.941023e-06
5.940000e-10 5.388866e-06 7.903333e-06
5.945000e-10 5.362910e-06 7.865813e-06
5.950000e-10 5.337073e-06 7.828461e-06
5.955000e-10 5.311355e-06 7.791276e-06
5.960000e-10 5.285755e-06 7.754258e-06
5.965000e-10 5.260274e-06 7.717406e-06
5.970000e-10 5.234909e-06 7.680720e-06
5.975000e-10 5.209662e-06 7.644198e-06
5.980000e-10 5.184531e-06 7.607841e-06
5.985000e-10 5.159515e-06 7.571647e-06
5.990000e-10 5.134616e-06 7.535616e-06
5.995000e-10 5.109831e-06 7.499748e-06
6.000000e-10 5.085160e-06 7.464041e-06
6.005000e-10 5.060604e-06 7.428495e-06
6.010000e-10 5.036161e-06 7.393109e-06
6.015000e-10 5.011830e-06 7.357882e-06
6.020000e-10 4.987613e-06 7.322815e-06
6.025000e-10 4.963507e-06 7.287906e-06
6.030000e-10 4.939513e-06 7.253155e-06
6.035000e-10 4.915630e-06 7.218561e-06
6.040000e-10 4.891857e-06 7.184123e-06
6.045000e-10 4.868195e-06 7.149840e-06
6.050000e-10 4.844642e-06 7.115713e-06
6.055000e-10 4.821199e-06 7.081741e-06
6.060000e-10 4.797864e-06 7.047922e-06
6.065000e-10 4.774637e-06 7.014257e-06
6.070000e-10 4.751518e-06 6.980744e-06
6.075000e-10 4.728506e-06 6.947383e-06
6.080000e-10 4.705601e-06 6.914173e-06
6.085000e-10 4.682803e-06 6.881115e-06
6.090000e-10 4.660110e-06 6.848206e-06
6.095000e-10 4.637523e-06 6.815447e-06
6.100000e-10 4.615041e-06 6.782836e-06
6.105000e-10 4.592663e-06 6.750374e-06
6.110000e-10 4.570390e-06 6.718060e-06
6.115000e-10 4.548220e-06 6.685892e-06
6.120000e-10 4.526153e-06 6.653871e-06
6.125000e-10 4.504190e-06 6.621996e-06
6.130000e-10 4.482328e-06 6.590266e-06
6.135000e-10 4.460568e-06 6.558681e-06
6.140000e-10 4.438910e-06 6.527240e-06
6.145000e-10 4.417353e-06 6.495942e-06
6.150000e-10 4.395896e-06 6.464787e-06
6.155000e-10 4.374539e-06 6.433774e-06
6.160000e-10 4.353282e-06 6.402903e-06
6.165000e-10 4.332125e-06 6.372173e-06
6.170000e-10 4.311066e-06 6.341583e-06
6.175000e-10 4.290105e-06 6.311134e-06
6.180000e-10 4.269243e-06 6.280823e-06
6.185000e-10 4.248478e-06 6.250651e-06
6.190000e-10 4.227810e-06 6.220618e-06
6.195000e-10 4.207238e-06 6.190722e-06
6.200000e-10 4.186763e-06 6.160963e-06
6.205000e-10 4.166384e-06 6.131340e-06
6.210000e-10 4.146100e-06 6.101853e-06
6.215000e-10 4.125911e-06 6.072502e-06
6.220000e-10 4.105817e-06 6.043285e-06
6.225000e-10 4.085817e-06 6.014202e-06
6.230000e-10 4.065911e-06 5.985253e-06
6.235000e-10 4.046098e-06 5.956436e-06
6.240000e-10 4.026378e-06 5.927753e-06
6.245000e-10 4.006750e-06 5.899201e-06
6.250000e-10 3.987215e-06 5.870780e-06
6.255000e-10 3.967771e-06 5.842490e-06
6.260000e-10 3.948418e-06 5.814331e-06
6.265000e-10 3.929157e-06 5.786301e-06
6.270000e-10 3.909986e-06 5.758400e-06
6.275000e-10 3.890905e-06 5.730628e-06
6.280000e-10 3.871914e-06 5.702984e-06
6.285000e-10 3.853012e-06 5.675467e-06
6.290000e-10 3.834199e-06 5.648077e-06
6.295000e-10 3.815475e-06 5.620814e-06
6.300000e-10 3.796838e-06 5.593676e-06
6.305000e-10 3.778290e-06 5.566664e-06
6.310000e-10 3.759829e-06 5.539777e-06
6.315000e-10 3.741455e-06 5.513014e-06
6.320000e-10 3.723167e-06 5.486374e-06
6.325000e-10 3.704966e-06 5.459858e-06
6.330000e-10 3.686850e-06 5.433464e-06
6.335000e-10 3.668820e-06 5.407193e-06
6.340000e-10 3.650875e-06 5.381043e-06
6.345000e-10 3.633014e-06 5.355014e-06
6.350000e-10 3.615238e-06 5.329106e-06
6.355000e-10 3.597546e-06 5.303318e-06
6.360000e-10 3.579938e-06 5.277650e-06
6.365000e-10 3.562412e-06 5.252101e-06
6.370000e-10 3.544970e-06 5.226670e-06
6.375000e-10 3.527610e-06 5.201357e-06
6.380000e-10 3.510331e-06 5.176161e-06
6.385000e-10 3.493135e-06 5.151083e-06
6.390000e-10 3.476020e-06 5.126121e-06
6.395000e-10 3.458986e-06 5.101275e-06
6.400000e-10 3.442033e-06 5.076545e-06
6.405000e-10 3.425160e-06 5.051930e-06
6.410000e-10 3.408367e-06 5.027429e-06
6.415000e-10 3.391653e-06 5.003042e-06
6.420000e-10 3.375019e-06 4.978769e-06
6.425000e-10 3.358463e-06 4.954609e-06
6.430000e-10 3.341986e-06 4.930561e-06
6.435000e-10 3.325587e-06 4.906625e-06
6.440000e-10 3.309266e-06 4.882801e-06
6.445000e-10 3.293022e-06 4.859088e-06
6.450000e-10 3.276856e-06 4.835486e-06
6.455000e-10 3.260766e-06 4.811993e-06
6.460000e-10 3.244752e-06 4.788611e-06
6.465000e-10 3.228815e-06 4.765337e-06
6.470000e-10 3.212953e-06 4.742172e-06
6.475000e-10 3.197167e-06 4.719116e-06
6.480000e-10 3.181456e-06 4.696167e-06
6.485000e-10 3.165819e-06 4.673325e-06
6.490000e-10 3.150257e-06 4.650590e-06
6.495000e-10 3.134769e-06 4.627962e-06
6.500000e-10 3.119355e-06 4.605439e-06
6.505000e-10 3.104013e-06 4.583022e-06
6.510000e-10 3.088745e-06 4.560710e-06
6.515000e-10 3.073550e-06 4.538502e-06
6.520000e-10 3.058427e-06 4.516399e-06
6.525000e-10 3.043376e-06 4.494399e-06
6.530000e-10 3.028397e-06 4.472502e-06
6.535000e-10 3.013489e-06 4.450707e-06
6.540000e-10 2.998652e-06 4.429015e-06
6.545000e-10 2.983887e-06 4.407425e-06
6.550000e-10 2.969191e-06 4.385936e-06
6.555000e-10 2.954566e-06 4.364548e-06
6.560000e-10 2.940010e-06 4.343260e-06
6.565000e-10 2.925524e-06 4.322073e-06
6.570000e-10 2.911107e-06 4.300985e-06
6.575000e-10 2.896759e-06 4.279996e-06
6.580000e-10 2.882479e-06 4.259105e-06
6.585000e-10 2.868268e-06 4.238313e-06
6.590000e-10 2.854125e-06 4.217619e-06
6.595000e-10 2.840049e-06 4.197022e-06
6.600000e-10 2.826040e-06 4.176522e-06
6.605000e-10 2.812099e-06 4.156119e-06
6.610000e-10 2.798224e-06 4.135812e-06
6.615000e-10 2.784416e-06 4.115600e-06
6.620000e-10 2.770673e-06 4.095484e-06
6.625000e-10 2.756997e-06 4.075462e-06
6.630000e-10 2.743386e-06 4.055535e-06
6.635000e-10 2.729840e-06 4.035702e-06
6.640000e-10 2.716359e-06 4.015962e-06
6.645000e-10 2.702943e-06 3.996316e-06
6.650000e-10 2.689591e-06 3.976762e-06
6.655000e-10 2.676303e-06 3.957301e-06
6.660000e-10 2.663078e-06 3.937931e-06
6.665000e-10 2.649918e-06 3.918653e-06
6.670000e-10 2.636820e-06 3.899467e-06
6.675000e-10 2.623785e-06 3.880370e-06
6.680000e-10 2.610813e-06 3.861365e-06
6.685000e-10 2.597902e-06 3.842449e-06
6.690000e-10 2.585054e-06 3.823622e-06
6.695000e-10 2.572268e-06 3.804885e-06
6.700000e-10 2.559543e-06 3.786236e-06
6.705000e-10 2.546879e-06 3.767676e-06
6.710000e-10 2.534276e-06 3.749203e-06
6.715000e-10 2.521734e-06 3.730818e-06
6.720000e-10 2.509252e-06 3.712521e-06
6.725000e-10 2.496830e-06 3.694309e-06
6.730000e-10 2.484468e-06 3.676185e-06
6.735000e-10 2.472165e-06 3.658146e-06
6.740000e-10 2.459921e-06 3.640193e-06
6.745000e-10 2.447737e-06 3.622325e-06
6.750000e-10 2.435610e-06 3.604541e-06
6.755000e-10 2.423543e-06 3.586842e-06
6.760000e-10 2.411533e-06 3.569228e-06
6.765000e-10 2.399582e-06 3.551697e-06
6.770000e-10 2.387688e-06 3.534249e-06
6.775000e-10 2.375851e-06 3.516884e-06
6.780000e-10 2.364071e-06 3.499601e-06
6.785000e-10 2.352348e-06 3.482401e-06
6.790000e-10 2.340682e-06 3.465283e-06
6.795000e-10 2.329072e-06 3.448246e-06
6.800000e-10 2.317518e-06 3.431290e-06
6.805000e-10 2.306020e-06 3.414415e-06
6.810000e-10 2.294577e-06 3.397620e-06
6.815000e-10 2.283189e-06 3.380905e-06
6.820000e-10 2.271857e-06 3.364270e-06
6.825000e-10 2.260579e-06 3.347714e-06
6.830000e-10 2.249355e-06 3.331237e-06
6.835000e-10 2.238186e-06 3.314838e-06
6.840000e-10 2.227071e-06 3.298518e-06
6.845000e-10 2.216010e-06 3.282275e-06
6.850000e-10 2.205002e-06 3.266110e-06
6.855000e-10 2.194047e-06 3.250022e-06
6.860000e-10 2.183145e-06 3.234011e-06
6.865000e-10 2.172296e-06 3.218076e-06
6.870000e-10 2.161500e-06 3.202218e-06
6.875000e-10 2.150755e-06 3.186435e-06
6.880000e-10 2.140063e-06 3.170727e-06
6.885000e-10 2.129423e-06 3.155095e-06
6.890000e-10 2.118834e-06 3.139537e-06
6.895000e-10 2.108296e-06 3.124054e-06
6.900000e-10 2.097809e-06 3.108644e-06
6.905000e-10 2.087374e-06 3.093309e-06
6.910000e-10 2.076988e-06 3.078046e-06
6.915000e-10 2.066653e-06 3.062857e-06
6.920000e-10 2.056368e-06 3.047741e-06
6.925000e-10 2.046134e-06 3.032697e-06
6.930000e-10 2.035948e-06 3.017724e-06
6.935000e-10 2.025812e-06 3.002824e-06
6.940000e-10 2.015726e-06 2.987995e-06
6.945000e-10 2.005688e-06 2.973237e-06
6.950000e-10 1.995699e-06 2.958550e-06
6.955000e-10 1.985758e-06 2.943933e-06
6.960000e-10 1.975866e-06 2.929386e-06
6.965000e-10 1.966022e-06 2.914909e-06
6.970000e-10 1.956225e-06 2.900502e-06
6.975000e-10 1.946476e-06 2.886163e-06
6.980000e-10 1.936775e-06 2.871894e-06
6.985000e-10 1.927121e-06 2.857693e-06
6.990000e-10 1.917513e-06 2.843560e-06
6.995000e-10 1.907952e-06 2.829495e-06
7.000000e-10 1.898438e-06 2.815497e-06
7.005000e-10 1.888970e-06 2.801567e-06
7.010000e-10 1.879548e-06 2.787704e-06
7.015000e-10 1.870172e-06 2.773907e-06
7.020000e-10 1.860842e-06 2.760177e-06
7.025000e-10 1.851557e-06 2.746513e-06
7.030000e-10 1.842317e-06 2.732914e-06
7.035000e-10 1.833123e-06 2.719381e-06
7.040000e-10 1.823973e-06 2.705913e-06
7.045000e-10 1.814867e-06 2.692510e-06
7.050000e-10 1.805806e-06 2.679172e-06
7.055000e-10 1.796789e-06 2.665897e-06
7.060000e-10 1.787816e-06 2.652687e-06
7.065000e-10 1.778887e-06 2.639540e-06
7.070000e-10 1.770001e-06 2.626456e-06
7.075000e-10 1.761159e-06 2.613436e-06
7.080000e-10 1.752360e-06 2.600478e-06
7.085000e-10 1.743603e-06 2.587583e-06
7.090000e-10 1.734890e-06 2.574750e-06
7.095000e-10 1.726219e-06 2.561979e-06
7.100000e-10 1.717590e-06 2.549270e-06
7.105000e-10 1.709003e-06 2.536622e-06
7.110000e-10 1.700458e-06 2.524034e-06
7.115000e-10 1.691955e-06 2.511508e-06
7.120000e-10 1.683494e-06 2.499042e-06
7.125000e-10 1.675074e-06 2.486637e-06
7.130000e-10 1.666695e-06 2.474291e-06
7.135000e-10 1.658357e-06 2.462005e-06
7.140000e-10 1.650059e-06 2.449778e-06
7.145000e-10 1.641803e-06 2.437611e-06
7.150000e-10 1.633586e-06 2.425502e-06
7.155000e-10 1.625410e-06 2.413452e-06
7.160000e-10 1.617274e-06 2.401460e-06
7.165000e-10 1.609177e-06 2.389526e-06
7.170000e-10 1.601121e-06 2.377650e-06
7.175000e-10 1.593103e-06 2.365831e-06
7.180000e-10 1.585125e-06 2.354069e-06
7.185000e-10 1.577186e-06 2.342365e-06
7.190000e-10 1.569286e-06 2.330717e-06
7.195000e-10 1.561424e-06 2.319126e-06
7.200000e-10 1.553601e-06 2.307590e-06
7.205000e-10 1.545816e-06 2.296111e-06
7.210000e-10 1.538070e-06 2.284687e-06
7.215000e-10 1.530361e-06 2.273319e-06
7.220000e-10 1.522690e-06 2.262005e-06
7.225000e-10 1.515057e-06 2.250747e-06
7.230000e-10 1.507461e-06 2.239543e-06
7.235000e-10 1.499903e-06 2.228394e-06
7.240000e-10 1.492381e-06 2.217298e-06
7.245000e-10 1.484897e-06 2.206257e-06
7.250000e-10 1.477449e-06 2.195269e-06
7.255000e-10 1.470037e-06 2.184334e-06
7.260000e-10 1.462662e-06 2.173452e-06
7.265000e-10 1.455323e-06 2.162624e-06
7.270000e-10 1.448021e-06 2.151848e-06
7.275000e-10 1.440754e-06 2.141124e-06
7.280000e-10 1.433522e-06 2.130452e-06
7.285000e-10 1.426327e-06 2.119833e-06
7.290000e-10 1.419166e-06 2.109264e-06
7.295000e-10 1.412041e-06 2.098748e-06
7.300000e-10 1.404951e-06 2.088282e-06
7.305000e-10 1.397895e-06 2.077867e-06
7.310000e-10 1.390875e-06 2.067503e-06
7.315000e-10 1.383889e-06 2.057190e-06
7.320000e-10 1.376937e-06 2.046926e-06
7.325000e-10 1.370019e-06 2.036713e-06
7.330000e-10 1.363135e-06 2.026549e-06
7.335000e-10 1.356286e-06 2.016435e-06
7.340000e-10 1.349469e-06 2.006370e-06
7.345000e-10 1.342687e-06 1.996354e-06
7.350000e-10 1.335938e-06 1.986387e-06
7.355000e-10 1.329222e-06 1.976468e-06
7.360000e-10 1.322539e-06 1.966598e-06
7.365000e-10 1.315889e-06 1.956776e-06
7.370000e-10 1.309272e-06 1.947001e-06
7.375000e-10 1.302687e-06 1.937275e-06
7.380000e-10 1.296135e-06 1.927596e-06
7.385000e-10 1.289615e-06 1.917964e-06
7.390000e-10 1.283127e-06 1.908379e-06
7.395000e-10 1.276671e-06 1.898840e-06
7.400000e-10 1.270247e-06 1.889349e-06
7.405000e-10 1.263855e-06 1.879903e-06
7.410000e-10 1.257494e-06 1.870504e-06
7.415000e-10 1.251164e-06 1.861151e-06
7.420000e-10 1.244866e-06 1.851843e-06
7.425000e-10 1.238599e-06 1.842581e-06
7.430000e-10 1.232363e-06 1.833364e-06
7.435000e-10 1.226157e-06 1.824192e-06
7.440000e-10 1.219982e-06 1.815065e-06
7.445000e-10 1.213838e-06 1.805983e-06
7.450000e-10 1.207724e-06 1.796945e-06
7.455000e-10 1.201640e-06 1.787951e-06
7.460000e-10 1.195586e-06 1.779001e-06
7.465000e-10 1.189562e-06 1.770095e-06
7.470000e-10 1.183567e-06 1.761233e-06
7.475000e-10 1.177603e-06 1.752414e-06
7.480000e-10 1.171668e-06 1.743638e-06
7.485000e-10 1.165762e-06 1.734905e-06
7.490000e-10 1.159885e-06 1.726214e-06
7.495000e-10 1.154038e-06 1.717567e-06
7.500000e-10 1.148219e-06 1.708961e-06
7.505000e-10 1.142429e-06 1.700398e-06
7.510000e-10 1.136668e-06 1.691877e-06
7.515000e-10 1.130935e-06 1.683397e-06
7.520000e-10 1.125230e-06 1.674959e-06
7.525000e-10 1.119554e-06 1.666563e-06
7.530000e-10 1.113906e-06 1.658207e-06
7.535000e-10 1.108286e-06 1.649893e-06
7.540000e-10 1.102693e-06 1.641619e-06
7.545000e-10 1.097128e-06 1.633386e-06
7.550000e-10 1.091591e-06 1.625193e-06
7.555000e-10 1.086081e-06 1.617041e-06
7.560000e-10 1.080599e-06 1.608928e-06
7.565000e-10 1.075144e-06 1.600856e-06
7.570000e-10 1.069715e-06 1.592823e-06
7.575000e-10 1.064314e-06 1.584829e-06
7.580000e-10 1.058939e-06 1.576875e-06
7.585000e-10 1.053591e-06 1.568959e-06
7.590000e-10 1.048270e-06 1.561083e-06
7.595000e-10 1.042974e-06 1.553245e-06
7.600000e-10 1.037705e-06 1.545446e-06
7.605000e-10 1.032463e-06 1.537685e-06
7.610000e-10 1.027246e-06 1.529962e-06
7.615000e-10 1.022055e-06 1.522277e-06
7.620000e-10 1.016890e-06 1.514630e-06
7.625000e-10 1.011750e-06 1.507021e-06
7.630000e-10 1.006636e-06 1.499449e-06
7.635000e-10 1.001547e-06 1.491914e-06
7.640000e-10 9.964838e-07 1.484416e-06
7.645000e-10 9.914454e-07 1.476956e-06
7.650000e-10 9.864321e-07 1.469532e-06
7.655000e-10 9.814437e-07 1.462144e-06
7.660000e-10 9.764800e-07 1.454793e-06
7.665000e-10 9.715410e-07 1.447478e-06
7.670000e-10 9.666265e-07 1.440199e-06
7.675000e-10 9.617364e-07 1.432956e-06
7.680000e-10 9.568706e-07 1.425748e-06
7.685000e-10 9.520290e-07 1.418576e-06
7.690000e-10 9.472114e-07 1.411440e-06
7.695000e-10 9.424178e-07 1.404338e-06
7.700000e-10 9.376480e-07 1.397272e-06
7.705000e-10 9.329019e-07 1.390240e-06
7.710000e-10 9.281794e-07 1.383243e-06
7.715000e-10 9.234803e-07 1.376281e-06
7.720000e-10 9.188047e-07 1.369353e-06
7.725000e-10 9.141523e-07 1.362459e-06
7.730000e-10 9.095230e-07 1.355599e-06
7.735000e-10 9.049168e-07 1.348773e-06
7.740000e-10 9.003335e-07 1.341980e-06
7.745000e-10 8.957730e-07 1.335221e-06
7.750000e-10 8.912352e-07 1.328496e-06
7.755000e-10 8.867199e-07 1.321804e-06
7.760000e-10 8.822272e-07 1.315144e-06
7.765000e-10 8.777568e-07 1.308518e-06
7.770000e-10 8.733087e-07 1.301924e-06
7.775000e-10 8.688827e-07 1.295363e-06
7.780000e-10 8.644787e-07 1.288834e-06
7.785000e-10 8.600967e-07 1.282338e-06
7.790000e-10 8.557366e-07 1.275874e-06
7.795000e-10 8.513981e-07 1.269441e-06
7.800000e-10 8.470813e-07 1.263041e-06
7.805000e-10 8.427859e-07 1.256672e-06
7.810000e-10 8.385120e-07 1.250334e-06
7.815000e-10 8.342594e-07 1.244028e-06
7.820000e-10 8.300280e-07 1.237753e-06
7.825000e-10 8.258177e-07 1.231509e-06
7.830000e-10 8.216284e-07 1.225296e-06
7.835000e-10 8.174599e-07 1.219114e-06
7.840000e-10 8.133123e-07 1.212962e-06
7.845000e-10 8.091853e-07 1.206841e-06
7.850000e-10 8.050790e-07 1.200750e-06
7.855000e-10 8.009931e-07 1.194690e-06
7.860000e-10 7.969276e-07 1.188659e-06
7.865000e-10 7.928824e-07 1.182658e-06
7.870000e-10 7.888574e-07 1.176687e-06
7.875000e-10 7.848525e-07 1.170745e-06
7.880000e-10 7.808675e-07 1.164833e-06
7.885000e-10 7.769025e-07 1.158950e-06
7.890000e-10 7.729573e-07 1.153096e-06
7.895000e-10 7.690318e-07 1.147272e-06
7.900000e-10 7.651259e-07 1.141476e-06
7.905000e-10 7.612394e-07 1.135709e-06
7.910000e-10 7.573725e-07 1.129970e-06
7.915000e-10 7.535248e-07 1.124260e-06
7.920000e-10 7.496963e-07 1.118579e-06
7.925000e-10 7.458870e-07 1.112925e-06
7.930000e-10 7.420968e-07 1.107300e-06
7.935000e-10 7.383254e-07 1.101702e-06
7.940000e-10 7.345730e-07 1.096132e-06
7.945000e-10 7.308393e-07 1.090590e-06
7.950000e-10 7.271242e-07 1.085075e-06
7.955000e-10 7.234278e-07 1.079588e-06
7.960000e-10 7.197498e-07 1.074128e-06
7.965000e-10 7.160902e-07 1.068695e-06
7.970000e-10 7.124490e-07 1.063289e-06
7.975000e-10 7.088259e-07 1.057910e-06
7.980000e-10 7.052210e-07 1.052558e-06
7.985000e-10 7.016342e-07 1.047232e-06
7.990000e-10 6.980652e-07 1.041933e-06
7.995000e-10 6.945142e-07 1.036660e-06
8.000000e-10 6.909809e-07 1.031413e-06
8.005000e-10 6.874653e-07 1.026192e-06
8.010000e-10 6.839674e-07 1.020997e-06
8.015000e-10 6.804869e-07 1.015828e-06
8.020000e-10 6.770239e-07 1.010685e-06
8.025000e-10 6.735782e-07 1.005568e-06
8.030000e-10 6.701498e-07 1.000475e-06
8.035000e-10 6.667385e-07 9.954085e-07
8.040000e-10 6.633444e-07 9.903668e-07
8.045000e-10 6.599672e-07 9.853503e-07
8.050000e-10 6.566070e-07 9.803587e-07
8.055000e-10 6.532636e-07 9.753919e-07
8.060000e-10 6.499370e-07 9.704499e-07
8.065000e-10 6.466271e-07 9.655325e-07
8.070000e-10 6.433337e-07 9.606395e-07
8.075000e-10 6.400569e-07 9.557709e-07
8.080000e-10 6.367965e-07 9.509266e-07
8.085000e-10 6.335525e-07 9.461064e-07
8.090000e-10 6.303247e-07 9.413102e-07
8.095000e-10 6.271132e-07 9.365379e-07
8.100000e-10 6.239177e-07 9.317894e-07
8.105000e-10 6.207383e-07 9.270645e-07
8.110000e-10 6.175748e-07 9.223632e-07
8.115000e-10 6.144272e-07 9.176853e-07
8.120000e-10 6.112954e-07 9.130308e-07
8.125000e-10 6.081794e-07 9.083994e-07
8.130000e-10 6.050790e-07 9.037912e-07
8.135000e-10 6.019941e-07 8.992059e-07
8.140000e-10 5.989247e-07 8.946435e-07
8.145000e-10 5.958708e-07 8.901039e-07
8.150000e-10 5.928322e-07 8.855869e-07
8.155000e-10 5.898088e-07 8.810924e-07
8.160000e-10 5.868007e-07 8.766204e-07
8.165000e-10 5.838076e-07 8.721706e-07
8.170000e-10 5.808296e-07 8.677431e-07
8.175000e-10 5.778666e-07 8.633377e-07
8.180000e-10 5.749184e-07 8.589543e-07
8.185000e-10 5.719851e-07 8.545928e-07
8.190000e-10 5.690665e-07 8.502530e-07
8.195000e-10 5.661626e-07 8.459349e-07
8.200000e-10 5.632733e-07 8.416384e-07
8.205000e-10 5.603986e-07 8.373634e-07
8.210000e-10 5.575382e-07 8.331097e-07
8.215000e-10 5.546923e-07 8.288773e-07
8.220000e-10 5.518607e-07 8.246660e-07
8.225000e-10 5.490433e-07 8.204757e-07
8.230000e-10 5.462401e-07 8.163064e-07
8.235000e-10 5.434510e-07 8.121580e-07
8.240000e-10 5.406760e-07 8.080303e-07
8.245000e-10 5.379149e-07 8.039232e-07
8.250000e-10 5.351677e-07 7.998367e-07
8.255000e-10 5.324343e-07 7.957706e-07
8.260000e-10 5.297147e-07 7.917248e-07
8.265000e-10 5.270088e-07 7.876993e-07
8.270000e-10 5.243165e-07 7.836939e-07
8.275000e-10 5.216378e-07 7.797085e-07
8.280000e-10 5.189725e-07 7.757431e-07
8.285000e-10 5.163207e-07 7.717976e-07
8.290000e-10 5.136822e-07 7.678718e-07
8.295000e-10 5.110571e-07 7.639656e-07
8.300000e-10 5.084451e-07 7.600790e-07
8.305000e-10 5.058464e-07 7.562119e-07
8.310000e-10 5.032607e-07 7.523641e-07
8.315000e-10 5.006880e-07 7.485356e-07
8.320000e-10 4.981283e-07 7.447263e-07
8.325000e-10 4.955816e-07 7.409360e-07
8.330000e-10 4.930476e-07 7.371647e-07
8.335000e-10 4.905264e-07 7.334124e-07
8.340000e-10 4.880180e-07 7.296788e-07
8.345000e-10 4.855222e-07 7.259639e-07
8.350000e-10 4.830390e-07 7.222677e-07
8.355000e-10 4.805683e-07 7.185900e-07
8.360000e-10 4.781100e-07 7.149307e-07
8.365000e-10 4.756642e-07 7.112898e-07
8.370000e-10 4.732307e-07 7.076671e-07
8.375000e-10 4.708095e-07 7.040626e-07
8.380000e-10 4.684005e-07 7.004762e-07
8.385000e-10 4.660037e-07 6.969077e-07
8.390000e-10 4.636189e-07 6.933572e-07
8.395000e-10 4.612462e-07 6.898245e-07
8.400000e-10 4.588855e-07 6.863095e-07
8.405000e-10 4.565367e-07 6.828121e-07
8.410000e-10 4.541998e-07 6.793323e-07
8.415000e-10 4.518746e-07 6.758700e-07
8.420000e-10 4.495612e-07 6.724250e-07
8.425000e-10 4.472595e-07 6.689973e-07
8.430000e-10 4.449694e-07 6.655868e-07
8.435000e-10 4.426909e-07 6.621935e-07
8.440000e-10 4.404238e-07 6.588172e-07
8.445000e-10 4.381683e-07 6.554579e-07
8.450000e-10 4.359241e-07 6.521154e-07
8.455000e-10 4.336913e-07 6.487897e-07
8.460000e-10 4.314698e-07 6.454807e-07
8.465000e-10 4.292594e-07 6.421884e-07
8.470000e-10 4.270603e-07 6.389126e-07
8.475000e-10 4.248723e-07 6.356533e-07
8.480000e-10 4.226953e-07 6.324103e-07
8.485000e-10 4.205294e-07 6.291836e-07
8.490000e-10 4.183744e-07 6.259732e-07
8.495000e-10 4.162303e-07 6.227789e-07
8.500000e-10 4.140970e-07 6.196007e-07
8.505000e-10 4.119745e-07 6.164384e-07
8.510000e-10 4.098628e-07 6.132921e-07
8.515000e-10 4.077618e-07 6.101615e-07
8.520000e-10 4.056713e-07 6.070467e-07
8.525000e-10 4.035915e-07 6.039476e-07
8.530000e-10 4.015222e-07 6.008641e-07
8.535000e-10 3.994633e-07 5.977961e-07
8.540000e-10 3.974149e-07 5.947436e-07
8.545000e-10 3.953769e-07 5.917064e-07
8.550000e-10 3.933491e-07 5.886844e-07
8.555000e-10 3.913316e-07 5.856777e-07
8.560000e-10 3.893244e-07 5.826862e-07
8.565000e-10 3.873273e-07 5.797097e-07
8.570000e-10 3.853403e-07 5.767481e-07
8.575000e-10 3.833634e-07 5.738015e-07
8.580000e-10 3.813965e-07 5.708698e-07
8.585000e-10 3.794395e-07 5.679528e-07
8.590000e-10 3.774925e-07 5.650505e-07
8.595000e-10 3.755553e-07 5.621628e-07
8.600000e-10 3.736280e-07 5.592897e-07
8.605000e-10 3.717104e-07 5.564310e-07
8.610000e-10 3.698025e-07 5.535867e-07
8.615000e-10 3.679043e-07 5.507568e-07
8.620000e-10 3.660158e-07 5.479412e-07
8.625000e-10 3.641368e-07 5.451397e-07
8.630000e-10 3.622673e-07 5.423524e-07
8.635000e-10 3.604073e-07 5.395791e-07
8.640000e-10 3.585567e-07 5.368198e-07
8.645000e-10 3.567155e-07 5.340744e-07
8.650000e-10 3.548837e-07 5.313429e-07
8.655000e-10 3.530611e-07 5.286251e-07
8.660000e-10 3.512478e-07 5.259210e-07
8.665000e-10 3.494437e-07 5.232306e-07
8.670000e-10 3.476487e-07 5.205538e-07
8.675000e-10 3.458629e-07 5.178905e-07
8.680000e-10 3.440861e-07 5.152406e-07
8.685000e-10 3.423183e-07 5.126040e-07
8.690000e-10 3.405595e-07 5.099808e-07
8.695000e-10 3.388096e-07 5.073709e-07
8.700000e-10 3.370686e-07 5.047741e-07
8.705000e-10 3.353364e-07 5.021904e-07
8.710000e-10 3.336130e-07 4.996197e-07
8.715000e-10 3.318984e-07 4.970621e-07
8.720000e-10 3.301925e-07 4.945173e-07
8.725000e-10 3.284952e-07 4.919854e-07
8.730000e-10 3.268066e-07 4.894663e-07
8.735000e-10 3.251265e-07 4.869599e-07
8.740000e-10 3.234550e-07 4.844662e-07
8.745000e-10 3.217920e-07 4.819851e-07
8.750000e-10 3.201374e-07 4.795165e-07
8.755000e-10 3.184912e-07 4.770604e-07
8.760000e-10 3.168533e-07 4.746167e-07
8.765000e-10 3.152238e-07 4.721854e-07
8.770000e-10 3.136026e-07 4.697663e-07
8.775000e-10 3.119896e-07 4.673595e-07
8.780000e-10 3.103849e-07 4.649649e-07
8.785000e-10 3.087882e-07 4.625823e-07
8.790000e-10 3.071997e-07 4.602118e-07
8.795000e-10 3.056193e-07 4.578533e-07
8.800000e-10 3.040469e-07 4.555067e-07
8.805000e-10 3.024825e-07 4.531720e-07
8.810000e-10 3.009260e-07 4.508491e-07
8.815000e-10 2.993775e-07 4.485379e-07
8.820000e-10 2.978368e-07 4.462385e-07
8.825000e-10 2.963040e-07 4.439506e-07
8.830000e-10 2.947789e-07 4.416744e-07
8.835000e-10 2.932617e-07 4.394097e-07
8.840000e-10 2.917521e-07 4.371564e-07
8.845000e-10 2.902502e-07 4.349145e-07
8.850000e-10 2.887560e-07 4.326840e-07
8.855000e-10 2.872694e-07 4.304648e-07
8.860000e-10 2.857903e-07 4.282568e-07
8.865000e-10 2.843188e-07 4.260600e-07
8.870000e-10 2.828547e-07 4.238743e-07
8.875000e-10 2.813981e-07 4.216997e-07
8.880000e-10 2.799489e-07 4.195361e-07
8.885000e-10 2.785071e-07 4.173835e-07
8.890000e-10 2.770727e-07 4.152418e-07
8.895000e-10 2.756455e-07 4.131109e-07
8.900000e-10 2.742256e-07 4.109908e-07
8.905000e-10 2.728129e-07 4.088815e-07
8.910000e-10 2.714075e-07 4.067828e-07
8.915000e-10 2.700092e-07 4.046948e-07
8.920000e-10 2.686180e-07 4.026173e-07
8.925000e-10 2.672339e-07 4.005504e-07
8.930000e-10 2.658568e-07 3.984940e-07
8.935000e-10 2.644868e-07 3.964480e-07
8.940000e-10 2.631237e-07 3.944124e-07
8.945000e-10 2.617676e-07 3.923871e-07
8.950000e-10 2.604184e-07 3.903720e-07
8.955000e-10 2.590761e-07 3.883672e-07
8.960000e-10 2.577406e-07 3.863726e-07
8.965000e-10 2.564120e-07 3.843881e-07
8.970000e-10 2.550901e-07 3.824136e-07
8.975000e-10 2.537749e-07 3.804491e-07
8.980000e-10 2.524664e-07 3.784947e-07
8.985000e-10 2.511647e-07 3.765501e-07
8.990000e-10 2.498695e-07 3.746154e-07
8.995000e-10 2.485810e-07 3.726905e-07
9.000000e-10 2.472990e-07 3.707754e-07
9.005000e-10 2.460236e-07 3.688700e-07
9.010000e-10 2.447546e-07 3.669743e-07
9.015000e-10 2.434922e-07 3.650882e-07
9.020000e-10 2.422362e-07 3.632117e-07
9.025000e-10 2.409866e-07 3.613448e-07
9.030000e-10 2.397433e-07 3.594872e-07
9.035000e-10 2.385065e-07 3.576392e-07
9.040000e-10 2.372759e-07 3.558005e-07
9.045000e-10 2.360516e-07 3.539712e-07
9.050000e-10 2.348335e-07 3.521511e-07
9.055000e-10 2.336217e-07 3.503403e-07
9.060000e-10 2.324161e-07 3.485387e-07
9.065000e-10 2.312166e-07 3.467462e-07
9.070000e-10 2.300232e-07 3.449629e-07
9.075000e-10 2.288360e-07 3.431886e-07
9.080000e-10 2.276547e-07 3.414233e-07
9.085000e-10 2.264796e-07 3.396670e-07
9.090000e-10 2.253104e-07 3.379197e-07
9.095000e-10 2.241472e-07 3.361812e-07
9.100000e-10 2.229899e-07 3.344516e-07
9.105000e-10 2.218386e-07 3.327307e-07
9.110000e-10 2.206931e-07 3.310186e-07
9.115000e-10 2.195535e-07 3.293152e-07
9.120000e-10 2.184197e-07 3.276205e-07
9.125000e-10 2.172917e-07 3.259344e-07
9.130000e-10 2.161694e-07 3.242568e-07
9.135000e-10 2.150529e-07 3.225878e-07
9.140000e-10 2.139421e-07 3.209273e-07
9.145000e-10 2.128370e-07 3.192753e-07
9.150000e-10 2.117375e-07 3.176316e-07
9.155000e-10 2.106437e-07 3.159963e-07
9.160000e-10 2.095554e-07 3.143693e-07
9.165000e-10 2.084727e-07 3.127506e-07
9.170000e-10 2.073956e-07 3.111402e-07
9.175000e-10 2.063239e-07 3.095379e-07
9.180000e-10 2.052577e-07 3.079438e-07
9.185000e-10 2.041970e-07 3.063578e-07
9.190000e-10 2.031417e-07 3.047799e-07
9.195000e-10 2.020918e-07 3.032100e-07
9.200000e-10 2.010473e-07 3.016482e-07
9.205000e-10 2.000081e-07 3.000942e-07
9.210000e-10 1.989742e-07 2.985482e-07
9.215000e-10 1.979456e-07 2.970101e-07
9.220000e-10 1.969223e-07 2.954798e-07
9.225000e-10 1.959042e-07 2.939573e-07
9.230000e-10 1.948913e-07 2.924425e-07
9.235000e-10 1.938837e-07 2.909355e-07
9.240000e-10 1.928811e-07 2.894361e-07
9.245000e-10 1.918837e-07 2.879444e-07
9.250000e-10 1.908914e-07 2.864603e-07
9.255000e-10 1.899042e-07 2.849837e-07
9.260000e-10 1.889220e-07 2.835147e-07
9.265000e-10 1.879449e-07 2.820532e-07
9.270000e-10 1.869728e-07 2.805991e-07
9.275000e-10 1.860056e-07 2.791524e-07
9.280000e-10 1.850434e-07 2.777131e-07
9.285000e-10 1.840861e-07 2.762811e-07
9.290000e-10 1.831337e-07 2.748565e-07
9.295000e-10 1.821862e-07 2.734391e-07
9.300000e-10 1.812436e-07 2.720289e-07
9.305000e-10 1.803058e-07 2.706259e-07
9.310000e-10 1.793728e-07 2.692301e-07
9.315000e-10 1.784445e-07 2.678414e-07
9.320000e-10 1.775211e-07 2.664598e-07
9.325000e-10 1.766023e-07 2.650852e-07
9.330000e-10 1.756883e-07 2.637177e-07
9.335000e-10 1.747789e-07 2.623571e-07
9.340000e-10 1.738742e-07 2.610035e-07
9.345000e-10 1.729742e-07 2.596568e-07
9.350000e-10 1.720787e-07 2.583169e-07
9.355000e-10 1.711879e-07 2.569839e-07
9.360000e-10 1.703016e-07 2.556577e-07
9.365000e-10 1.694199e-07 2.543382e-07
9.370000e-10 1.685426e-07 2.530255e-07
9.375000e-10 1.676699e-07 2.517196e-07
9.380000e-10 1.668017e-07 2.504202e-07
9.385000e-10 1.659379e-07 2.491275e-07
9.390000e-10 1.650785e-07 2.478414e-07
9.395000e-10 1.642235e-07 2.465619e-07
9.400000e-10 1.633729e-07 2.452889e-07
9.405000e-10 1.625267e-07 2.440224e-07
9.410000e-10 1.616849e-07 2.427624e-07
9.415000e-10 1.608473e-07 2.415088e-07
9.420000e-10 1.600141e-07 2.402617e-07
9.425000e-10 1.591851e-07 2.390208e-07
9.430000e-10 1.583603e-07 2.377864e-07
9.435000e-10 1.575398e-07 2.365582e-07
9.440000e-10 1.567236e-07 2.353364e-07
9.445000e-10 1.559115e-07 2.341207e-07
9.450000e-10 1.551035e-07 2.329113e-07
9.455000e-10 1.542997e-07 2.317081e-07
9.460000e-10 1.535001e-07 2.305110e-07
9.465000e-10 1.527045e-07 2.293200e-07
9.470000e-10 1.519131e-07 2.281351e-07
9.475000e-10 1.511257e-07 2.269563e-07
9.480000e-10 1.503423e-07 2.257835e-07
9.485000e-10 1.495630e-07 2.246167e-07
9.490000e-10 1.487876e-07 2.234559e-07
9.495000e-10 1.480163e-07 2.223010e-07
9.500000e-10 1.472489e-07 2.211520e-07
9.505000e-10 1.464854e-07 2.200089e-07
9.510000e-10 1.457259e-07 2.188716e-07
9.515000e-10 1.449702e-07 2.177402e-07
9.520000e-10 1.442185e-07 2.166145e-07
9.525000e-10 1.434706e-07 2.154946e-07
9.530000e-10 1.427265e-07 2.143805e-07
9.535000e-10 1.419863e-07 2.132720e-07
9.540000e-10 1.412499e-07 2.121692e-07
9.545000e-10 1.405173e-07 2.110721e-07
9.550000e-10 1.397884e-07 2.099806e-07
9.555000e-10 1.390633e-07 2.088946e-07
9.560000e-10 1.383419e-07 2.078142e-07
9.565000e-10 1.376242e-07 2.067394e-07
9.570000e-10 1.369102e-07 2.056700e-07
9.575000e-10 1.361998e-07 2.046062e-07
9.580000e-10 1.354932e-07 2.035477e-07
9.585000e-10 1.347901e-07 2.024947e-07
9.590000e-10 1.340907e-07 2.014471e-07
9.595000e-10 1.333948e-07 2.004049e-07
9.600000e-10 1.327026e-07 1.993680e-07
9.605000e-10 1.320139e-07 1.983364e-07
9.610000e-10 1.313287e-07 1.973101e-07
9.615000e-10 1.306471e-07 1.962890e-07
9.620000e-10 1.299689e-07 1.952732e-07
9.625000e-10 1.292943e-07 1.942626e-07
9.630000e-10 1.286231e-07 1.932571e-07
9.635000e-10 1.279554e-07 1.922568e-07
9.640000e-10 1.272911e-07 1.912617e-07
9.645000e-10 1.266303e-07 1.902716e-07
9.650000e-10 1.259728e-07 1.892866e-07
9.655000e-10 1.253187e-07 1.883067e-07
9.660000e-10 1.246680e-07 1.873318e-07
9.665000e-10 1.240206e-07 1.863618e-07
9.670000e-10 1.233766e-07 1.853969e-07
9.675000e-10 1.227359e-07 1.844369e-07
9.680000e-10 1.220984e-07 1.834818e-07
9.685000e-10 1.214643e-07 1.825316e-07
9.690000e-10 1.208334e-07 1.815863e-07
9.695000e-10 1.202058e-07 1.806459e-07
9.700000e-10 1.195814e-07 1.797102e-07
9.705000e-10 1.189602e-07 1.787794e-07
9.710000e-10 1.183422e-07 1.778533e-07
9.715000e-10 1.177274e-07 1.769320e-07
9.720000e-10 1.171158e-07 1.760155e-07
9.725000e-10 1.165073e-07 1.751036e-07
9.730000e-10 1.159019e-07 1.741964e-07
9.735000e-10 1.152997e-07 1.732938e-07
9.740000e-10 1.147005e-07 1.723959e-07
9.745000e-10 1.141045e-07 1.715026e-07
9.750000e-10 1.135115e-07 1.706139e-07
9.755000e-10 1.129216e-07 1.697297e-07
9.760000e-10 1.123347e-07 1.688501e-07
9.765000e-10 1.117508e-07 1.679750e-07
9.770000e-10 1.111700e-07 1.671044e-07
9.775000e-10 1.105921e-07 1.662382e-07
9.780000e-10 1.100172e-07 1.653765e-07
9.785000e-10 1.094453e-07 1.645192e-07
9.790000e-10 1.088763e-07 1.636664e-07
9.795000e-10 1.083103e-07 1.628179e-07
9.800000e-10 1.077472e-07 1.619737e-07
9.805000e-10 1.071870e-07 1.611339e-07
9.810000e-10 1.066296e-07 1.602985e-07
9.815000e-10 1.060752e-07 1.594673e-07
9.820000e-10 1.055236e-07 1.586403e-07
9.825000e-10 1.049748e-07 1.578177e-07
9.830000e-10 1.044289e-07 1.569992e-07
9.835000e-10 1.038858e-07 1.561850e-07
9.840000e-10 1.033454e-07 1.553749e-07
9.845000e-10 1.028079e-07 1.545690e-07
9.850000e-10 1.022732e-07 1.537672e-07
9.855000e-10 1.017412e-07 1.529696e-07
9.860000e-10 1.012119e-07 1.521760e-07
9.865000e-10 1.006854e-07 1.513866e-07
9.870000e-10 1.001616e-07 1.506012e-07
9.875000e-10 9.964047e-08 1.498198e-07
9.880000e-10 9.912206e-08 1.490425e-07
9.885000e-10 9.860631e-08 1.482691e-07
9.890000e-10 9.809323e-08 1.474997e-07
9.895000e-10 9.758280e-08 1.467343e-07
9.900000e-10 9.707500e-08 1.459728e-07
9.905000e-10 9.656982e-08 1.452153e-07
9.910000e-10 9.606725e-08 1.444616e-07
9.915000e-10 9.556727e-08 1.437118e-07
9.920000e-10 9.506987e-08 1.429658e-07
9.925000e-10 9.457504e-08 1.422237e-07
9.930000e-10 9.408276e-08 1.414854e-07
9.935000e-10 9.359302e-08 1.407510e-07
9.940000e-10 9.310582e-08 1.400202e-07
9.945000e-10 9.262112e-08 1.392933e-07
9.950000e-10 9.213893e-08 1.385701e-07
9.955000e-10 9.165923e-08 1.378506e-07
9.960000e-10 9.118201e-08 1.371348e-07
9.965000e-10 9.070725e-08 1.364227e-07
9.970000e-10 9.023494e-08 1.357143e-07
9.975000e-10 8.976507e-08 1.350095e-07
9.980000e-10 8.929763e-08 1.343083e-07
9.985000e-10 8.883261e-08 1.336107e-07
9.990000e-10 8.836998e-08 1.329168e-07
9.995000e-10 8.790974e-08 1.322264e-07
1.000000e-09 8.745189e-08 1.315395e-07
1.000500e-09 8.699639e-08 1.308562e-07
1.001000e-09 8.654325e-08 1.301764e-07
1.001500e-09 8.609245e-08 1.295001e-07
1.002000e-09 8.564398e-08 1.288273e-07
1.002500e-09 8.519783e-08 1.281580e-07
1.003000e-09 8.475399e-08 1.274921e-07
1.003500e-09 8.431243e-08 1.268296e-07
1.004000e-09 8.387316e-08 1.261706e-07
1.004500e-09 8.343616e-08 1.255149e-07
1.005000e-09 8.300142e-08 1.248627e-07
1.005500e-09 8.256892e-08 1.242137e-07
1.006000e-09 8.213866e-08 1.235682e-07
1.006500e-09 8.171063e-08 1.229259e-07
1.007000e-09 8.128480e-08 1.222870e-07
1.007500e-09 8.086118e-08 1.216513e-07
1.008000e-09 8.043975e-08 1.210190e-07
1.008500e-09 8.002050e-08 1.203898e-07
1.009000e-09 7.960342e-08 1.197640e-07
1.009500e-09 7.918849e-08 1.191413e-07
1.010000e-09 7.877571e-08 1.185219e-07
1.010500e-09 7.836506e-08 1.179056e-07
1.011000e-09 7.795654e-08 1.172926e-07
1.011500e-09 7.755013e-08 1.166827e-07
1.012000e-09 7.714582e-08 1.160759e-07
1.012500e-09 7.674360e-08 1.154723e-07
1.013000e-09 7.634346e-08 1.148718e-07
1.013500e-09 7.594540e-08 1.142743e-07
1.014000e-09 7.554939e-08 1.136800e-07
1.014500e-09 7.515543e-08 1.130887e-07
1.015000e-09 7.476351e-08 1.125005e-07
1.015500e-09 7.437362e-08 1.119153e-07
1.016000e-09 7.398574e-08 1.113331e-07
1.016500e-09 7.359988e-08 1.107539e-07
1.017000e-09 7.321601e-08 1.101777e-07
1.017500e-09 7.283412e-08 1.096045e-07
1.018000e-09 7.245421e-08 1.090343e-07
1.018500e-09 7.207627e-08 1.084669e-07
1.019000e-09 7.170029e-08 1.079026e-07
1.019500e-09 7.132625e-08 1.073411e-07
1.020000e-09 7.095415e-08 1.067825e-07
1.020500e-09 7.058397e-08 1.062268e-07
1.021000e-09 7.021571e-08 1.056740e-07
1.021500e-09 6.984936e-08 1.051240e-07
1.022000e-09 6.948490e-08 1.045769e-07
1.022500e-09 6.912233e-08 1.040325e-07
1.023000e-09 6.876164e-08 1.034910e-07
1.023500e-09 6.840282e-08 1.029523e-07
1.024000e-09 6.804585e-08 1.024164e-07
1.024500e-09 6.769074e-08 1.018832e-07
1.025000e-09 6.733746e-08 1.013528e-07
1.025500e-09 6.698601e-08 1.008252e-07
1.026000e-09 6.663638e-08 1.003002e-07
1.026500e-09 6.628857e-08 9.977798e-08
1.027000e-09 6.594255e-08 9.925844e-08
1.027500e-09 6.559833e-08 9.874158e-08
1.028000e-09 6.525589e-08 9.822740e-08
1.028500e-09 6.491523e-08 9.771587e-08
1.029000e-09 6.457633e-08 9.720698e-08
1.029500e-09 6.423918e-08 9.670072e-08
1.030000e-09 6.390379e-08 9.619707e-08
1.030500e-09 6.357013e-08 9.569603e-08
1.031000e-09 6.323820e-08 9.519758e-08
1.031500e-09 6.290799e-08 9.470170e-08
1.032000e-09 6.257949e-08 9.420838e-08
1.032500e-09 6.225270e-08 9.371762e-08
1.033000e-09 6.192760e-08 9.322938e-08
1.033500e-09 6.160418e-08 9.274368e-08
1.034000e-09 6.128244e-08 9.226048e-08
1.034500e-09 6.096237e-08 9.177978e-08
1.035000e-09 6.064396e-08 9.130156e-08
1.035500e-09 6.032720e-08 9.082581e-08
1.036000e-09 6.001208e-08 9.035253e-08
1.036500e-09 5.969859e-08 8.988169e-08
1.037000e-09 5.938673e-08 8.941329e-08
1.037500e-09 5.907649e-08 8.894730e-08
1.038000e-09 5.876786e-08 8.848373e-08
1.038500e-09 5.846083e-08 8.802255e-08
1.039000e-09 5.815538e-08 8.756376e-08
1.039500e-09 5.785153e-08 8.710734e-08
1.040000e-09 5.754925e-08 8.665328e-08
1.040500e-09 5.724854e-08 8.620157e-08
1.041000e-09 5.694938e-08 8.575219e-08
1.041500e-09 5.665178e-08 8.530514e-08
1.042000e-09 5.635573e-08 8.486040e-08
1.042500e-09 5.606121e-08 8.441796e-08
1.043000e-09 5.576821e-08 8.397781e-08
1.043500e-09 5.547674e-08 8.353994e-08
1.044000e-09 5.518678e-08 8.310433e-08
1.044500e-09 5.489833e-08 8.267097e-08
1.045000e-09 5.461137e-08 8.223986e-08
1.045500e-09 5.432590e-08 8.181098e-08
1.046000e-09 5.404191e-08 8.138432e-08
1.046500e-09 5.375940e-08 8.095986e-08
1.047000e-09 5.347835e-08 8.053761e-08
1.047500e-09 5.319876e-08 8.011753e-08
1.048000e-09 5.292063e-08 7.969964e-08
1.048500e-09 5.264393e-08 7.928390e-08
1.049000e-09 5.236868e-08 7.887032e-08
1.049500e-09 5.209485e-08 7.845888e-08
1.050000e-09 5.182244e-08 7.804956e-08
1.050500e-09 5.155145e-08 7.764237e-08
1.051000e-09 5.128187e-08 7.723728e-08
1.051500e-09 5.101368e-08 7.683429e-08
1.052000e-09 5.074689e-08 7.643339e-08
1.052500e-09 5.048148e-08 7.603457e-08
1.053000e-09 5.021745e-08 7.563781e-08
1.053500e-09 4.995480e-08 7.524310e-08
1.054000e-09 4.969350e-08 7.485044e-08
1.054500e-09 4.943357e-08 7.445981e-08
1.055000e-09 4.917498e-08 7.407120e-08
1.055500e-09 4.891774e-08 7.368461e-08
1.056000e-09 4.866183e-08 7.330002e-08
1.056500e-09 4.840725e-08 7.291742e-08
1.057000e-09 4.815400e-08 7.253681e-08
1.057500e-09 4.790206e-08 7.215816e-08
1.058000e-09 4.765143e-08 7.178148e-08
1.058500e-09 4.740210e-08 7.140675e-08
1.059000e-09 4.715407e-08 7.103396e-08
1.059500e-09 4.690733e-08 7.066310e-08
1.060000e-09 4.666187e-08 7.029417e-08
1.060500e-09 4.641768e-08 6.992714e-08
1.061000e-09 4.617477e-08 6.956202e-08
1.061500e-09 4.593311e-08 6.919879e-08
1.062000e-09 4.569272e-08 6.883744e-08
1.062500e-09 4.545357e-08 6.847797e-08
1.063000e-09 4.521566e-08 6.812036e-08
1.063500e-09 4.497900e-08 6.776460e-08
1.064000e-09 4.474356e-08 6.741069e-08
1.064500e-09 4.450934e-08 6.705861e-08
1.065000e-09 4.427635e-08 6.670835e-08
1.065500e-09 4.404456e-08 6.635992e-08
1.066000e-09 4.381398e-08 6.601329e-08
1.066500e-09 4.358460e-08 6.566845e-08
1.067000e-09 4.335641e-08 6.532541e-08
1.067500e-09 4.312941e-08 6.498414e-08
1.068000e-09 4.290359e-08 6.464464e-08
1.068500e-09 4.267894e-08 6.430691e-08
1.069000e-09 4.245546e-08 6.397092e-08
1.069500e-09 4.223315e-08 6.363668e-08
1.070000e-09 4.201199e-08 6.330417e-08
1.070500e-09 4.179198e-08 6.297339e-08
1.071000e-09 4.157311e-08 6.264432e-08
1.071500e-09 4.135539e-08 6.231696e-08
1.072000e-09 4.113879e-08 6.199130e-08
1.072500e-09 4.092333e-08 6.166733e-08
1.073000e-09 4.070898e-08 6.134504e-08
1.073500e-09 4.049575e-08 6.102442e-08
1.074000e-09 4.028363e-08 6.070546e-08
1.074500e-09 4.007261e-08 6.038816e-08
1.075000e-09 3.986269e-08 6.007251e-08
1.075500e-09 3.965386e-08 5.975849e-08
1.076000e-09 3.944612e-08 5.944610e-08
1.076500e-09 3.923946e-08 5.913534e-08
1.077000e-09 3.903388e-08 5.882619e-08
1.077500e-09 3.882937e-08 5.851864e-08
1.078000e-09 3.862592e-08 5.821269e-08
1.078500e-09 3.842353e-08 5.790833e-08
1.079000e-09 3.822219e-08 5.760554e-08
1.079500e-09 3.802190e-08 5.730433e-08
1.080000e-09 3.782266e-08 5.700469e-08
1.080500e-09 3.762445e-08 5.670660e-08
1.081000e-09 3.742727e-08 5.641005e-08
1.081500e-09 3.723112e-08 5.611505e-08
1.082000e-09 3.703599e-08 5.582158e-08
1.082500e-09 3.684188e-08 5.552963e-08
1.083000e-09 3.664877e-08 5.523920e-08
1.083500e-09 3.645668e-08 5.495028e-08
1.084000e-09 3.626558e-08 5.466285e-08
1.084500e-09 3.607548e-08 5.437692e-08
1.085000e-09 3.588637e-08 5.409248e-08
1.085500e-09 3.569824e-08 5.380951e-08
1.086000e-09 3.551110e-08 5.352802e-08
1.086500e-09 3.532492e-08 5.324798e-08
1.087000e-09 3.513972e-08 5.296940e-08
1.087500e-09 3.495549e-08 5.269227e-08
1.088000e-09 3.477221e-08 5.241658e-08
1.088500e-09 3.458989e-08 5.214232e-08
1.089000e-09 3.440851e-08 5.186948e-08
1.089500e-09 3.422809e-08 5.159806e-08
1.090000e-09 3.404860e-08 5.132806e-08
1.090500e-09 3.387005e-08 5.105945e-08
1.091000e-09 3.369242e-08 5.079224e-08
1.091500e-09 3.351573e-08 5.052643e-08
1.092000e-09 3.333995e-08 5.026199e-08
1.092500e-09 3.316509e-08 4.999893e-08
1.093000e-09 3.299114e-08 4.973723e-08
1.093500e-09 3.281810e-08 4.947689e-08
1.094000e-09 3.264596e-08 4.921791e-08
1.094500e-09 3.247472e-08 4.896028e-08
1.095000e-09 3.230437e-08 4.870398e-08
1.095500e-09 3.213490e-08 4.844902e-08
1.096000e-09 3.196633e-08 4.819538e-08
1.096500e-09 3.179863e-08 4.794306e-08
1.097000e-09 3.163180e-08 4.769205e-08
1.097500e-09 3.146584e-08 4.744235e-08
1.098000e-09 3.130075e-08 4.719395e-08
1.098500e-09 3.113652e-08 4.694684e-08
1.099000e-09 3.097315e-08 4.670101e-08
1.099500e-09 3.081063e-08 4.645646e-08
1.100000e-09 3.064895e-08 4.621319e-08
1.100500e-09 3.048812e-08 4.597118e-08
1.101000e-09 3.032813e-08 4.573043e-08
1.101500e-09 3.016897e-08 4.549093e-08
1.102000e-09 3.001064e-08 4.525267e-08
1.102500e-09 2.985314e-08 4.501566e-08
1.103000e-09 2.969646e-08 4.477988e-08
1.103500e-09 2.954059e-08 4.454533e-08
1.104000e-09 2.938554e-08 4.431199e-08
1.104500e-09 2.923130e-08 4.407987e-08
1.105000e-09 2.907786e-08 4.384896e-08
1.105500e-09 2.892523e-08 4.361925e-08
1.106000e-09 2.877339e-08 4.339074e-08
1.106500e-09 2.862234e-08 4.316341e-08
1.107000e-09 2.847208e-08 4.293727e-08
1.107500e-09 2.832260e-08 4.271230e-08
1.108000e-09 2.817390e-08 4.248851e-08
1.108500e-09 2.802598e-08 4.226588e-08
1.109000e-09 2.787884e-08 4.204441e-08
1.109500e-09 2.773246e-08 4.182409e-08
1.110000e-09 2.758684e-08 4.160492e-08
1.110500e-09 2.744198e-08 4.138689e-08
1.111000e-09 2.729788e-08 4.117000e-08
1.111500e-09 2.715453e-08 4.095423e-08
1.112000e-09 2.701193e-08 4.073959e-08
1.112500e-09 2.687008e-08 4.052606e-08
1.113000e-09 2.672896e-08 4.031365e-08
1.113500e-09 2.658858e-08 4.010235e-08
1.114000e-09 2.644893e-08 3.989214e-08
1.114500e-09 2.631002e-08 3.968303e-08
1.115000e-09 2.617183e-08 3.947501e-08
1.115500e-09 2.603436e-08 3.926807e-08
1.116000e-09 2.589760e-08 3.906221e-08
1.116500e-09 2.576156e-08 3.885742e-08
1.117000e-09 2.562624e-08 3.865370e-08
1.117500e-09 2.549161e-08 3.845103e-08
1.118000e-09 2.535770e-08 3.824943e-08
1.118500e-09 2.522448e-08 3.804887e-08
1.119000e-09 2.509195e-08 3.784936e-08
1.119500e-09 2.496012e-08 3.765089e-08
1.120000e-09 2.482898e-08 3.745346e-08
1.120500e-09 2.469852e-08 3.725705e-08
1.121000e-09 2.456874e-08 3.706167e-08
1.121500e-09 2.443964e-08 3.686730e-08
1.122000e-09 2.431122e-08 3.667395e-08
1.122500e-09 2.418347e-08 3.648160e-08
1.123000e-09 2.405638e-08 3.629026e-08
1.123500e-09 2.392996e-08 3.609991e-08
1.124000e-09 2.380420e-08 3.591056e-08
1.124500e-09 2.367909e-08 3.572219e-08
1.125000e-09 2.355464e-08 3.553480e-08
1.125500e-09 2.343084e-08 3.534839e-08
1.126000e-09 2.330769e-08 3.516296e-08
1.126500e-09 2.318518e-08 3.497849e-08
1.127000e-09 2.306331e-08 3.479498e-08
1.127500e-09 2.294207e-08 3.461243e-08
1.128000e-09 2.282147e-08 3.443083e-08
1.128500e-09 2.270150e-08 3.425017e-08
1.129000e-09 2.258216e-08 3.407046e-08
1.129500e-09 2.246344e-08 3.389169e-08
1.130000e-09 2.234534e-08 3.371385e-08
1.130500e-09 2.222786e-08 3.353693e-08
1.131000e-09 2.211100e-08 3.336094e-08
1.131500e-09 2.199474e-08 3.318587e-08
1.132000e-09 2.187909e-08 3.301171e-08
1.132500e-09 2.176405e-08 3.283845e-08
1.133000e-09 2.164961e-08 3.266610e-08
1.133500e-09 2.153576e-08 3.249465e-08
1.134000e-09 2.142251e-08 3.232410e-08
1.134500e-09 2.130986e-08 3.215443e-08
1.135000e-09 2.119779e-08 3.198565e-08
1.135500e-09 2.108631e-08 3.181775e-08
1.136000e-09 2.097541e-08 3.165072e-08
1.136500e-09 2.086509e-08 3.148457e-08
1.137000e-09 2.075535e-08 3.131929e-08
1.137500e-09 2.064618e-08 3.115486e-08
1.138000e-09 2.053758e-08 3.099130e-08
1.138500e-09 2.042955e-08 3.082858e-08
1.139000e-09 2.032209e-08 3.066672e-08
1.139500e-09 2.021519e-08 3.050570e-08
1.140000e-09 2.010885e-08 3.034552e-08
1.140500e-09 2.000306e-08 3.018618e-08
1.141000e-09 1.989783e-08 3.002767e-08
1.141500e-09 1.979314e-08 2.986999e-08
1.142000e-09 1.968901e-08 2.971313e-08
1.142500e-09 1.958542e-08 2.955708e-08
1.143000e-09 1.948237e-08 2.940186e-08
1.143500e-09 1.937986e-08 2.924744e-08
1.144000e-09 1.927789e-08 2.909383e-08
1.144500e-09 1.917645e-08 2.894102e-08
1.145000e-09 1.907554e-08 2.878901e-08
1.145500e-09 1.897516e-08 2.863779e-08
1.146000e-09 1.887531e-08 2.848736e-08
1.146500e-09 1.877597e-08 2.833772e-08
1.147000e-09 1.867716e-08 2.818886e-08
1.147500e-09 1.857887e-08 2.804078e-08
1.148000e-09 1.848108e-08 2.789346e-08
1.148500e-09 1.838381e-08 2.774692e-08
1.149000e-09 1.828705e-08 2.760115e-08
1.149500e-09 1.819080e-08 2.745613e-08
1.150000e-09 1.809505e-08 2.731188e-08
1.150500e-09 1.799980e-08 2.716837e-08
1.151000e-09 1.790505e-08 2.702562e-08
1.151500e-09 1.781080e-08 2.688361e-08
1.152000e-09 1.771704e-08 2.674234e-08
1.152500e-09 1.762377e-08 2.660181e-08
1.153000e-09 1.753099e-08 2.646202e-08
1.153500e-09 1.743869e-08 2.632295e-08
1.154000e-09 1.734688e-08 2.618462e-08
1.154500e-09 1.725555e-08 2.604700e-08
1.155000e-09 1.716469e-08 2.591010e-08
1.155500e-09 1.707432e-08 2.577392e-08
1.156000e-09 1.698441e-08 2.563845e-08
1.156500e-09 1.689498e-08 2.550369e-08
1.157000e-09 1.680601e-08 2.536964e-08
1.157500e-09 1.671751e-08 2.523628e-08
1.158000e-09 1.662948e-08 2.510362e-08
1.158500e-09 1.654190e-08 2.497165e-08
1.159000e-09 1.645479e-08 2.484038e-08
1.159500e-09 1.636813e-08 2.470979e-08
1.160000e-09 1.628192e-08 2.457988e-08
1.160500e-09 1.619617e-08 2.445065e-08
1.161000e-09 1.611086e-08 2.432209e-08
1.161500e-09 1.602600e-08 2.419421e-08
1.162000e-09 1.594159e-08 2.406700e-08
1.162500e-09 1.585762e-08 2.394045e-08
1.163000e-09 1.577409e-08 2.381457e-08
1.163500e-09 1.569099e-08 2.368934e-08
1.164000e-09 1.560834e-08 2.356476e-08
1.164500e-09 1.552611e-08 2.344084e-08
1.165000e-09 1.544432e-08 2.331757e-08
1.165500e-09 1.536295e-08 2.319494e-08
1.166000e-09 1.528201e-08 2.307295e-08
1.166500e-09 1.520150e-08 2.295160e-08
1.167000e-09 1.512140e-08 2.283088e-08
1.167500e-09 1.504173e-08 2.271080e-08
1.168000e-09 1.496247e-08 2.259134e-08
1.168500e-09 1.488363e-08 2.247251e-08
1.169000e-09 1.480520e-08 2.235430e-08
1.169500e-09 1.472719e-08 2.223671e-08
1.170000e-09 1.464958e-08 2.211973e-08
1.170500e-09 1.457238e-08 2.200337e-08
1.171000e-09 1.449558e-08 2.188761e-08
1.171500e-09 1.441919e-08 2.177246e-08
1.172000e-09 1.434320e-08 2.165791e-08
1.172500e-09 1.426760e-08 2.154396e-08
1.173000e-09 1.419241e-08 2.143061e-08
1.173500e-09 1.411760e-08 2.131785e-08
1.174000e-09 1.404319e-08 2.120568e-08
1.174500e-09 1.396917e-08 2.109409e-08
1.175000e-09 1.389554e-08 2.098310e-08
1.175500e-09 1.382229e-08 2.087268e-08
1.176000e-09 1.374943e-08 2.076284e-08
1.176500e-09 1.367695e-08 2.065357e-08
1.177000e-09 1.360484e-08 2.054488e-08
1.177500e-09 1.353312e-08 2.043675e-08
1.178000e-09 1.346178e-08 2.032919e-08
1.178500e-09 1.339080e-08 2.022220e-08
1.179000e-09 1.332020e-08 2.011576e-08
1.179500e-09 1.324997e-08 2.000988e-08
1.180000e-09 1.318011e-08 1.990456e-08
1.180500e-09 1.311062e-08 1.979978e-08
1.181000e-09 1.304149e-08 1.969556e-08
1.181500e-09 1.297272e-08 1.959188e-08
1.182000e-09 1.290431e-08 1.948874e-08
1.182500e-09 1.283626e-08 1.938614e-08
1.183000e-09 1.276857e-08 1.928408e-08
1.183500e-09 1.270124e-08 1.918256e-08
1.184000e-09 1.263425e-08 1.908157e-08
1.184500e-09 1.256762e-08 1.898110e-08
1.185000e-09 1.250134e-08 1.888116e-08
1.185500e-09 1.243541e-08 1.878175e-08
1.186000e-09 1.236982e-08 1.868285e-08
1.186500e-09 1.230457e-08 1.858447e-08
1.187000e-09 1.223967e-08 1.848661e-08
1.187500e-09 1.217511e-08 1.838926e-08
1.188000e-09 1.211089e-08 1.829242e-08
1.188500e-09 1.204701e-08 1.819609e-08
1.189000e-09 1.198346e-08 1.810026e-08
1.189500e-09 1.192024e-08 1.800494e-08
1.190000e-09 1.185736e-08 1.791011e-08
1.190500e-09 1.179480e-08 1.781578e-08
1.191000e-09 1.173258e-08 1.772195e-08
1.191500e-09 1.167068e-08 1.762860e-08
1.192000e-09 1.160910e-08 1.753575e-08
1.192500e-09 1.154785e-08 1.744338e-08
1.193000e-09 1.148692e-08 1.735150e-08
1.193500e-09 1.142631e-08 1.726009e-08
1.194000e-09 1.136602e-08 1.716917e-08
1.194500e-09 1.130605e-08 1.707872e-08
1.195000e-09 1.124639e-08 1.698875e-08
1.195500e-09 1.118704e-08 1.689924e-08
1.196000e-09 1.112800e-08 1.681021e-08
1.196500e-09 1.106928e-08 1.672164e-08
1.197000e-09 1.101086e-08 1.663354e-08
1.197500e-09 1.095275e-08 1.654590e-08
1.198000e-09 1.089495e-08 1.645872e-08
1.198500e-09 1.083745e-08 1.637200e-08
1.199000e-09 1.078025e-08 1.628573e-08
1.199500e-09 1.072335e-08 1.619991e-08
1.200000e-09 1.066675e-08 1.611454e-08
