0.000000e+00 0 0
5.000000e-13 0 0
1.000000e-12 0 0
1.500000e-12 0 0
2.000000e-12 0 0
2.500000e-12 0 0
3.000000e-12 0 0
3.500000e-12 0 0
4.000000e-12 0 0
4.500000e-12 0 0
5.000000e-12 0 0
5.500000e-12 0 0
6.000000e-12 0 0
6.500000e-12 0 0
7.000000e-12 0 0
7.500000e-12 0 0
8.000000e-12 0 0
8.500000e-12 0 0
9.000000e-12 0 0
9.500000e-12 0 0
1.000000e-11 0 0
1.050000e-11 0 0
1.100000e-11 0 0
1.150000e-11 0 0
1.200000e-11 0 0
1.250000e-11 0 0
1.300000e-11 0 0
1.350000e-11 0 0
1.400000e-11 0 0
1.450000e-11 0 0
1.500000e-11 0 0
1.550000e-11 0 0
1.600000e-11 0 0
1.650000e-11 0 0
1.700000e-11 0 0
1.750000e-11 0 0
1.800000e-11 0 0
1.850000e-11 0 0
1.900000e-11 0 0
1.950000e-11 0 0
2.000000e-11 0 0
2.050000e-11 0 0
2.100000e-11 0 0
2.150000e-11 0 0
2.200000e-11 0 0
2.250000e-11 0 0
2.300000e-11 0 0
2.350000e-11 0 0
2.400000e-11 0 0
2.450000e-11 0 0
2.500000e-11 0 0
2.550000e-11 0 0
2.600000e-11 0 0
2.650000e-11 0 0
2.700000e-11 0 0
2.750000e-11 0 0
2.800000e-11 0 0
2.850000e-11 0 0
2.900000e-11 0 0
2.950000e-11 0 0
3.000000e-11 0 0
3.050000e-11 0 0
3.100000e-11 0 0
3.150000e-11 0 0
3.200000e-11 0 0
3.250000e-11 0 0
3.300000e-11 0 0
3.350000e-11 0 0
3.400000e-11 0 0
3.450000e-11 0 0
3.500000e-11 0 0
3.550000e-11 0 0
3.600000e-11 0 0
3.650000e-11 0 0
3.700000e-11 0 0
3.750000e-11 0 0
3.800000e-11 0 0
3.850000e-11 0 0
3.900000e-11 0 0
3.950000e-11 0 0
4.000000e-11 0 0
4.050000e-11 0 0
4.100000e-11 0 0
4.150000e-11 0 0
4.200000e-11 0 0
4.250000e-11 0 0
4.300000e-11 0 0
4.350000e-11 0 0
4.400000e-11 0 0
4.450000e-11 0 0
4.500000e-11 0 0
4.550000e-11 0 0
4.600000e-11 0 0
4.650000e-11 0 0
4.700000e-11 0 0
4.750000e-11 0 0
4.800000e-11 0 0
4.850000e-11 0 0
4.900000e-11 0 0
4.950000e-11 0 0
5.000000e-11 0 0
5.050000e-11 0 0
5.100000e-11 0 0
5.150000e-11 0 0
5.200000e-11 0 0
5.250000e-11 0 0
5.300000e-11 0 0
5.350000e-11 0 0
5.400000e-11 0 0
5.450000e-11 0 0
5.500000e-11 0 0
5.550000e-11 0 0
5.600000e-11 0 0
5.650000e-11 0 0
5.700000e-11 0 0
5.750000e-11 0 0
5.800000e-11 0 0
5.850000e-11 0 0
5.900000e-11 0 0
5.950000e-11 0 0
6.000000e-11 0 0
6.050000e-11 0 0
6.100000e-11 0 0
6.150000e-11 0 0
6.200000e-11 0 0
6.250000e-11 0 0
6.300000e-11 0 0
6.350000e-11 0 0
6.400000e-11 0 0
6.450000e-11 0 0
6.500000e-11 0 0
6.550000e-11 0 0
6.600000e-11 0 0
6.650000e-11 0 0
6.700000e-11 0 0
6.750000e-11 0 0
6.800000e-11 0 0
6.850000e-11 0 0
6.900000e-11 0 0
6.950000e-11 0 0
7.000000e-11 0 0
7.050000e-11 0 0
7.100000e-11 0 0
7.150000e-11 0 0
7.200000e-11 0 0
7.250000e-11 0 0
7.300000e-11 0 0
7.350000e-11 0 0
7.400000e-11 0 0
7.450000e-11 0 0
7.500000e-11 0 0
7.550000e-11 0 0
7.600000e-11 0 0
7.650000e-11 0 0
7.700000e-11 0 0
7.750000e-11 0 0
7.800000e-11 0 0
7.850000e-11 0 0
7.900000e-11 0 0
7.950000e-11 0 0
8.000000e-11 0 0
8.050000e-11 0 0
8.100000e-11 0 0
8.150000e-11 0 0
8.200000e-11 0 0
8.250000e-11 0 0
8.300000e-11 0 0
8.350000e-11 0 0
8.400000e-11 0 0
8.450000e-11 0 0
8.500000e-11 0 0
8.550000e-11 0 0
8.600000e-11 0 0
8.650000e-11 0 0
8.700000e-11 0 0
8.750000e-11 0 0
8.800000e-11 0 0
8.850000e-11 0 0
8.900000e-11 0 0
8.950000e-11 0 0
9.000000e-11 0 0
9.050000e-11 0 0
9.100000e-11 0 0
9.150000e-11 0 0
9.200000e-11 0 0
9.250000e-11 0 0
9.300000e-11 0 0
9.350000e-11 0 0
9.400000e-11 0 0
9.450000e-11 0 0
9.500000e-11 0 0
9.550000e-11 0 0
9.600000e-11 0 0
9.650000e-11 0 0
9.700000e-11 0 0
9.750000e-11 0 0
9.800000e-11 0 0
9.850000e-11 0 0
9.900000e-11 0 0
9.950000e-11 0 0
1.000000e-10 0 0
1.005000e-10 0 0
1.010000e-10 0 0
1.015000e-10 0 0
1.020000e-10 0 0
1.025000e-10 0 0
1.030000e-10 0 0
1.035000e-10 0 0
1.040000e-10 0 0
1.045000e-10 0 0
1.050000e-10 0 0
1.055000e-10 0 0
1.060000e-10 0 0
1.065000e-10 0 0
1.070000e-10 0 0
1.075000e-10 0 0
1.080000e-10 0 0
1.085000e-10 0 0
1.090000e-10 0 0
1.095000e-10 0 0
1.100000e-10 0 0
1.105000e-10 0 0
1.110000e-10 0 0
1.115000e-10 0 0
1.120000e-10 0 0
1.125000e-10 0 0
1.130000e-10 0 0
1.135000e-10 0 0
1.140000e-10 0 0
1.145000e-10 0 0
1.150000e-10 0 0
1.155000e-10 0 0
1.160000e-10 0 0
1.165000e-10 0 0
1.170000e-10 0 0
1.175000e-10 0 0
1.180000e-10 0 0
1.185000e-10 0 0
1.190000e-10 0 0
1.195000e-10 0 0
1.200000e-10 0 0
1.205000e-10 0 0
1.210000e-10 0 0
1.215000e-10 0 0
1.220000e-10 0 0
1.225000e-10 0 0
1.230000e-10 0 0
1.235000e-10 0 0
1.240000e-10 0 0
1.245000e-10 0 0
1.250000e-10 0 0
1.255000e-10 0 0
1.260000e-10 0 0
1.265000e-10 0 0
1.270000e-10 0 0
1.275000e-10 0 0
1.280000e-10 0 0
1.285000e-10 0 0
1.290000e-10 0 0
1.295000e-10 0 0
1.300000e-10 0 0
1.305000e-10 0 0
1.310000e-10 0 0
1.315000e-10 0 0
1.320000e-10 0 0
1.325000e-10 0 0
1.330000e-10 0 0
1.335000e-10 0 0
1.340000e-10 0 0
1.345000e-10 0 0
1.350000e-10 0 0
1.355000e-10 0 0
1.360000e-10 0 0
1.365000e-10 0 0
1.370000e-10 0 0
1.375000e-10 0 0
1.380000e-10 0 0
1.385000e-10 0 0
1.390000e-10 0 0
1.395000e-10 0 0
1.400000e-10 0 0
1.405000e-10 0 0
1.410000e-10 0 0
1.415000e-10 0 0
1.420000e-10 0 0
1.425000e-10 0 0
1.430000e-10 0 0
1.435000e-10 0 0
1.440000e-10 0 0
1.445000e-10 0 0
1.450000e-10 0 0
1.455000e-10 0 0
1.460000e-10 0 0
1.465000e-10 0 0
1.470000e-10 0 0
1.475000e-10 0 0
1.480000e-10 0 0
1.485000e-10 0 0
1.490000e-10 0 0
1.495000e-10 0 0
1.500000e-10 0 0
1.505000e-10 0 0
1.510000e-10 0 0
1.515000e-10 0 0
1.520000e-10 0 0
1.525000e-10 0 0
1.530000e-10 0 0
1.535000e-10 0 0
1.540000e-10 0 0
1.545000e-10 0 0
1.550000e-10 0 0
1.555000e-10 0 0
1.560000e-10 0 0
1.565000e-10 0 0
1.570000e-10 0 0
1.575000e-10 0 0
1.580000e-10 0 0
1.585000e-10 0 0
1.590000e-10 0 0
1.595000e-10 0 0
1.600000e-10 0 0
1.605000e-10 0 0
1.610000e-10 0 0
1.615000e-10 0 0
1.620000e-10 0 0
1.625000e-10 0 0
1.630000e-10 0 0
1.635000e-10 0 0
1.640000e-10 0 0
1.645000e-10 0 0
1.650000e-10 0 0
1.655000e-10 0 0
1.660000e-10 0 0
1.665000e-10 0 0
1.670000e-10 0 0
1.675000e-10 0 0
1.680000e-10 0 0
1.685000e-10 0 0
1.690000e-10 0 0
1.695000e-10 0 0
1.700000e-10 0 0
1.705000e-10 0 0
1.710000e-10 0 0
1.715000e-10 0 0
1.720000e-10 0 0
1.725000e-10 0 0
1.730000e-10 0 0
1.735000e-10 0 0
1.740000e-10 0 0
1.745000e-10 0 0
1.750000e-10 0 0
1.755000e-10 0 0
1.760000e-10 0 0
1.765000e-10 0 0
1.770000e-10 0 0
1.775000e-10 0 0
1.780000e-10 0 0
1.785000e-10 0 0
1.790000e-10 0 0
1.795000e-10 0 0
1.800000e-10 0 0
1.805000e-10 0 0
1.810000e-10 0 0
1.815000e-10 0 0
1.820000e-10 0 0
1.825000e-10 0 0
1.830000e-10 0 0
1.835000e-10 0 0
1.840000e-10 0 0
1.845000e-10 0 0
1.850000e-10 0 0
1.855000e-10 0 0
1.860000e-10 0 0
1.865000e-10 0 0
1.870000e-10 0 0
1.875000e-10 0 0
1.880000e-10 0 0
1.885000e-10 0 0
1.890000e-10 0 0
1.895000e-10 0 0
1.900000e-10 0 0
1.905000e-10 0 0
1.910000e-10 0 0
1.915000e-10 0 0
1.920000e-10 0 0
1.925000e-10 0 0
1.930000e-10 0 0
1.935000e-10 0 0
1.940000e-10 0 0
1.945000e-10 0 0
1.950000e-10 0 0
1.955000e-10 0 0
1.960000e-10 0 0
1.965000e-10 0 0
1.970000e-10 0 0
1.975000e-10 0 0
1.980000e-10 0 0
1.985000e-10 0 0
1.990000e-10 0 0
1.995000e-10 0 0
2.000000e-10 0 0
2.005000e-10 0 0
2.010000e-10 0 0
2.015000e-10 0 0
2.020000e-10 0 0
2.025000e-10 0 0
2.030000e-10 0 0
2.035000e-10 0 0
2.040000e-10 0 0
2.045000e-10 0 0
2.050000e-10 0 0
2.055000e-10 0 0
2.060000e-10 0 0
2.065000e-10 0 0
2.070000e-10 0 0
2.075000e-10 0 0
2.080000e-10 0 0
2.085000e-10 0 0
2.090000e-10 0 0
2.095000e-10 0 0
2.100000e-10 0 0
2.105000e-10 0 0
2.110000e-10 0 0
2.115000e-10 0 0
2.120000e-10 0 0
2.125000e-10 0 0
2.130000e-10 0 0
2.135000e-10 0 0
2.140000e-10 0 0
2.145000e-10 0 0
2.150000e-10 0 0
2.155000e-10 0 0
2.160000e-10 0 0
2.165000e-10 0 0
2.170000e-10 0 0
2.175000e-10 0 0
2.180000e-10 0 0
2.185000e-10 0 0
2.190000e-10 0 0
2.195000e-10 0 0
2.200000e-10 0 0
2.205000e-10 0 0
2.210000e-10 0 0
2.215000e-10 0 0
2.220000e-10 0 0
2.225000e-10 0 0
2.230000e-10 0 0
2.235000e-10 0 0
2.240000e-10 0 0
2.245000e-10 0 0
2.250000e-10 0 0
2.255000e-10 0 0
2.260000e-10 0 0
2.265000e-10 0 0
2.270000e-10 0 0
2.275000e-10 0 0
2.280000e-10 0 0
2.285000e-10 0 0
2.290000e-10 0 0
2.295000e-10 0 0
2.300000e-10 0 0
2.305000e-10 0 0
2.310000e-10 0 0
2.315000e-10 0 0
2.320000e-10 0 0
2.325000e-10 0 0
2.330000e-10 0 0
2.335000e-10 0 0
2.340000e-10 0 0
2.345000e-10 0 0
2.350000e-10 0 0
2.355000e-10 0 0
2.360000e-10 0 0
2.365000e-10 0 0
2.370000e-10 0 0
2.375000e-10 0 0
2.380000e-10 0 0
2.385000e-10 0 0
2.390000e-10 0 0
2.395000e-10 0 0
2.400000e-10 0 0
2.405000e-10 0 0
2.410000e-10 0 0
2.415000e-10 0 0
2.420000e-10 0 0
2.425000e-10 0 0
2.430000e-10 0 0
2.435000e-10 0 0
2.440000e-10 0 0
2.445000e-10 0 0
2.450000e-10 0 0
2.455000e-10 0 0
2.460000e-10 0 0
2.465000e-10 0 0
2.470000e-10 0 0
2.475000e-10 0 0
2.480000e-10 0 0
2.485000e-10 0 0
2.490000e-10 0 0
2.495000e-10 0 0
2.505000e-10 0.000000e+00 0
2.510000e-10 5.575898e-06 0
2.515000e-10 7.841823e-06 0
2.520000e-10 9.551024e-06 0
2.525000e-10 1.096747e-05 0
2.530000e-10 1.219407e-05 0
2.535000e-10 1.328393e-05 0
2.540000e-10 1.426880e-05 0
2.545000e-10 1.516948e-05 0
2.550000e-10 1.600052e-05 0
2.555000e-10 1.677259e-05 0
2.560000e-10 1.749378e-05 0
2.565000e-10 1.817043e-05 0
2.570000e-10 1.880761e-05 0
2.575000e-10 1.940944e-05 0
2.580000e-10 1.997938e-05 0
2.585000e-10 2.052029e-05 0
2.590000e-10 2.103465e-05 0
2.595000e-10 2.152456e-05 0
2.600000e-10 2.199187e-05 0
2.605000e-10 2.243818e-05 0
2.610000e-10 2.286491e-05 0
2.615000e-10 2.327333e-05 0
2.620000e-10 2.366455e-05 0
2.625000e-10 2.403960e-05 0
2.630000e-10 2.439938e-05 0
2.635000e-10 2.474473e-05 0
2.640000e-10 2.507640e-05 0
2.645000e-10 2.539508e-05 0
2.650000e-10 2.570141e-05 0
2.655000e-10 2.599595e-05 0
2.660000e-10 2.627927e-05 0
2.665000e-10 2.655184e-05 0
2.670000e-10 2.681414e-05 0
2.675000e-10 2.706659e-05 0
2.680000e-10 2.730961e-05 0
2.685000e-10 2.754355e-05 0
2.690000e-10 2.776878e-05 0
2.695000e-10 2.798562e-05 0
2.700000e-10 2.819439e-05 0
2.705000e-10 2.839538e-05 0
2.710000e-10 2.858886e-05 0
2.715000e-10 2.877510e-05 0
2.720000e-10 2.895434e-05 0
2.725000e-10 2.912682e-05 0
2.730000e-10 2.929275e-05 0
2.735000e-10 2.945236e-05 0
2.740000e-10 2.960584e-05 0
2.745000e-10 2.975338e-05 0
2.750000e-10 2.989517e-05 0
2.755000e-10 3.003137e-05 0
2.760000e-10 3.016217e-05 0
2.765000e-10 3.028771e-05 0
2.770000e-10 3.040814e-05 0
2.775000e-10 3.052362e-05 0
2.780000e-10 3.063429e-05 0
2.785000e-10 3.074027e-05 0
2.790000e-10 3.084171e-05 0
2.795000e-10 3.093871e-05 0
2.800000e-10 3.103141e-05 0
2.805000e-10 3.111991e-05 0.000000e+00
2.810000e-10 3.120433e-05 5.111240e-06
2.815000e-10 3.128478e-05 7.188338e-06
2.820000e-10 3.136135e-05 8.755105e-06
2.825000e-10 3.143415e-05 1.005352e-05
2.830000e-10 3.150327e-05 1.117790e-05
2.835000e-10 3.156881e-05 1.217694e-05
2.840000e-10 3.163085e-05 1.307973e-05
2.845000e-10 3.168949e-05 1.390535e-05
2.850000e-10 3.174480e-05 1.466714e-05
2.855000e-10 3.179686e-05 1.537487e-05
2.860000e-10 3.184576e-05 1.603597e-05
2.865000e-10 3.189158e-05 1.665623e-05
2.870000e-10 3.193438e-05 1.724031e-05
2.875000e-10 3.197423e-05 1.779199e-05
2.880000e-10 3.201121e-05 1.831443e-05
2.885000e-10 3.204539e-05 1.881027e-05
2.890000e-10 3.207683e-05 1.928176e-05
2.895000e-10 3.210558e-05 1.973085e-05
2.900000e-10 3.213173e-05 2.015921e-05
2.905000e-10 3.215532e-05 2.056833e-05
2.910000e-10 3.217641e-05 2.095950e-05
2.915000e-10 3.219506e-05 2.133388e-05
2.920000e-10 3.221132e-05 2.169251e-05
2.925000e-10 3.222526e-05 2.203630e-05
2.930000e-10 3.223692e-05 2.236610e-05
2.935000e-10 3.224635e-05 2.268267e-05
2.940000e-10 3.225360e-05 2.298670e-05
2.945000e-10 3.225872e-05 2.327883e-05
2.950000e-10 3.226176e-05 2.355962e-05
2.955000e-10 3.226276e-05 2.382962e-05
2.960000e-10 3.226177e-05 2.408933e-05
2.965000e-10 3.225884e-05 2.433919e-05
2.970000e-10 3.225400e-05 2.457963e-05
2.975000e-10 3.224729e-05 2.481104e-05
2.980000e-10 3.223876e-05 2.503380e-05
2.985000e-10 3.222845e-05 2.524825e-05
2.990000e-10 3.221640e-05 2.545471e-05
2.995000e-10 3.220263e-05 2.565349e-05
3.000000e-10 3.218720e-05 2.584486e-05
3.005000e-10 3.217013e-05 2.602910e-05
3.010000e-10 3.215147e-05 2.620646e-05
3.015000e-10 3.213124e-05 2.637717e-05
3.020000e-10 3.210948e-05 2.654148e-05
3.025000e-10 3.208622e-05 2.669958e-05
3.030000e-10 3.206149e-05 2.685169e-05
3.035000e-10 3.203534e-05 2.699800e-05
3.040000e-10 3.200778e-05 2.713869e-05
3.045000e-10 3.197884e-05 2.727393e-05
3.050000e-10 3.194857e-05 2.740390e-05
3.055000e-10 3.191697e-05 2.752876e-05
3.060000e-10 3.188410e-05 2.764865e-05
3.065000e-10 3.184996e-05 2.776373e-05
3.070000e-10 3.181459e-05 2.787413e-05
3.075000e-10 3.177802e-05 2.797999e-05
3.080000e-10 3.174027e-05 2.808143e-05
3.085000e-10 3.170136e-05 2.817858e-05
3.090000e-10 3.166132e-05 2.827156e-05
3.095000e-10 3.162018e-05 2.836048e-05
3.100000e-10 3.157796e-05 2.844546e-05
3.105000e-10 3.153469e-05 2.852659e-05
3.110000e-10 3.149037e-05 2.860397e-05
3.115000e-10 3.144505e-05 2.867771e-05
3.120000e-10 3.139874e-05 2.874790e-05
3.125000e-10 3.135146e-05 2.881464e-05
3.130000e-10 3.130323e-05 2.887800e-05
3.135000e-10 3.125408e-05 2.893808e-05
3.140000e-10 3.120402e-05 2.899495e-05
3.145000e-10 3.115307e-05 2.904870e-05
3.150000e-10 3.110126e-05 2.909940e-05
3.155000e-10 3.104861e-05 2.914712e-05
3.160000e-10 3.099512e-05 2.919195e-05
3.165000e-10 3.094083e-05 2.923395e-05
3.170000e-10 3.088574e-05 2.927318e-05
3.175000e-10 3.082988e-05 2.930971e-05
3.180000e-10 3.077326e-05 2.934361e-05
3.185000e-10 3.071591e-05 2.937494e-05
3.190000e-10 3.065783e-05 2.940376e-05
3.195000e-10 3.059905e-05 2.943012e-05
3.200000e-10 3.053958e-05 2.945408e-05
3.205000e-10 3.047944e-05 2.947571e-05
3.210000e-10 3.041864e-05 2.949504e-05
3.215000e-10 3.035719e-05 2.951214e-05
3.220000e-10 3.029512e-05 2.952705e-05
3.225000e-10 3.023244e-05 2.953982e-05
3.230000e-10 3.016916e-05 2.955051e-05
3.235000e-10 3.010530e-05 2.955915e-05
3.240000e-10 3.004086e-05 2.956580e-05
3.245000e-10 2.997587e-05 2.957049e-05
3.250000e-10 2.991034e-05 2.957328e-05
3.255000e-10 2.984428e-05 2.957420e-05
3.260000e-10 2.977770e-05 2.957329e-05
3.265000e-10 2.971062e-05 2.957060e-05
3.270000e-10 2.964305e-05 2.956616e-05
3.275000e-10 2.957501e-05 2.956002e-05
3.280000e-10 2.950649e-05 2.955220e-05
3.285000e-10 2.943753e-05 2.954275e-05
3.290000e-10 2.936812e-05 2.953170e-05
3.295000e-10 2.929827e-05 2.951908e-05
3.300000e-10 2.922801e-05 2.950493e-05
3.305000e-10 2.915735e-05 2.948929e-05
3.310000e-10 2.908628e-05 2.947218e-05
3.315000e-10 2.901483e-05 2.945363e-05
3.320000e-10 2.894300e-05 2.943369e-05
3.325000e-10 2.887081e-05 2.941237e-05
3.330000e-10 2.879826e-05 2.938970e-05
3.335000e-10 2.872537e-05 2.936572e-05
3.340000e-10 2.865214e-05 2.934046e-05
3.345000e-10 2.857858e-05 2.931394e-05
3.350000e-10 2.850471e-05 2.928618e-05
3.355000e-10 2.843053e-05 2.925723e-05
3.360000e-10 2.835606e-05 2.922709e-05
3.365000e-10 2.828129e-05 2.919580e-05
3.370000e-10 2.820625e-05 2.916338e-05
3.375000e-10 2.813094e-05 2.912985e-05
3.380000e-10 2.805536e-05 2.909524e-05
3.385000e-10 2.797953e-05 2.905958e-05
3.390000e-10 2.790345e-05 2.902288e-05
3.395000e-10 2.782714e-05 2.898517e-05
3.400000e-10 2.775060e-05 2.894647e-05
3.405000e-10 2.767383e-05 2.890680e-05
3.410000e-10 2.759686e-05 2.886618e-05
3.415000e-10 2.751967e-05 2.882463e-05
3.420000e-10 2.744229e-05 2.878218e-05
3.425000e-10 2.736472e-05 2.873884e-05
3.430000e-10 2.728696e-05 2.869463e-05
3.435000e-10 2.720903e-05 2.864957e-05
3.440000e-10 2.713093e-05 2.860368e-05
3.445000e-10 2.705266e-05 2.855698e-05
3.450000e-10 2.697424e-05 2.850949e-05
3.455000e-10 2.689567e-05 2.846122e-05
3.460000e-10 2.681696e-05 2.841219e-05
3.465000e-10 2.673811e-05 2.836242e-05
3.470000e-10 2.665913e-05 2.831193e-05
3.475000e-10 2.658003e-05 2.826072e-05
3.480000e-10 2.650081e-05 2.820883e-05
3.485000e-10 2.642148e-05 2.815625e-05
3.490000e-10 2.634204e-05 2.810301e-05
3.495000e-10 2.626251e-05 2.804913e-05
3.500000e-10 2.618288e-05 2.799462e-05
3.505000e-10 2.610316e-05 2.793949e-05
3.510000e-10 2.602336e-05 2.788375e-05
3.515000e-10 2.594348e-05 2.782743e-05
3.520000e-10 2.586354e-05 2.777053e-05
3.525000e-10 2.578352e-05 2.771307e-05
3.530000e-10 2.570344e-05 2.765506e-05
3.535000e-10 2.562331e-05 2.759652e-05
3.540000e-10 2.554313e-05 2.753746e-05
3.545000e-10 2.546290e-05 2.747788e-05
3.550000e-10 2.538263e-05 2.741781e-05
3.555000e-10 2.530232e-05 2.735726e-05
3.560000e-10 2.522198e-05 2.729623e-05
3.565000e-10 2.514161e-05 2.723474e-05
3.570000e-10 2.506122e-05 2.717280e-05
3.575000e-10 2.498081e-05 2.711042e-05
3.580000e-10 2.490039e-05 2.704762e-05
3.585000e-10 2.481996e-05 2.698440e-05
3.590000e-10 2.473952e-05 2.692077e-05
3.595000e-10 2.465908e-05 2.685675e-05
3.600000e-10 2.457865e-05 2.679235e-05
3.605000e-10 2.449822e-05 2.672757e-05
3.610000e-10 2.441780e-05 2.666242e-05
3.615000e-10 2.433740e-05 2.659693e-05
3.620000e-10 2.425702e-05 2.653108e-05
3.625000e-10 2.417665e-05 2.646491e-05
3.630000e-10 2.409632e-05 2.639840e-05
3.635000e-10 2.401601e-05 2.633159e-05
3.640000e-10 2.393574e-05 2.626446e-05
3.645000e-10 2.385551e-05 2.619703e-05
3.650000e-10 2.377531e-05 2.612932e-05
3.655000e-10 2.369516e-05 2.606132e-05
3.660000e-10 2.361505e-05 2.599305e-05
3.665000e-10 2.353500e-05 2.592452e-05
3.670000e-10 2.345500e-05 2.585573e-05
3.675000e-10 2.337506e-05 2.578669e-05
3.680000e-10 2.329517e-05 2.571741e-05
3.685000e-10 2.321535e-05 2.564790e-05
3.690000e-10 2.313559e-05 2.557816e-05
3.695000e-10 2.305591e-05 2.550821e-05
3.700000e-10 2.297629e-05 2.543805e-05
3.705000e-10 2.289675e-05 2.536768e-05
3.710000e-10 2.281729e-05 2.529712e-05
3.715000e-10 2.273790e-05 2.522637e-05
3.720000e-10 2.265860e-05 2.515543e-05
3.725000e-10 2.257939e-05 2.508433e-05
3.730000e-10 2.250026e-05 2.501305e-05
3.735000e-10 2.242122e-05 2.494161e-05
3.740000e-10 2.234228e-05 2.487002e-05
3.745000e-10 2.226343e-05 2.479827e-05
3.750000e-10 2.218468e-05 2.472639e-05
3.755000e-10 2.210603e-05 2.465437e-05
3.760000e-10 2.202748e-05 2.458221e-05
3.765000e-10 2.194904e-05 2.450993e-05
3.770000e-10 2.187071e-05 2.443754e-05
3.775000e-10 2.179248e-05 2.436503e-05
3.780000e-10 2.171436e-05 2.429241e-05
3.785000e-10 2.163636e-05 2.421969e-05
3.790000e-10 2.155848e-05 2.414687e-05
3.795000e-10 2.148071e-05 2.407397e-05
3.800000e-10 2.140306e-05 2.400097e-05
3.805000e-10 2.132554e-05 2.392790e-05
3.810000e-10 2.124813e-05 2.385475e-05
3.815000e-10 2.117086e-05 2.378153e-05
3.820000e-10 2.109371e-05 2.370824e-05
3.825000e-10 2.101669e-05 2.363489e-05
3.830000e-10 2.093980e-05 2.356149e-05
3.835000e-10 2.086304e-05 2.348804e-05
3.840000e-10 2.078642e-05 2.341453e-05
3.845000e-10 2.070993e-05 2.334099e-05
3.850000e-10 2.063359e-05 2.326741e-05
3.855000e-10 2.055738e-05 2.319379e-05
3.860000e-10 2.048131e-05 2.312015e-05
3.865000e-10 2.040538e-05 2.304648e-05
3.870000e-10 2.032960e-05 2.297279e-05
3.875000e-10 2.025397e-05 2.289908e-05
3.880000e-10 2.017848e-05 2.282536e-05
3.885000e-10 2.010314e-05 2.275163e-05
3.890000e-10 2.002795e-05 2.267789e-05
3.895000e-10 1.995291e-05 2.260416e-05
3.900000e-10 1.987802e-05 2.253043e-05
3.905000e-10 1.980329e-05 2.245670e-05
3.910000e-10 1.972871e-05 2.238299e-05
3.915000e-10 1.965429e-05 2.230928e-05
3.920000e-10 1.958003e-05 2.223560e-05
3.925000e-10 1.950592e-05 2.216193e-05
3.930000e-10 1.943198e-05 2.208829e-05
3.935000e-10 1.935820e-05 2.201468e-05
3.940000e-10 1.928457e-05 2.194110e-05
3.945000e-10 1.921112e-05 2.186755e-05
3.950000e-10 1.913782e-05 2.179403e-05
3.955000e-10 1.906470e-05 2.172056e-05
3.960000e-10 1.899173e-05 2.164713e-05
3.965000e-10 1.891894e-05 2.157375e-05
3.970000e-10 1.884632e-05 2.150042e-05
3.975000e-10 1.877386e-05 2.142713e-05
3.980000e-10 1.870157e-05 2.135391e-05
3.985000e-10 1.862946e-05 2.128074e-05
3.990000e-10 1.855752e-05 2.120763e-05
3.995000e-10 1.848575e-05 2.113458e-05
4.000000e-10 1.841415e-05 2.106160e-05
4.005000e-10 1.834273e-05 2.098869e-05
4.010000e-10 1.827149e-05 2.091585e-05
4.015000e-10 1.820042e-05 2.084308e-05
4.020000e-10 1.812953e-05 2.077039e-05
4.025000e-10 1.805881e-05 2.069777e-05
4.030000e-10 1.798828e-05 2.062524e-05
4.035000e-10 1.791792e-05 2.055279e-05
4.040000e-10 1.784775e-05 2.048042e-05
4.045000e-10 1.777775e-05 2.040815e-05
4.050000e-10 1.770794e-05 2.033596e-05
4.055000e-10 1.763830e-05 2.026386e-05
4.060000e-10 1.756885e-05 2.019186e-05
4.065000e-10 1.749958e-05 2.011995e-05
4.070000e-10 1.743050e-05 2.004815e-05
4.075000e-10 1.736160e-05 1.997644e-05
4.080000e-10 1.729289e-05 1.990483e-05
4.085000e-10 1.722436e-05 1.983333e-05
4.090000e-10 1.715601e-05 1.976194e-05
4.095000e-10 1.708785e-05 1.969065e-05
4.100000e-10 1.701988e-05 1.961947e-05
4.105000e-10 1.695210e-05 1.954841e-05
4.110000e-10 1.688450e-05 1.947746e-05
4.115000e-10 1.681709e-05 1.940662e-05
4.120000e-10 1.674987e-05 1.933590e-05
4.125000e-10 1.668284e-05 1.926530e-05
4.130000e-10 1.661600e-05 1.919482e-05
4.135000e-10 1.654934e-05 1.912446e-05
4.140000e-10 1.648288e-05 1.905422e-05
4.145000e-10 1.641661e-05 1.898411e-05
4.150000e-10 1.635052e-05 1.891412e-05
4.155000e-10 1.628463e-05 1.884426e-05
4.160000e-10 1.621893e-05 1.877453e-05
4.165000e-10 1.615342e-05 1.870494e-05
4.170000e-10 1.608810e-05 1.863547e-05
4.175000e-10 1.602298e-05 1.856614e-05
4.180000e-10 1.595804e-05 1.849694e-05
4.185000e-10 1.589330e-05 1.842788e-05
4.190000e-10 1.582875e-05 1.835895e-05
4.195000e-10 1.576440e-05 1.829017e-05
4.200000e-10 1.570023e-05 1.822152e-05
4.205000e-10 1.563626e-05 1.815302e-05
4.210000e-10 1.557249e-05 1.808465e-05
4.215000e-10 1.550890e-05 1.801643e-05
4.220000e-10 1.544551e-05 1.794836e-05
4.225000e-10 1.538232e-05 1.788043e-05
4.230000e-10 1.531931e-05 1.781265e-05
4.235000e-10 1.525651e-05 1.774501e-05
4.240000e-10 1.519389e-05 1.767753e-05
4.245000e-10 1.513147e-05 1.761019e-05
4.250000e-10 1.506925e-05 1.754301e-05
4.255000e-10 1.500721e-05 1.747597e-05
4.260000e-10 1.494538e-05 1.740909e-05
4.265000e-10 1.488373e-05 1.734236e-05
4.270000e-10 1.482229e-05 1.727579e-05
4.275000e-10 1.476103e-05 1.720937e-05
4.280000e-10 1.469997e-05 1.714311e-05
4.285000e-10 1.463911e-05 1.707700e-05
4.290000e-10 1.457844e-05 1.701106e-05
4.295000e-10 1.451796e-05 1.694527e-05
4.300000e-10 1.445768e-05 1.687964e-05
4.305000e-10 1.439759e-05 1.681417e-05
4.310000e-10 1.433770e-05 1.674886e-05
4.315000e-10 1.427800e-05 1.668372e-05
4.320000e-10 1.421850e-05 1.661873e-05
4.325000e-10 1.415919e-05 1.655391e-05
4.330000e-10 1.410007e-05 1.648926e-05
4.335000e-10 1.404115e-05 1.642476e-05
4.340000e-10 1.398242e-05 1.636043e-05
4.345000e-10 1.392389e-05 1.629627e-05
4.350000e-10 1.386555e-05 1.623227e-05
4.355000e-10 1.380740e-05 1.616844e-05
4.360000e-10 1.374945e-05 1.610478e-05
4.365000e-10 1.369169e-05 1.604129e-05
4.370000e-10 1.363413e-05 1.597796e-05
4.375000e-10 1.357675e-05 1.591480e-05
4.380000e-10 1.351957e-05 1.585181e-05
4.385000e-10 1.346259e-05 1.578899e-05
4.390000e-10 1.340579e-05 1.572634e-05
4.395000e-10 1.334919e-05 1.566387e-05
4.400000e-10 1.329279e-05 1.560156e-05
4.405000e-10 1.323657e-05 1.553942e-05
4.410000e-10 1.318055e-05 1.547746e-05
4.415000e-10 1.312471e-05 1.541567e-05
4.420000e-10 1.306907e-05 1.535405e-05
4.425000e-10 1.301362e-05 1.529260e-05
4.430000e-10 1.295837e-05 1.523133e-05
4.435000e-10 1.290330e-05 1.517023e-05
4.440000e-10 1.284843e-05 1.510931e-05
4.445000e-10 1.279374e-05 1.504856e-05
4.450000e-10 1.273925e-05 1.498798e-05
4.455000e-10 1.268494e-05 1.492758e-05
4.460000e-10 1.263083e-05 1.486735e-05
4.465000e-10 1.257690e-05 1.480730e-05
4.470000e-10 1.252317e-05 1.474743e-05
4.475000e-10 1.246962e-05 1.468773e-05
4.480000e-10 1.241627e-05 1.462821e-05
4.485000e-10 1.236310e-05 1.456886e-05
4.490000e-10 1.231012e-05 1.450969e-05
4.495000e-10 1.225733e-05 1.445070e-05
4.500000e-10 1.220472e-05 1.439188e-05
4.505000e-10 1.215231e-05 1.433324e-05
4.510000e-10 1.210008e-05 1.427478e-05
4.515000e-10 1.204804e-05 1.421649e-05
4.520000e-10 1.199618e-05 1.415839e-05
4.525000e-10 1.194451e-05 1.410046e-05
4.530000e-10 1.189303e-05 1.404271e-05
4.535000e-10 1.184173e-05 1.398513e-05
4.540000e-10 1.179062e-05 1.392773e-05
4.545000e-10 1.173969e-05 1.387052e-05
4.550000e-10 1.168895e-05 1.381348e-05
4.555000e-10 1.163840e-05 1.375661e-05
4.560000e-10 1.158802e-05 1.369993e-05
4.565000e-10 1.153784e-05 1.364342e-05
4.570000e-10 1.148783e-05 1.358709e-05
4.575000e-10 1.143801e-05 1.353095e-05
4.580000e-10 1.138837e-05 1.347497e-05
4.585000e-10 1.133891e-05 1.341918e-05
4.590000e-10 1.128964e-05 1.336357e-05
4.595000e-10 1.124055e-05 1.330813e-05
4.600000e-10 1.119163e-05 1.325287e-05
4.605000e-10 1.114290e-05 1.319779e-05
4.610000e-10 1.109435e-05 1.314289e-05
4.615000e-10 1.104599e-05 1.308817e-05
4.620000e-10 1.099780e-05 1.303362e-05
4.625000e-10 1.094979e-05 1.297925e-05
4.630000e-10 1.090196e-05 1.292506e-05
4.635000e-10 1.085431e-05 1.287105e-05
4.640000e-10 1.080683e-05 1.281722e-05
4.645000e-10 1.075954e-05 1.276356e-05
4.650000e-10 1.071242e-05 1.271009e-05
4.655000e-10 1.066548e-05 1.265679e-05
4.660000e-10 1.061872e-05 1.260366e-05
4.665000e-10 1.057213e-05 1.255072e-05
4.670000e-10 1.052572e-05 1.249795e-05
4.675000e-10 1.047949e-05 1.244536e-05
4.680000e-10 1.043343e-05 1.239294e-05
4.685000e-10 1.038755e-05 1.234071e-05
4.690000e-10 1.034184e-05 1.228864e-05
4.695000e-10 1.029630e-05 1.223676e-05
4.700000e-10 1.025094e-05 1.218505e-05
4.705000e-10 1.020576e-05 1.213352e-05
4.710000e-10 1.016074e-05 1.208217e-05
4.715000e-10 1.011590e-05 1.203099e-05
4.720000e-10 1.007123e-05 1.197998e-05
4.725000e-10 1.002673e-05 1.192916e-05
4.730000e-10 9.982403e-06 1.187850e-05
4.735000e-10 9.938246e-06 1.182803e-05
4.740000e-10 9.894261e-06 1.177772e-05
4.745000e-10 9.850445e-06 1.172760e-05
4.750000e-10 9.806799e-06 1.167764e-05
4.755000e-10 9.763322e-06 1.162786e-05
4.760000e-10 9.720013e-06 1.157826e-05
4.765000e-10 9.676874e-06 1.152883e-05
4.770000e-10 9.633902e-06 1.147957e-05
4.775000e-10 9.591097e-06 1.143049e-05
4.780000e-10 9.548459e-06 1.138158e-05
4.785000e-10 9.505988e-06 1.133284e-05
4.790000e-10 9.463684e-06 1.128427e-05
4.795000e-10 9.421545e-06 1.123588e-05
4.800000e-10 9.379571e-06 1.118766e-05
4.805000e-10 9.337762e-06 1.113961e-05
4.810000e-10 9.296117e-06 1.109174e-05
4.815000e-10 9.254636e-06 1.104403e-05
4.820000e-10 9.213319e-06 1.099650e-05
4.825000e-10 9.172165e-06 1.094914e-05
4.830000e-10 9.131174e-06 1.090194e-05
4.835000e-10 9.090345e-06 1.085492e-05
4.840000e-10 9.049677e-06 1.080807e-05
4.845000e-10 9.009171e-06 1.076139e-05
4.850000e-10 8.968825e-06 1.071487e-05
4.855000e-10 8.928640e-06 1.066853e-05
4.860000e-10 8.888615e-06 1.062236e-05
4.865000e-10 8.848750e-06 1.057635e-05
4.870000e-10 8.809043e-06 1.053051e-05
4.875000e-10 8.769495e-06 1.048484e-05
4.880000e-10 8.730105e-06 1.043934e-05
4.885000e-10 8.690873e-06 1.039400e-05
4.890000e-10 8.651798e-06 1.034884e-05
4.895000e-10 8.612880e-06 1.030383e-05
4.900000e-10 8.574118e-06 1.025900e-05
4.905000e-10 8.535511e-06 1.021433e-05
4.910000e-10 8.497061e-06 1.016983e-05
4.915000e-10 8.458765e-06 1.012549e-05
4.920000e-10 8.420624e-06 1.008131e-05
4.925000e-10 8.382636e-06 1.003731e-05
4.930000e-10 8.344803e-06 9.993461e-06
4.935000e-10 8.307122e-06 9.949781e-06
4.940000e-10 8.269594e-06 9.906264e-06
4.945000e-10 8.232218e-06 9.862911e-06
4.950000e-10 8.194994e-06 9.819720e-06
4.955000e-10 8.157921e-06 9.776692e-06
4.960000e-10 8.120999e-06 9.733827e-06
4.965000e-10 8.084227e-06 9.691123e-06
4.970000e-10 8.047605e-06 9.648581e-06
4.975000e-10 8.011133e-06 9.606199e-06
4.980000e-10 7.974810e-06 9.563979e-06
4.985000e-10 7.938635e-06 9.521919e-06
4.990000e-10 7.902608e-06 9.480019e-06
4.995000e-10 7.866728e-06 9.438279e-06
5.000000e-10 7.830996e-06 9.396698e-06
5.005000e-10 7.795410e-06 9.355276e-06
5.010000e-10 7.759971e-06 9.314012e-06
5.015000e-10 7.724677e-06 9.272907e-06
5.020000e-10 7.689529e-06 9.231959e-06
5.025000e-10 7.654525e-06 9.191169e-06
5.030000e-10 7.619666e-06 9.150536e-06
5.035000e-10 7.584951e-06 9.110059e-06
5.040000e-10 7.550379e-06 9.069739e-06
5.045000e-10 7.515950e-06 9.029574e-06
5.050000e-10 7.481663e-06 8.989565e-06
5.055000e-10 7.447519e-06 8.949712e-06
5.060000e-10 7.413516e-06 8.910012e-06
5.065000e-10 7.379654e-06 8.870467e-06
5.070000e-10 7.345933e-06 8.831076e-06
5.075000e-10 7.312352e-06 8.791839e-06
5.080000e-10 7.278911e-06 8.752754e-06
5.085000e-10 7.245609e-06 8.713823e-06
5.090000e-10 7.212446e-06 8.675043e-06
5.095000e-10 7.179421e-06 8.636416e-06
5.100000e-10 7.146534e-06 8.597940e-06
5.105000e-10 7.113785e-06 8.559615e-06
5.110000e-10 7.081172e-06 8.521441e-06
5.115000e-10 7.048696e-06 8.483417e-06
5.120000e-10 7.016357e-06 8.445543e-06
5.125000e-10 6.984152e-06 8.407818e-06
5.130000e-10 6.952083e-06 8.370243e-06
5.135000e-10 6.920149e-06 8.332816e-06
5.140000e-10 6.888349e-06 8.295537e-06
5.145000e-10 6.856682e-06 8.258407e-06
5.150000e-10 6.825149e-06 8.221423e-06
5.155000e-10 6.793749e-06 8.184587e-06
5.160000e-10 6.762481e-06 8.147897e-06
5.165000e-10 6.731346e-06 8.111354e-06
5.170000e-10 6.700341e-06 8.074956e-06
5.175000e-10 6.669468e-06 8.038704e-06
5.180000e-10 6.638726e-06 8.002596e-06
5.185000e-10 6.608113e-06 7.966633e-06
5.190000e-10 6.577631e-06 7.930815e-06
5.195000e-10 6.547277e-06 7.895140e-06
5.200000e-10 6.517053e-06 7.859608e-06
5.205000e-10 6.486956e-06 7.824219e-06
5.210000e-10 6.456988e-06 7.788972e-06
5.215000e-10 6.427147e-06 7.753868e-06
5.220000e-10 6.397433e-06 7.718905e-06
5.225000e-10 6.367846e-06 7.684083e-06
5.230000e-10 6.338385e-06 7.649402e-06
5.235000e-10 6.309050e-06 7.614862e-06
5.240000e-10 6.279839e-06 7.580461e-06
5.245000e-10 6.250754e-06 7.546200e-06
5.250000e-10 6.221793e-06 7.512078e-06
5.255000e-10 6.192956e-06 7.478094e-06
5.260000e-10 6.164242e-06 7.444249e-06
5.265000e-10 6.135651e-06 7.410542e-06
5.270000e-10 6.107183e-06 7.376972e-06
5.275000e-10 6.078837e-06 7.343539e-06
5.280000e-10 6.050613e-06 7.310242e-06
5.285000e-10 6.022510e-06 7.277082e-06
5.290000e-10 5.994528e-06 7.244057e-06
5.295000e-10 5.966666e-06 7.211168e-06
5.300000e-10 5.938925e-06 7.178413e-06
5.305000e-10 5.911302e-06 7.145793e-06
5.310000e-10 5.883799e-06 7.113307e-06
5.315000e-10 5.856415e-06 7.080954e-06
5.320000e-10 5.829148e-06 7.048735e-06
5.325000e-10 5.802000e-06 7.016648e-06
5.330000e-10 5.774969e-06 6.984694e-06
5.335000e-10 5.748055e-06 6.952871e-06
5.340000e-10 5.721257e-06 6.921181e-06
5.345000e-10 5.694575e-06 6.889621e-06
5.350000e-10 5.668009e-06 6.858191e-06
5.355000e-10 5.641559e-06 6.826892e-06
5.360000e-10 5.615223e-06 6.795723e-06
5.365000e-10 5.589001e-06 6.764683e-06
5.370000e-10 5.562894e-06 6.733772e-06
5.375000e-10 5.536900e-06 6.702989e-06
5.380000e-10 5.511019e-06 6.672335e-06
5.385000e-10 5.485250e-06 6.641808e-06
5.390000e-10 5.459594e-06 6.611409e-06
5.395000e-10 5.434050e-06 6.581136e-06
5.400000e-10 5.408617e-06 6.550990e-06
5.405000e-10 5.383295e-06 6.520969e-06
5.410000e-10 5.358084e-06 6.491075e-06
5.415000e-10 5.332983e-06 6.461305e-06
5.420000e-10 5.307992e-06 6.431660e-06
5.425000e-10 5.283110e-06 6.402140e-06
5.430000e-10 5.258337e-06 6.372743e-06
5.435000e-10 5.233672e-06 6.343470e-06
5.440000e-10 5.209116e-06 6.314320e-06
5.445000e-10 5.184667e-06 6.285292e-06
5.450000e-10 5.160326e-06 6.256387e-06
5.455000e-10 5.136091e-06 6.227603e-06
5.460000e-10 5.111963e-06 6.198941e-06
5.465000e-10 5.087941e-06 6.170400e-06
5.470000e-10 5.064025e-06 6.141980e-06
5.475000e-10 5.040214e-06 6.113679e-06
5.480000e-10 5.016508e-06 6.085499e-06
5.485000e-10 4.992906e-06 6.057437e-06
5.490000e-10 4.969408e-06 6.029495e-06
5.495000e-10 4.946014e-06 6.001671e-06
5.500000e-10 4.922723e-06 5.973965e-06
5.505000e-10 4.899535e-06 5.946377e-06
5.510000e-10 4.876450e-06 5.918906e-06
5.515000e-10 4.853466e-06 5.891552e-06
5.520000e-10 4.830585e-06 5.864314e-06
5.525000e-10 4.807804e-06 5.837192e-06
5.530000e-10 4.785124e-06 5.810186e-06
5.535000e-10 4.762545e-06 5.783295e-06
5.540000e-10 4.740066e-06 5.756519e-06
5.545000e-10 4.717687e-06 5.729858e-06
5.550000e-10 4.695407e-06 5.703310e-06
5.555000e-10 4.673225e-06 5.676876e-06
5.560000e-10 4.651143e-06 5.650555e-06
5.565000e-10 4.629158e-06 5.624347e-06
5.570000e-10 4.607271e-06 5.598251e-06
5.575000e-10 4.585482e-06 5.572268e-06
5.580000e-10 4.563790e-06 5.546395e-06
5.585000e-10 4.542194e-06 5.520634e-06
5.590000e-10 4.520694e-06 5.494984e-06
5.595000e-10 4.499291e-06 5.469444e-06
5.600000e-10 4.477983e-06 5.444014e-06
5.605000e-10 4.456770e-06 5.418694e-06
5.610000e-10 4.435651e-06 5.393483e-06
5.615000e-10 4.414627e-06 5.368380e-06
5.620000e-10 4.393697e-06 5.343386e-06
5.625000e-10 4.372861e-06 5.318500e-06
5.630000e-10 4.352117e-06 5.293721e-06
5.635000e-10 4.331467e-06 5.269050e-06
5.640000e-10 4.310909e-06 5.244486e-06
5.645000e-10 4.290443e-06 5.220027e-06
5.650000e-10 4.270069e-06 5.195675e-06
5.655000e-10 4.249787e-06 5.171429e-06
5.660000e-10 4.229595e-06 5.147288e-06
5.665000e-10 4.209494e-06 5.123251e-06
5.670000e-10 4.189483e-06 5.099319e-06
5.675000e-10 4.169563e-06 5.075491e-06
5.680000e-10 4.149731e-06 5.051767e-06
5.685000e-10 4.129989e-06 5.028146e-06
5.690000e-10 4.110336e-06 5.004628e-06
5.695000e-10 4.090772e-06 4.981213e-06
5.700000e-10 4.071295e-06 4.957899e-06
5.705000e-10 4.051906e-06 4.934687e-06
5.710000e-10 4.032605e-06 4.911577e-06
5.715000e-10 4.013390e-06 4.888568e-06
5.720000e-10 3.994263e-06 4.865659e-06
5.725000e-10 3.975222e-06 4.842851e-06
5.730000e-10 3.956266e-06 4.820142e-06
5.735000e-10 3.937397e-06 4.797533e-06
5.740000e-10 3.918612e-06 4.775023e-06
5.745000e-10 3.899913e-06 4.752612e-06
5.750000e-10 3.881298e-06 4.730299e-06
5.755000e-10 3.862768e-06 4.708084e-06
5.760000e-10 3.844321e-06 4.685966e-06
5.765000e-10 3.825958e-06 4.663946e-06
5.770000e-10 3.807678e-06 4.642023e-06
5.775000e-10 3.789482e-06 4.620196e-06
5.780000e-10 3.771367e-06 4.598465e-06
5.785000e-10 3.753335e-06 4.576831e-06
5.790000e-10 3.735385e-06 4.555291e-06
5.795000e-10 3.717516e-06 4.533846e-06
5.800000e-10 3.699729e-06 4.512496e-06
5.805000e-10 3.682022e-06 4.491241e-06
5.810000e-10 3.664396e-06 4.470079e-06
5.815000e-10 3.646850e-06 4.449011e-06
5.820000e-10 3.629384e-06 4.428036e-06
5.825000e-10 3.611998e-06 4.407154e-06
5.830000e-10 3.594691e-06 4.386364e-06
5.835000e-10 3.577462e-06 4.365666e-06
5.840000e-10 3.560313e-06 4.345061e-06
5.845000e-10 3.543241e-06 4.324546e-06
5.850000e-10 3.526247e-06 4.304123e-06
5.855000e-10 3.509331e-06 4.283790e-06
5.860000e-10 3.492493e-06 4.263547e-06
5.865000e-10 3.475731e-06 4.243395e-06
5.870000e-10 3.459045e-06 4.223332e-06
5.875000e-10 3.442436e-06 4.203359e-06
5.880000e-10 3.425904e-06 4.183474e-06
5.885000e-10 3.409446e-06 4.163678e-06
5.890000e-10 3.393064e-06 4.143970e-06
5.895000e-10 3.376757e-06 4.124350e-06
5.900000e-10 3.360525e-06 4.104817e-06
5.905000e-10 3.344367e-06 4.085372e-06
5.910000e-10 3.328284e-06 4.066014e-06
5.915000e-10 3.312274e-06 4.046742e-06
5.920000e-10 3.296337e-06 4.027556e-06
5.925000e-10 3.280474e-06 4.008456e-06
5.930000e-10 3.264683e-06 3.989441e-06
5.935000e-10 3.248965e-06 3.970511e-06
5.940000e-10 3.233320e-06 3.951667e-06
5.945000e-10 3.217746e-06 3.932906e-06
5.950000e-10 3.202244e-06 3.914230e-06
5.955000e-10 3.186813e-06 3.895638e-06
5.960000e-10 3.171453e-06 3.877129e-06
5.965000e-10 3.156164e-06 3.858703e-06
5.970000e-10 3.140946e-06 3.840360e-06
5.975000e-10 3.125797e-06 3.822099e-06
5.980000e-10 3.110718e-06 3.803920e-06
5.985000e-10 3.095709e-06 3.785824e-06
5.990000e-10 3.080769e-06 3.767808e-06
5.995000e-10 3.065898e-06 3.749874e-06
6.000000e-10 3.051096e-06 3.732020e-06
6.005000e-10 3.036362e-06 3.714247e-06
6.010000e-10 3.021696e-06 3.696554e-06
6.015000e-10 3.007098e-06 3.678941e-06
6.020000e-10 2.992568e-06 3.661408e-06
6.025000e-10 2.978104e-06 3.643953e-06
6.030000e-10 2.963708e-06 3.626577e-06
6.035000e-10 2.949378e-06 3.609280e-06
6.040000e-10 2.935114e-06 3.592061e-06
6.045000e-10 2.920917e-06 3.574920e-06
6.050000e-10 2.906785e-06 3.557857e-06
6.055000e-10 2.892719e-06 3.540870e-06
6.060000e-10 2.878718e-06 3.523961e-06
6.065000e-10 2.864782e-06 3.507128e-06
6.070000e-10 2.850911e-06 3.490372e-06
6.075000e-10 2.837104e-06 3.473691e-06
6.080000e-10 2.823361e-06 3.457087e-06
6.085000e-10 2.809682e-06 3.440557e-06
6.090000e-10 2.796066e-06 3.424103e-06
6.095000e-10 2.782514e-06 3.407723e-06
6.100000e-10 2.769025e-06 3.391418e-06
6.105000e-10 2.755598e-06 3.375187e-06
6.110000e-10 2.742234e-06 3.359030e-06
6.115000e-10 2.728932e-06 3.342946e-06
6.120000e-10 2.715692e-06 3.326936e-06
6.125000e-10 2.702514e-06 3.310998e-06
6.130000e-10 2.689397e-06 3.295133e-06
6.135000e-10 2.676341e-06 3.279341e-06
6.140000e-10 2.663346e-06 3.263620e-06
6.145000e-10 2.650412e-06 3.247971e-06
6.150000e-10 2.637538e-06 3.232393e-06
6.155000e-10 2.624724e-06 3.216887e-06
6.160000e-10 2.611969e-06 3.201452e-06
6.165000e-10 2.599275e-06 3.186086e-06
6.170000e-10 2.586639e-06 3.170792e-06
6.175000e-10 2.574063e-06 3.155567e-06
6.180000e-10 2.561546e-06 3.140412e-06
6.185000e-10 2.549087e-06 3.125326e-06
6.190000e-10 2.536686e-06 3.110309e-06
6.195000e-10 2.524343e-06 3.095361e-06
6.200000e-10 2.512058e-06 3.080481e-06
6.205000e-10 2.499830e-06 3.065670e-06
6.210000e-10 2.487660e-06 3.050927e-06
6.215000e-10 2.475547e-06 3.036251e-06
6.220000e-10 2.463490e-06 3.021642e-06
6.225000e-10 2.451490e-06 3.007101e-06
6.230000e-10 2.439546e-06 2.992626e-06
6.235000e-10 2.427659e-06 2.978218e-06
6.240000e-10 2.415827e-06 2.963876e-06
6.245000e-10 2.404050e-06 2.949600e-06
6.250000e-10 2.392329e-06 2.935390e-06
6.255000e-10 2.380663e-06 2.921245e-06
6.260000e-10 2.369051e-06 2.907165e-06
6.265000e-10 2.357494e-06 2.893150e-06
6.270000e-10 2.345992e-06 2.879200e-06
6.275000e-10 2.334543e-06 2.865314e-06
6.280000e-10 2.323148e-06 2.851492e-06
6.285000e-10 2.311807e-06 2.837734e-06
6.290000e-10 2.300519e-06 2.824039e-06
6.295000e-10 2.289285e-06 2.810407e-06
6.300000e-10 2.278103e-06 2.796838e-06
6.305000e-10 2.266974e-06 2.783332e-06
6.310000e-10 2.255897e-06 2.769888e-06
6.315000e-10 2.244873e-06 2.756507e-06
6.320000e-10 2.233900e-06 2.743187e-06
6.325000e-10 2.222979e-06 2.729929e-06
6.330000e-10 2.212110e-06 2.716732e-06
6.335000e-10 2.201292e-06 2.703596e-06
6.340000e-10 2.190525e-06 2.690522e-06
6.345000e-10 2.179809e-06 2.677507e-06
6.350000e-10 2.169143e-06 2.664553e-06
6.355000e-10 2.158528e-06 2.651659e-06
6.360000e-10 2.147963e-06 2.638825e-06
6.365000e-10 2.137447e-06 2.626050e-06
6.370000e-10 2.126982e-06 2.613335e-06
6.375000e-10 2.116566e-06 2.600678e-06
6.380000e-10 2.106199e-06 2.588081e-06
6.385000e-10 2.095881e-06 2.575542e-06
6.390000e-10 2.085612e-06 2.563061e-06
6.395000e-10 2.075392e-06 2.550638e-06
6.400000e-10 2.065220e-06 2.538273e-06
6.405000e-10 2.055096e-06 2.525965e-06
6.410000e-10 2.045020e-06 2.513714e-06
6.415000e-10 2.034992e-06 2.501521e-06
6.420000e-10 2.025011e-06 2.489384e-06
6.425000e-10 2.015078e-06 2.477304e-06
6.430000e-10 2.005192e-06 2.465280e-06
6.435000e-10 1.995352e-06 2.453313e-06
6.440000e-10 1.985560e-06 2.441401e-06
6.445000e-10 1.975813e-06 2.429544e-06
6.450000e-10 1.966113e-06 2.417743e-06
6.455000e-10 1.956460e-06 2.405997e-06
6.460000e-10 1.946851e-06 2.394305e-06
6.465000e-10 1.937289e-06 2.382669e-06
6.470000e-10 1.927772e-06 2.371086e-06
6.475000e-10 1.918300e-06 2.359558e-06
6.480000e-10 1.908874e-06 2.348083e-06
6.485000e-10 1.899492e-06 2.336663e-06
6.490000e-10 1.890154e-06 2.325295e-06
6.495000e-10 1.880861e-06 2.313981e-06
6.500000e-10 1.871613e-06 2.302720e-06
6.505000e-10 1.862408e-06 2.291511e-06
6.510000e-10 1.853247e-06 2.280355e-06
6.515000e-10 1.844130e-06 2.269251e-06
6.520000e-10 1.835056e-06 2.258199e-06
6.525000e-10 1.826026e-06 2.247199e-06
6.530000e-10 1.817038e-06 2.236251e-06
6.535000e-10 1.808094e-06 2.225354e-06
6.540000e-10 1.799191e-06 2.214508e-06
6.545000e-10 1.790332e-06 2.203713e-06
6.550000e-10 1.781515e-06 2.192968e-06
6.555000e-10 1.772739e-06 2.182274e-06
6.560000e-10 1.764006e-06 2.171630e-06
6.565000e-10 1.755314e-06 2.161036e-06
6.570000e-10 1.746664e-06 2.150492e-06
6.575000e-10 1.738055e-06 2.139998e-06
6.580000e-10 1.729488e-06 2.129553e-06
6.585000e-10 1.720961e-06 2.119157e-06
6.590000e-10 1.712475e-06 2.108810e-06
6.595000e-10 1.704029e-06 2.098511e-06
6.600000e-10 1.695624e-06 2.088261e-06
6.605000e-10 1.687259e-06 2.078059e-06
6.610000e-10 1.678934e-06 2.067906e-06
6.615000e-10 1.670649e-06 2.057800e-06
6.620000e-10 1.662404e-06 2.047742e-06
6.625000e-10 1.654198e-06 2.037731e-06
6.630000e-10 1.646032e-06 2.027767e-06
6.635000e-10 1.637904e-06 2.017851e-06
6.640000e-10 1.629815e-06 2.007981e-06
6.645000e-10 1.621766e-06 1.998158e-06
6.650000e-10 1.613754e-06 1.988381e-06
6.655000e-10 1.605782e-06 1.978650e-06
6.660000e-10 1.597847e-06 1.968966e-06
6.665000e-10 1.589951e-06 1.959327e-06
6.670000e-10 1.582092e-06 1.949733e-06
6.675000e-10 1.574271e-06 1.940185e-06
6.680000e-10 1.566488e-06 1.930682e-06
6.685000e-10 1.558741e-06 1.921224e-06
6.690000e-10 1.551033e-06 1.911811e-06
6.695000e-10 1.543361e-06 1.902442e-06
6.700000e-10 1.535726e-06 1.893118e-06
6.705000e-10 1.528128e-06 1.883838e-06
6.710000e-10 1.520566e-06 1.874602e-06
6.715000e-10 1.513040e-06 1.865409e-06
6.720000e-10 1.505551e-06 1.856260e-06
6.725000e-10 1.498098e-06 1.847155e-06
6.730000e-10 1.490681e-06 1.838092e-06
6.735000e-10 1.483299e-06 1.829073e-06
6.740000e-10 1.475953e-06 1.820096e-06
6.745000e-10 1.468642e-06 1.811162e-06
6.750000e-10 1.461366e-06 1.802271e-06
6.755000e-10 1.454126e-06 1.793421e-06
6.760000e-10 1.446920e-06 1.784614e-06
6.765000e-10 1.439749e-06 1.775848e-06
6.770000e-10 1.432613e-06 1.767124e-06
6.775000e-10 1.425511e-06 1.758442e-06
6.780000e-10 1.418443e-06 1.749801e-06
6.785000e-10 1.411409e-06 1.741201e-06
6.790000e-10 1.404409e-06 1.732641e-06
6.795000e-10 1.397443e-06 1.724123e-06
6.800000e-10 1.390511e-06 1.715645e-06
6.805000e-10 1.383612e-06 1.707207e-06
6.810000e-10 1.376746e-06 1.698810e-06
6.815000e-10 1.369914e-06 1.690453e-06
6.820000e-10 1.363114e-06 1.682135e-06
6.825000e-10 1.356347e-06 1.673857e-06
6.830000e-10 1.349613e-06 1.665618e-06
6.835000e-10 1.342912e-06 1.657419e-06
6.840000e-10 1.336243e-06 1.649259e-06
6.845000e-10 1.329606e-06 1.641138e-06
6.850000e-10 1.323001e-06 1.633055e-06
6.855000e-10 1.316428e-06 1.625011e-06
6.860000e-10 1.309887e-06 1.617006e-06
6.865000e-10 1.303378e-06 1.609038e-06
6.870000e-10 1.296900e-06 1.601109e-06
6.875000e-10 1.290453e-06 1.593217e-06
6.880000e-10 1.284038e-06 1.585364e-06
6.885000e-10 1.277654e-06 1.577547e-06
6.890000e-10 1.271300e-06 1.569769e-06
6.895000e-10 1.264978e-06 1.562027e-06
6.900000e-10 1.258686e-06 1.554322e-06
6.905000e-10 1.252424e-06 1.546654e-06
6.910000e-10 1.246193e-06 1.539023e-06
6.915000e-10 1.239992e-06 1.531429e-06
6.920000e-10 1.233821e-06 1.523870e-06
6.925000e-10 1.227680e-06 1.516348e-06
6.930000e-10 1.221569e-06 1.508862e-06
6.935000e-10 1.215487e-06 1.501412e-06
6.940000e-10 1.209435e-06 1.493998e-06
6.945000e-10 1.203413e-06 1.486619e-06
6.950000e-10 1.197419e-06 1.479275e-06
6.955000e-10 1.191455e-06 1.471966e-06
6.960000e-10 1.185520e-06 1.464693e-06
6.965000e-10 1.179613e-06 1.457455e-06
6.970000e-10 1.173735e-06 1.450251e-06
6.975000e-10 1.167886e-06 1.443082e-06
6.980000e-10 1.162065e-06 1.435947e-06
6.985000e-10 1.156272e-06 1.428846e-06
6.990000e-10 1.150508e-06 1.421780e-06
6.995000e-10 1.144771e-06 1.414747e-06
7.000000e-10 1.139063e-06 1.407749e-06
7.005000e-10 1.133382e-06 1.400784e-06
7.010000e-10 1.127729e-06 1.393852e-06
7.015000e-10 1.122103e-06 1.386954e-06
7.020000e-10 1.116505e-06 1.380089e-06
7.025000e-10 1.110934e-06 1.373256e-06
7.030000e-10 1.105390e-06 1.366457e-06
7.035000e-10 1.099874e-06 1.359691e-06
7.040000e-10 1.094384e-06 1.352957e-06
7.045000e-10 1.088920e-06 1.346255e-06
7.050000e-10 1.083484e-06 1.339586e-06
7.055000e-10 1.078073e-06 1.332949e-06
7.060000e-10 1.072690e-06 1.326343e-06
7.065000e-10 1.067332e-06 1.319770e-06
7.070000e-10 1.062001e-06 1.313228e-06
7.075000e-10 1.056695e-06 1.306718e-06
7.080000e-10 1.051416e-06 1.300239e-06
7.085000e-10 1.046162e-06 1.293792e-06
7.090000e-10 1.040934e-06 1.287375e-06
7.095000e-10 1.035731e-06 1.280990e-06
7.100000e-10 1.030554e-06 1.274635e-06
7.105000e-10 1.025402e-06 1.268311e-06
7.110000e-10 1.020275e-06 1.262017e-06
7.115000e-10 1.015173e-06 1.255754e-06
7.120000e-10 1.010096e-06 1.249521e-06
7.125000e-10 1.005044e-06 1.243318e-06
7.130000e-10 1.000017e-06 1.237146e-06
7.135000e-10 9.950140e-07 1.231002e-06
7.140000e-10 9.900356e-07 1.224889e-06
7.145000e-10 9.850816e-07 1.218805e-06
7.150000e-10 9.801518e-07 1.212751e-06
7.155000e-10 9.752460e-07 1.206726e-06
7.160000e-10 9.703643e-07 1.200730e-06
7.165000e-10 9.655065e-07 1.194763e-06
7.170000e-10 9.606724e-07 1.188825e-06
7.175000e-10 9.558620e-07 1.182915e-06
7.180000e-10 9.510751e-07 1.177035e-06
7.185000e-10 9.463116e-07 1.171182e-06
7.190000e-10 9.415715e-07 1.165359e-06
7.195000e-10 9.368545e-07 1.159563e-06
7.200000e-10 9.321607e-07 1.153795e-06
7.205000e-10 9.274899e-07 1.148055e-06
7.210000e-10 9.228419e-07 1.142344e-06
7.215000e-10 9.182167e-07 1.136659e-06
7.220000e-10 9.136142e-07 1.131003e-06
7.225000e-10 9.090343e-07 1.125373e-06
7.230000e-10 9.044768e-07 1.119772e-06
7.235000e-10 8.999416e-07 1.114197e-06
7.240000e-10 8.954287e-07 1.108649e-06
7.245000e-10 8.909379e-07 1.103128e-06
7.250000e-10 8.864692e-07 1.097634e-06
7.255000e-10 8.820223e-07 1.092167e-06
7.260000e-10 8.775973e-07 1.086726e-06
7.265000e-10 8.731940e-07 1.081312e-06
7.270000e-10 8.688124e-07 1.075924e-06
7.275000e-10 8.644522e-07 1.070562e-06
7.280000e-10 8.601134e-07 1.065226e-06
7.285000e-10 8.557960e-07 1.059916e-06
7.290000e-10 8.514997e-07 1.054632e-06
7.295000e-10 8.472246e-07 1.049374e-06
7.300000e-10 8.429705e-07 1.044141e-06
7.305000e-10 8.387372e-07 1.038934e-06
7.310000e-10 8.345248e-07 1.033752e-06
7.315000e-10 8.303331e-07 1.028595e-06
7.320000e-10 8.261620e-07 1.023463e-06
7.325000e-10 8.220114e-07 1.018356e-06
7.330000e-10 8.178812e-07 1.013275e-06
7.335000e-10 8.137713e-07 1.008217e-06
7.340000e-10 8.096817e-07 1.003185e-06
7.345000e-10 8.056122e-07 9.981769e-07
7.350000e-10 8.015627e-07 9.931933e-07
7.355000e-10 7.975331e-07 9.882340e-07
7.360000e-10 7.935233e-07 9.832989e-07
7.365000e-10 7.895333e-07 9.783878e-07
7.370000e-10 7.855630e-07 9.735007e-07
7.375000e-10 7.816122e-07 9.686374e-07
7.380000e-10 7.776809e-07 9.637978e-07
7.385000e-10 7.737689e-07 9.589818e-07
7.390000e-10 7.698762e-07 9.541893e-07
7.395000e-10 7.660027e-07 9.494202e-07
7.400000e-10 7.621483e-07 9.446744e-07
7.405000e-10 7.583128e-07 9.399517e-07
7.410000e-10 7.544963e-07 9.352521e-07
7.415000e-10 7.506986e-07 9.305755e-07
7.420000e-10 7.469197e-07 9.259217e-07
7.425000e-10 7.431593e-07 9.212906e-07
7.430000e-10 7.394175e-07 9.166821e-07
7.435000e-10 7.356942e-07 9.120962e-07
7.440000e-10 7.319893e-07 9.075327e-07
7.445000e-10 7.283026e-07 9.029915e-07
7.450000e-10 7.246341e-07 8.984725e-07
7.455000e-10 7.209838e-07 8.939755e-07
7.460000e-10 7.173514e-07 8.895006e-07
7.465000e-10 7.137370e-07 8.850476e-07
7.470000e-10 7.101405e-07 8.806163e-07
7.475000e-10 7.065617e-07 8.762068e-07
7.480000e-10 7.030006e-07 8.718188e-07
7.485000e-10 6.994571e-07 8.674523e-07
7.490000e-10 6.959311e-07 8.631072e-07
7.495000e-10 6.924225e-07 8.587833e-07
7.500000e-10 6.889313e-07 8.544807e-07
7.505000e-10 6.854573e-07 8.501991e-07
7.510000e-10 6.820005e-07 8.459384e-07
7.515000e-10 6.785608e-07 8.416987e-07
7.520000e-10 6.751382e-07 8.374797e-07
7.525000e-10 6.717324e-07 8.332814e-07
7.530000e-10 6.683435e-07 8.291037e-07
7.535000e-10 6.649713e-07 8.249465e-07
7.540000e-10 6.616159e-07 8.208096e-07
7.545000e-10 6.582771e-07 8.166931e-07
7.550000e-10 6.549547e-07 8.125967e-07
7.555000e-10 6.516489e-07 8.085205e-07
7.560000e-10 6.483594e-07 8.044642e-07
7.565000e-10 6.450861e-07 8.004279e-07
7.570000e-10 6.418291e-07 7.964113e-07
7.575000e-10 6.385883e-07 7.924145e-07
7.580000e-10 6.353635e-07 7.884373e-07
7.585000e-10 6.321546e-07 7.844797e-07
7.590000e-10 6.289617e-07 7.805414e-07
7.595000e-10 6.257846e-07 7.766226e-07
7.600000e-10 6.226232e-07 7.727229e-07
7.605000e-10 6.194775e-07 7.688425e-07
7.610000e-10 6.163475e-07 7.649811e-07
7.615000e-10 6.132329e-07 7.611387e-07
7.620000e-10 6.101338e-07 7.573152e-07
7.625000e-10 6.070500e-07 7.535104e-07
7.630000e-10 6.039816e-07 7.497244e-07
7.635000e-10 6.009283e-07 7.459571e-07
7.640000e-10 5.978903e-07 7.422082e-07
7.645000e-10 5.948673e-07 7.384778e-07
7.650000e-10 5.918593e-07 7.347658e-07
7.655000e-10 5.888662e-07 7.310720e-07
7.660000e-10 5.858880e-07 7.273964e-07
7.665000e-10 5.829246e-07 7.237389e-07
7.670000e-10 5.799759e-07 7.200994e-07
7.675000e-10 5.770418e-07 7.164779e-07
7.680000e-10 5.741223e-07 7.128741e-07
7.685000e-10 5.712174e-07 7.092882e-07
7.690000e-10 5.683268e-07 7.057198e-07
7.695000e-10 5.654507e-07 7.021691e-07
7.700000e-10 5.625888e-07 6.986359e-07
7.705000e-10 5.597411e-07 6.951201e-07
7.710000e-10 5.569076e-07 6.916216e-07
7.715000e-10 5.540882e-07 6.881404e-07
7.720000e-10 5.512828e-07 6.846763e-07
7.725000e-10 5.484914e-07 6.812294e-07
7.730000e-10 5.457138e-07 6.777994e-07
7.735000e-10 5.429501e-07 6.743864e-07
7.740000e-10 5.402001e-07 6.709902e-07
7.745000e-10 5.374638e-07 6.676107e-07
7.750000e-10 5.347411e-07 6.642480e-07
7.755000e-10 5.320320e-07 6.609018e-07
7.760000e-10 5.293363e-07 6.575722e-07
7.765000e-10 5.266541e-07 6.542590e-07
7.770000e-10 5.239852e-07 6.509621e-07
7.775000e-10 5.213296e-07 6.476816e-07
7.780000e-10 5.186872e-07 6.444172e-07
7.785000e-10 5.160580e-07 6.411690e-07
7.790000e-10 5.134419e-07 6.379368e-07
7.795000e-10 5.108389e-07 6.347207e-07
7.800000e-10 5.082488e-07 6.315204e-07
7.805000e-10 5.056716e-07 6.283359e-07
7.810000e-10 5.031072e-07 6.251672e-07
7.815000e-10 5.005556e-07 6.220141e-07
7.820000e-10 4.980168e-07 6.188766e-07
7.825000e-10 4.954906e-07 6.157547e-07
7.830000e-10 4.929770e-07 6.126482e-07
7.835000e-10 4.904760e-07 6.095571e-07
7.840000e-10 4.879874e-07 6.064812e-07
7.845000e-10 4.855112e-07 6.034206e-07
7.850000e-10 4.830474e-07 6.003752e-07
7.855000e-10 4.805959e-07 5.973448e-07
7.860000e-10 4.781566e-07 5.943294e-07
7.865000e-10 4.757294e-07 5.913290e-07
7.870000e-10 4.733144e-07 5.883434e-07
7.875000e-10 4.709115e-07 5.853726e-07
7.880000e-10 4.685205e-07 5.824165e-07
7.885000e-10 4.661415e-07 5.794751e-07
7.890000e-10 4.637744e-07 5.765482e-07
7.895000e-10 4.614191e-07 5.736359e-07
7.900000e-10 4.590755e-07 5.707380e-07
7.905000e-10 4.567437e-07 5.678544e-07
7.910000e-10 4.544235e-07 5.649852e-07
7.915000e-10 4.521149e-07 5.621301e-07
7.920000e-10 4.498178e-07 5.592893e-07
7.925000e-10 4.475322e-07 5.564625e-07
7.930000e-10 4.452581e-07 5.536498e-07
7.935000e-10 4.429953e-07 5.508510e-07
7.940000e-10 4.407438e-07 5.480661e-07
7.945000e-10 4.385036e-07 5.452950e-07
7.950000e-10 4.362745e-07 5.425377e-07
7.955000e-10 4.340567e-07 5.397940e-07
7.960000e-10 4.318499e-07 5.370640e-07
7.965000e-10 4.296541e-07 5.343475e-07
7.970000e-10 4.274694e-07 5.316446e-07
7.975000e-10 4.252956e-07 5.289550e-07
7.980000e-10 4.231326e-07 5.262788e-07
7.985000e-10 4.209805e-07 5.236159e-07
7.990000e-10 4.188391e-07 5.209663e-07
7.995000e-10 4.167085e-07 5.183298e-07
8.000000e-10 4.145886e-07 5.157064e-07
8.005000e-10 4.124792e-07 5.130960e-07
8.010000e-10 4.103804e-07 5.104986e-07
8.015000e-10 4.082921e-07 5.079142e-07
8.020000e-10 4.062143e-07 5.053426e-07
8.025000e-10 4.041469e-07 5.027838e-07
8.030000e-10 4.020899e-07 5.002377e-07
8.035000e-10 4.000431e-07 4.977042e-07
8.040000e-10 3.980066e-07 4.951834e-07
8.045000e-10 3.959803e-07 4.926751e-07
8.050000e-10 3.939642e-07 4.901793e-07
8.055000e-10 3.919582e-07 4.876960e-07
8.060000e-10 3.899622e-07 4.852249e-07
8.065000e-10 3.879763e-07 4.827662e-07
8.070000e-10 3.860002e-07 4.803198e-07
8.075000e-10 3.840342e-07 4.778855e-07
8.080000e-10 3.820779e-07 4.754633e-07
8.085000e-10 3.801315e-07 4.730532e-07
8.090000e-10 3.781948e-07 4.706551e-07
8.095000e-10 3.762679e-07 4.682690e-07
8.100000e-10 3.743506e-07 4.658947e-07
8.105000e-10 3.724430e-07 4.635323e-07
8.110000e-10 3.705449e-07 4.611816e-07
8.115000e-10 3.686563e-07 4.588427e-07
8.120000e-10 3.667773e-07 4.565154e-07
8.125000e-10 3.649076e-07 4.541997e-07
8.130000e-10 3.630474e-07 4.518956e-07
8.135000e-10 3.611965e-07 4.496030e-07
8.140000e-10 3.593548e-07 4.473218e-07
8.145000e-10 3.575225e-07 4.450519e-07
8.150000e-10 3.556993e-07 4.427934e-07
8.155000e-10 3.538853e-07 4.405462e-07
8.160000e-10 3.520804e-07 4.383102e-07
8.165000e-10 3.502846e-07 4.360853e-07
8.170000e-10 3.484978e-07 4.338716e-07
8.175000e-10 3.467200e-07 4.316689e-07
8.180000e-10 3.449511e-07 4.294772e-07
8.185000e-10 3.431911e-07 4.272964e-07
8.190000e-10 3.414399e-07 4.251265e-07
8.195000e-10 3.396976e-07 4.229675e-07
8.200000e-10 3.379640e-07 4.208192e-07
8.205000e-10 3.362391e-07 4.186817e-07
8.210000e-10 3.345229e-07 4.165548e-07
8.215000e-10 3.328154e-07 4.144386e-07
8.220000e-10 3.311164e-07 4.123330e-07
8.225000e-10 3.294260e-07 4.102379e-07
8.230000e-10 3.277441e-07 4.081532e-07
8.235000e-10 3.260706e-07 4.060790e-07
8.240000e-10 3.244056e-07 4.040151e-07
8.245000e-10 3.227489e-07 4.019616e-07
8.250000e-10 3.211006e-07 3.999183e-07
8.255000e-10 3.194606e-07 3.978853e-07
8.260000e-10 3.178288e-07 3.958624e-07
8.265000e-10 3.162053e-07 3.938496e-07
8.270000e-10 3.145899e-07 3.918469e-07
8.275000e-10 3.129827e-07 3.898543e-07
8.280000e-10 3.113835e-07 3.878716e-07
8.285000e-10 3.097924e-07 3.858988e-07
8.290000e-10 3.082093e-07 3.839359e-07
8.295000e-10 3.066342e-07 3.819828e-07
8.300000e-10 3.050671e-07 3.800395e-07
8.305000e-10 3.035078e-07 3.781059e-07
8.310000e-10 3.019564e-07 3.761820e-07
8.315000e-10 3.004128e-07 3.742678e-07
8.320000e-10 2.988770e-07 3.723631e-07
8.325000e-10 2.973489e-07 3.704680e-07
8.330000e-10 2.958286e-07 3.685824e-07
8.335000e-10 2.943159e-07 3.667062e-07
8.340000e-10 2.928108e-07 3.648394e-07
8.345000e-10 2.913133e-07 3.629820e-07
8.350000e-10 2.898234e-07 3.611339e-07
8.355000e-10 2.883410e-07 3.592950e-07
8.360000e-10 2.868660e-07 3.574654e-07
8.365000e-10 2.853985e-07 3.556449e-07
8.370000e-10 2.839384e-07 3.538336e-07
8.375000e-10 2.824857e-07 3.520313e-07
8.380000e-10 2.810403e-07 3.502381e-07
8.385000e-10 2.796022e-07 3.484539e-07
8.390000e-10 2.781714e-07 3.466786e-07
8.395000e-10 2.767477e-07 3.449122e-07
8.400000e-10 2.753313e-07 3.431547e-07
8.405000e-10 2.739220e-07 3.414061e-07
8.410000e-10 2.725199e-07 3.396662e-07
8.415000e-10 2.711248e-07 3.379350e-07
8.420000e-10 2.697367e-07 3.362125e-07
8.425000e-10 2.683557e-07 3.344987e-07
8.430000e-10 2.669816e-07 3.327934e-07
8.435000e-10 2.656145e-07 3.310968e-07
8.440000e-10 2.642543e-07 3.294086e-07
8.445000e-10 2.629010e-07 3.277289e-07
8.450000e-10 2.615545e-07 3.260577e-07
8.455000e-10 2.602148e-07 3.243949e-07
8.460000e-10 2.588819e-07 3.227404e-07
8.465000e-10 2.575557e-07 3.210942e-07
8.470000e-10 2.562362e-07 3.194563e-07
8.475000e-10 2.549234e-07 3.178266e-07
8.480000e-10 2.536172e-07 3.162051e-07
8.485000e-10 2.523176e-07 3.145918e-07
8.490000e-10 2.510246e-07 3.129866e-07
8.495000e-10 2.497382e-07 3.113894e-07
8.500000e-10 2.484582e-07 3.098003e-07
8.505000e-10 2.471847e-07 3.082192e-07
8.510000e-10 2.459177e-07 3.066460e-07
8.515000e-10 2.446571e-07 3.050808e-07
8.520000e-10 2.434028e-07 3.035234e-07
8.525000e-10 2.421549e-07 3.019738e-07
8.530000e-10 2.409133e-07 3.004321e-07
8.535000e-10 2.396780e-07 2.988981e-07
8.540000e-10 2.384489e-07 2.973718e-07
8.545000e-10 2.372261e-07 2.958532e-07
8.550000e-10 2.360095e-07 2.943422e-07
8.555000e-10 2.347990e-07 2.928389e-07
8.560000e-10 2.335946e-07 2.913431e-07
8.565000e-10 2.323964e-07 2.898548e-07
8.570000e-10 2.312042e-07 2.883741e-07
8.575000e-10 2.300180e-07 2.869008e-07
8.580000e-10 2.288379e-07 2.854349e-07
8.585000e-10 2.276637e-07 2.839764e-07
8.590000e-10 2.264955e-07 2.825252e-07
8.595000e-10 2.253332e-07 2.810814e-07
8.600000e-10 2.241768e-07 2.796448e-07
8.605000e-10 2.230262e-07 2.782155e-07
8.610000e-10 2.218815e-07 2.767934e-07
8.615000e-10 2.207426e-07 2.753784e-07
8.620000e-10 2.196095e-07 2.739706e-07
8.625000e-10 2.184821e-07 2.725699e-07
8.630000e-10 2.173604e-07 2.711762e-07
8.635000e-10 2.162444e-07 2.697895e-07
8.640000e-10 2.151340e-07 2.684099e-07
8.645000e-10 2.140293e-07 2.670372e-07
8.650000e-10 2.129302e-07 2.656714e-07
8.655000e-10 2.118367e-07 2.643126e-07
8.660000e-10 2.107487e-07 2.629605e-07
8.665000e-10 2.096662e-07 2.616153e-07
8.670000e-10 2.085892e-07 2.602769e-07
8.675000e-10 2.075177e-07 2.589452e-07
8.680000e-10 2.064516e-07 2.576203e-07
8.685000e-10 2.053910e-07 2.563020e-07
8.690000e-10 2.043357e-07 2.549904e-07
8.695000e-10 2.032857e-07 2.536854e-07
8.700000e-10 2.022411e-07 2.523870e-07
8.705000e-10 2.012018e-07 2.510952e-07
8.710000e-10 2.001678e-07 2.498099e-07
8.715000e-10 1.991390e-07 2.485310e-07
8.720000e-10 1.981155e-07 2.472587e-07
8.725000e-10 1.970971e-07 2.459927e-07
8.730000e-10 1.960840e-07 2.447332e-07
8.735000e-10 1.950759e-07 2.434800e-07
8.740000e-10 1.940730e-07 2.422331e-07
8.745000e-10 1.930752e-07 2.409926e-07
8.750000e-10 1.920824e-07 2.397583e-07
8.755000e-10 1.910947e-07 2.385302e-07
8.760000e-10 1.901120e-07 2.373084e-07
8.765000e-10 1.891343e-07 2.360927e-07
8.770000e-10 1.881616e-07 2.348832e-07
8.775000e-10 1.871938e-07 2.336798e-07
8.780000e-10 1.862309e-07 2.324824e-07
8.785000e-10 1.852729e-07 2.312912e-07
8.790000e-10 1.843198e-07 2.301059e-07
8.795000e-10 1.833716e-07 2.289266e-07
8.800000e-10 1.824281e-07 2.277534e-07
8.805000e-10 1.814895e-07 2.265860e-07
8.810000e-10 1.805556e-07 2.254245e-07
8.815000e-10 1.796265e-07 2.242690e-07
8.820000e-10 1.787021e-07 2.231192e-07
8.825000e-10 1.777824e-07 2.219753e-07
8.830000e-10 1.768674e-07 2.208372e-07
8.835000e-10 1.759570e-07 2.197048e-07
8.840000e-10 1.750513e-07 2.185782e-07
8.845000e-10 1.741501e-07 2.174573e-07
8.850000e-10 1.732536e-07 2.163420e-07
8.855000e-10 1.723616e-07 2.152324e-07
8.860000e-10 1.714742e-07 2.141284e-07
8.865000e-10 1.705913e-07 2.130300e-07
8.870000e-10 1.697128e-07 2.119372e-07
8.875000e-10 1.688389e-07 2.108499e-07
8.880000e-10 1.679694e-07 2.097681e-07
8.885000e-10 1.671043e-07 2.086917e-07
8.890000e-10 1.662436e-07 2.076209e-07
8.895000e-10 1.653873e-07 2.065554e-07
8.900000e-10 1.645354e-07 2.054954e-07
8.905000e-10 1.636878e-07 2.044407e-07
8.910000e-10 1.628445e-07 2.033914e-07
8.915000e-10 1.620055e-07 2.023474e-07
8.920000e-10 1.611708e-07 2.013087e-07
8.925000e-10 1.603403e-07 2.002752e-07
8.930000e-10 1.595141e-07 1.992470e-07
8.935000e-10 1.586921e-07 1.982240e-07
8.940000e-10 1.578742e-07 1.972062e-07
8.945000e-10 1.570606e-07 1.961935e-07
8.950000e-10 1.562511e-07 1.951860e-07
8.955000e-10 1.554457e-07 1.941836e-07
8.960000e-10 1.546444e-07 1.931863e-07
8.965000e-10 1.538472e-07 1.921940e-07
8.970000e-10 1.530540e-07 1.912068e-07
8.975000e-10 1.522649e-07 1.902246e-07
8.980000e-10 1.514799e-07 1.892473e-07
8.985000e-10 1.506988e-07 1.882751e-07
8.990000e-10 1.499217e-07 1.873077e-07
8.995000e-10 1.491486e-07 1.863453e-07
9.000000e-10 1.483794e-07 1.853877e-07
9.005000e-10 1.476141e-07 1.844350e-07
9.010000e-10 1.468528e-07 1.834872e-07
9.015000e-10 1.460953e-07 1.825441e-07
9.020000e-10 1.453417e-07 1.816059e-07
9.025000e-10 1.445919e-07 1.806724e-07
9.030000e-10 1.438460e-07 1.797436e-07
9.035000e-10 1.431039e-07 1.788196e-07
9.040000e-10 1.423655e-07 1.779002e-07
9.045000e-10 1.416310e-07 1.769856e-07
9.050000e-10 1.409001e-07 1.760755e-07
9.055000e-10 1.401730e-07 1.751701e-07
9.060000e-10 1.394496e-07 1.742693e-07
9.065000e-10 1.387300e-07 1.733731e-07
9.070000e-10 1.380139e-07 1.724814e-07
9.075000e-10 1.373016e-07 1.715943e-07
9.080000e-10 1.365928e-07 1.707117e-07
9.085000e-10 1.358877e-07 1.698335e-07
9.090000e-10 1.351862e-07 1.689598e-07
9.095000e-10 1.344883e-07 1.680906e-07
9.100000e-10 1.337940e-07 1.672258e-07
9.105000e-10 1.331031e-07 1.663654e-07
9.110000e-10 1.324159e-07 1.655093e-07
9.115000e-10 1.317321e-07 1.646576e-07
9.120000e-10 1.310518e-07 1.638102e-07
9.125000e-10 1.303750e-07 1.629672e-07
9.130000e-10 1.297017e-07 1.621284e-07
9.135000e-10 1.290318e-07 1.612939e-07
9.140000e-10 1.283653e-07 1.604637e-07
9.145000e-10 1.277022e-07 1.596376e-07
9.150000e-10 1.270425e-07 1.588158e-07
9.155000e-10 1.263862e-07 1.579982e-07
9.160000e-10 1.257333e-07 1.571847e-07
9.165000e-10 1.250836e-07 1.563753e-07
9.170000e-10 1.244373e-07 1.555701e-07
9.175000e-10 1.237943e-07 1.547690e-07
9.180000e-10 1.231546e-07 1.539719e-07
9.185000e-10 1.225182e-07 1.531789e-07
9.190000e-10 1.218850e-07 1.523900e-07
9.195000e-10 1.212551e-07 1.516050e-07
9.200000e-10 1.206284e-07 1.508241e-07
9.205000e-10 1.200049e-07 1.500471e-07
9.210000e-10 1.193845e-07 1.492741e-07
9.215000e-10 1.187674e-07 1.485050e-07
9.220000e-10 1.181534e-07 1.477399e-07
9.225000e-10 1.175425e-07 1.469786e-07
9.230000e-10 1.169348e-07 1.462213e-07
9.235000e-10 1.163302e-07 1.454677e-07
9.240000e-10 1.157287e-07 1.447181e-07
9.245000e-10 1.151302e-07 1.439722e-07
9.250000e-10 1.145349e-07 1.432301e-07
9.255000e-10 1.139425e-07 1.424919e-07
9.260000e-10 1.133532e-07 1.417573e-07
9.265000e-10 1.127669e-07 1.410266e-07
9.270000e-10 1.121837e-07 1.402995e-07
9.275000e-10 1.116034e-07 1.395762e-07
9.280000e-10 1.110260e-07 1.388565e-07
9.285000e-10 1.104517e-07 1.381406e-07
9.290000e-10 1.098802e-07 1.374282e-07
9.295000e-10 1.093117e-07 1.367195e-07
9.300000e-10 1.087462e-07 1.360145e-07
9.305000e-10 1.081835e-07 1.353130e-07
9.310000e-10 1.076237e-07 1.346151e-07
9.315000e-10 1.070667e-07 1.339207e-07
9.320000e-10 1.065126e-07 1.332299e-07
9.325000e-10 1.059614e-07 1.325426e-07
9.330000e-10 1.054130e-07 1.318588e-07
9.335000e-10 1.048674e-07 1.311786e-07
9.340000e-10 1.043245e-07 1.305017e-07
9.345000e-10 1.037845e-07 1.298284e-07
9.350000e-10 1.032472e-07 1.291585e-07
9.355000e-10 1.027127e-07 1.284919e-07
9.360000e-10 1.021810e-07 1.278288e-07
9.365000e-10 1.016519e-07 1.271691e-07
9.370000e-10 1.011256e-07 1.265128e-07
9.375000e-10 1.006019e-07 1.258598e-07
9.380000e-10 1.000810e-07 1.252101e-07
9.385000e-10 9.956271e-08 1.245638e-07
9.390000e-10 9.904709e-08 1.239207e-07
9.395000e-10 9.853412e-08 1.232810e-07
9.400000e-10 9.802377e-08 1.226445e-07
9.405000e-10 9.751604e-08 1.220112e-07
9.410000e-10 9.701092e-08 1.213812e-07
9.415000e-10 9.650838e-08 1.207544e-07
9.420000e-10 9.600843e-08 1.201308e-07
9.425000e-10 9.551104e-08 1.195104e-07
9.430000e-10 9.501620e-08 1.188932e-07
9.435000e-10 9.452390e-08 1.182791e-07
9.440000e-10 9.403413e-08 1.176682e-07
9.445000e-10 9.354687e-08 1.170604e-07
9.450000e-10 9.306212e-08 1.164556e-07
9.455000e-10 9.257984e-08 1.158540e-07
9.460000e-10 9.210005e-08 1.152555e-07
9.465000e-10 9.162272e-08 1.146600e-07
9.470000e-10 9.114784e-08 1.140676e-07
9.475000e-10 9.067539e-08 1.134781e-07
9.480000e-10 9.020538e-08 1.128918e-07
9.485000e-10 8.973777e-08 1.123084e-07
9.490000e-10 8.927257e-08 1.117279e-07
9.495000e-10 8.880975e-08 1.111505e-07
9.500000e-10 8.834931e-08 1.105760e-07
9.505000e-10 8.789124e-08 1.100044e-07
9.510000e-10 8.743552e-08 1.094358e-07
9.515000e-10 8.698214e-08 1.088701e-07
9.520000e-10 8.653109e-08 1.083073e-07
9.525000e-10 8.608236e-08 1.077473e-07
9.530000e-10 8.563593e-08 1.071902e-07
9.535000e-10 8.519179e-08 1.066360e-07
9.540000e-10 8.474994e-08 1.060846e-07
9.545000e-10 8.431036e-08 1.055360e-07
9.550000e-10 8.387303e-08 1.049903e-07
9.555000e-10 8.343796e-08 1.044473e-07
9.560000e-10 8.300512e-08 1.039071e-07
9.565000e-10 8.257450e-08 1.033697e-07
9.570000e-10 8.214610e-08 1.028350e-07
9.575000e-10 8.171990e-08 1.023031e-07
9.580000e-10 8.129589e-08 1.017739e-07
9.585000e-10 8.087406e-08 1.012474e-07
9.590000e-10 8.045440e-08 1.007236e-07
9.595000e-10 8.003690e-08 1.002024e-07
9.600000e-10 7.962154e-08 9.968398e-08
9.605000e-10 7.920832e-08 9.916818e-08
9.610000e-10 7.879723e-08 9.865503e-08
9.615000e-10 7.838824e-08 9.814450e-08
9.620000e-10 7.798137e-08 9.763659e-08
9.625000e-10 7.757658e-08 9.713128e-08
9.630000e-10 7.717388e-08 9.662856e-08
9.635000e-10 7.677325e-08 9.612841e-08
9.640000e-10 7.637468e-08 9.563083e-08
9.645000e-10 7.597816e-08 9.513580e-08
9.650000e-10 7.558368e-08 9.464331e-08
9.655000e-10 7.519123e-08 9.415334e-08
9.660000e-10 7.480080e-08 9.366588e-08
9.665000e-10 7.441238e-08 9.318092e-08
9.670000e-10 7.402595e-08 9.269845e-08
9.675000e-10 7.364152e-08 9.221845e-08
9.680000e-10 7.325907e-08 9.174091e-08
9.685000e-10 7.287858e-08 9.126582e-08
9.690000e-10 7.250005e-08 9.079317e-08
9.695000e-10 7.212347e-08 9.032294e-08
9.700000e-10 7.174883e-08 8.985512e-08
9.705000e-10 7.137612e-08 8.938970e-08
9.710000e-10 7.100533e-08 8.892667e-08
9.715000e-10 7.063644e-08 8.846602e-08
9.720000e-10 7.026946e-08 8.800773e-08
9.725000e-10 6.990437e-08 8.755179e-08
9.730000e-10 6.954115e-08 8.709819e-08
9.735000e-10 6.917981e-08 8.664691e-08
9.740000e-10 6.882033e-08 8.619795e-08
9.745000e-10 6.846270e-08 8.575130e-08
9.750000e-10 6.810691e-08 8.530694e-08
9.755000e-10 6.775295e-08 8.486486e-08
9.760000e-10 6.740082e-08 8.442505e-08
9.765000e-10 6.705050e-08 8.398749e-08
9.770000e-10 6.670199e-08 8.355218e-08
9.775000e-10 6.635527e-08 8.311911e-08
9.780000e-10 6.601034e-08 8.268826e-08
9.785000e-10 6.566719e-08 8.225962e-08
9.790000e-10 6.532580e-08 8.183319e-08
9.795000e-10 6.498618e-08 8.140894e-08
9.800000e-10 6.464831e-08 8.098687e-08
9.805000e-10 6.431217e-08 8.056697e-08
9.810000e-10 6.397777e-08 8.014923e-08
9.815000e-10 6.364510e-08 7.973363e-08
9.820000e-10 6.331413e-08 7.932017e-08
9.825000e-10 6.298488e-08 7.890883e-08
9.830000e-10 6.265732e-08 7.849960e-08
9.835000e-10 6.233145e-08 7.809248e-08
9.840000e-10 6.200727e-08 7.768744e-08
9.845000e-10 6.168475e-08 7.728449e-08
9.850000e-10 6.136390e-08 7.688361e-08
9.855000e-10 6.104470e-08 7.648479e-08
9.860000e-10 6.072715e-08 7.608802e-08
9.865000e-10 6.041123e-08 7.569329e-08
9.870000e-10 6.009695e-08 7.530059e-08
9.875000e-10 5.978428e-08 7.490991e-08
9.880000e-10 5.947323e-08 7.452123e-08
9.885000e-10 5.916379e-08 7.413456e-08
9.890000e-10 5.885594e-08 7.374987e-08
9.895000e-10 5.854968e-08 7.336716e-08
9.900000e-10 5.824500e-08 7.298641e-08
9.905000e-10 5.794189e-08 7.260763e-08
9.910000e-10 5.764035e-08 7.223079e-08
9.915000e-10 5.734036e-08 7.185589e-08
9.920000e-10 5.704192e-08 7.148292e-08
9.925000e-10 5.674502e-08 7.111187e-08
9.930000e-10 5.644966e-08 7.074272e-08
9.935000e-10 5.615581e-08 7.037548e-08
9.940000e-10 5.586349e-08 7.001012e-08
9.945000e-10 5.557267e-08 6.964665e-08
9.950000e-10 5.528336e-08 6.928504e-08
9.955000e-10 5.499554e-08 6.892529e-08
9.960000e-10 5.470921e-08 6.856740e-08
9.965000e-10 5.442435e-08 6.821135e-08
9.970000e-10 5.414097e-08 6.785713e-08
9.975000e-10 5.385904e-08 6.750473e-08
9.980000e-10 5.357858e-08 6.715414e-08
9.985000e-10 5.329956e-08 6.680536e-08
9.990000e-10 5.302199e-08 6.645838e-08
9.995000e-10 5.274585e-08 6.611318e-08
1.000000e-09 5.247113e-08 6.576976e-08
1.000500e-09 5.219784e-08 6.542811e-08
1.001000e-09 5.192595e-08 6.508822e-08
1.001500e-09 5.165547e-08 6.475007e-08
1.002000e-09 5.138639e-08 6.441367e-08
1.002500e-09 5.111870e-08 6.407900e-08
1.003000e-09 5.085239e-08 6.374606e-08
1.003500e-09 5.058746e-08 6.341482e-08
1.004000e-09 5.032390e-08 6.308530e-08
1.004500e-09 5.006170e-08 6.275747e-08
1.005000e-09 4.980085e-08 6.243133e-08
1.005500e-09 4.954135e-08 6.210687e-08
1.006000e-09 4.928320e-08 6.178409e-08
1.006500e-09 4.902638e-08 6.146296e-08
1.007000e-09 4.877088e-08 6.114349e-08
1.007500e-09 4.851671e-08 6.082567e-08
1.008000e-09 4.826385e-08 6.050948e-08
1.008500e-09 4.801230e-08 6.019492e-08
1.009000e-09 4.776205e-08 5.988199e-08
1.009500e-09 4.751309e-08 5.957066e-08
1.010000e-09 4.726542e-08 5.926095e-08
1.010500e-09 4.701904e-08 5.895282e-08
1.011000e-09 4.677392e-08 5.864629e-08
1.011500e-09 4.653008e-08 5.834134e-08
1.012000e-09 4.628749e-08 5.803796e-08
1.012500e-09 4.604616e-08 5.773614e-08
1.013000e-09 4.580608e-08 5.743588e-08
1.013500e-09 4.556724e-08 5.713717e-08
1.014000e-09 4.532963e-08 5.683999e-08
1.014500e-09 4.509326e-08 5.654435e-08
1.015000e-09 4.485811e-08 5.625024e-08
1.015500e-09 4.462417e-08 5.595764e-08
1.016000e-09 4.439145e-08 5.566655e-08
1.016500e-09 4.415993e-08 5.537696e-08
1.017000e-09 4.392960e-08 5.508887e-08
1.017500e-09 4.370047e-08 5.480226e-08
1.018000e-09 4.347253e-08 5.451713e-08
1.018500e-09 4.324576e-08 5.423347e-08
1.019000e-09 4.302017e-08 5.395128e-08
1.019500e-09 4.279575e-08 5.367054e-08
1.020000e-09 4.257249e-08 5.339125e-08
1.020500e-09 4.235038e-08 5.311340e-08
1.021000e-09 4.212943e-08 5.283699e-08
1.021500e-09 4.190962e-08 5.256200e-08
1.022000e-09 4.169094e-08 5.228843e-08
1.022500e-09 4.147340e-08 5.201627e-08
1.023000e-09 4.125698e-08 5.174552e-08
1.023500e-09 4.104169e-08 5.147616e-08
1.024000e-09 4.082751e-08 5.120820e-08
1.024500e-09 4.061444e-08 5.094162e-08
1.025000e-09 4.040247e-08 5.067641e-08
1.025500e-09 4.019161e-08 5.041258e-08
1.026000e-09 3.998183e-08 5.015011e-08
1.026500e-09 3.977314e-08 4.988899e-08
1.027000e-09 3.956553e-08 4.962922e-08
1.027500e-09 3.935900e-08 4.937079e-08
1.028000e-09 3.915353e-08 4.911370e-08
1.028500e-09 3.894914e-08 4.885793e-08
1.029000e-09 3.874580e-08 4.860349e-08
1.029500e-09 3.854351e-08 4.835036e-08
1.030000e-09 3.834227e-08 4.809854e-08
1.030500e-09 3.814208e-08 4.784802e-08
1.031000e-09 3.794292e-08 4.759879e-08
1.031500e-09 3.774479e-08 4.735085e-08
1.032000e-09 3.754770e-08 4.710419e-08
1.032500e-09 3.735162e-08 4.685881e-08
1.033000e-09 3.715656e-08 4.661469e-08
1.033500e-09 3.696251e-08 4.637184e-08
1.034000e-09 3.676946e-08 4.613024e-08
1.034500e-09 3.657742e-08 4.588989e-08
1.035000e-09 3.638637e-08 4.565078e-08
1.035500e-09 3.619632e-08 4.541291e-08
1.036000e-09 3.600725e-08 4.517626e-08
1.036500e-09 3.581916e-08 4.494085e-08
1.037000e-09 3.563204e-08 4.470664e-08
1.037500e-09 3.544589e-08 4.447365e-08
1.038000e-09 3.526071e-08 4.424186e-08
1.038500e-09 3.507650e-08 4.401128e-08
1.039000e-09 3.489323e-08 4.378188e-08
1.039500e-09 3.471092e-08 4.355367e-08
1.040000e-09 3.452955e-08 4.332664e-08
1.040500e-09 3.434912e-08 4.310078e-08
1.041000e-09 3.416963e-08 4.287609e-08
1.041500e-09 3.399107e-08 4.265257e-08
1.042000e-09 3.381344e-08 4.243020e-08
1.042500e-09 3.363672e-08 4.220898e-08
1.043000e-09 3.346093e-08 4.198890e-08
1.043500e-09 3.328605e-08 4.176997e-08
1.044000e-09 3.311207e-08 4.155216e-08
1.044500e-09 3.293900e-08 4.133549e-08
1.045000e-09 3.276682e-08 4.111993e-08
1.045500e-09 3.259554e-08 4.090549e-08
1.046000e-09 3.242515e-08 4.069216e-08
1.046500e-09 3.225564e-08 4.047993e-08
1.047000e-09 3.208701e-08 4.026880e-08
1.047500e-09 3.191926e-08 4.005877e-08
1.048000e-09 3.175238e-08 3.984982e-08
1.048500e-09 3.158636e-08 3.964195e-08
1.049000e-09 3.142121e-08 3.943516e-08
1.049500e-09 3.125691e-08 3.922944e-08
1.050000e-09 3.109347e-08 3.902478e-08
1.050500e-09 3.093087e-08 3.882118e-08
1.051000e-09 3.076912e-08 3.861864e-08
1.051500e-09 3.060821e-08 3.841715e-08
1.052000e-09 3.044813e-08 3.821670e-08
1.052500e-09 3.028889e-08 3.801728e-08
1.053000e-09 3.013047e-08 3.781890e-08
1.053500e-09 2.997288e-08 3.762155e-08
1.054000e-09 2.981610e-08 3.742522e-08
1.054500e-09 2.966014e-08 3.722990e-08
1.055000e-09 2.950499e-08 3.703560e-08
1.055500e-09 2.935064e-08 3.684231e-08
1.056000e-09 2.919710e-08 3.665001e-08
1.056500e-09 2.904435e-08 3.645871e-08
1.057000e-09 2.889240e-08 3.626840e-08
1.057500e-09 2.874124e-08 3.607908e-08
1.058000e-09 2.859086e-08 3.589074e-08
1.058500e-09 2.844126e-08 3.570337e-08
1.059000e-09 2.829244e-08 3.551698e-08
1.059500e-09 2.814440e-08 3.533155e-08
1.060000e-09 2.799712e-08 3.514708e-08
1.060500e-09 2.785061e-08 3.496357e-08
1.061000e-09 2.770486e-08 3.478101e-08
1.061500e-09 2.755987e-08 3.459939e-08
1.062000e-09 2.741563e-08 3.441872e-08
1.062500e-09 2.727214e-08 3.423898e-08
1.063000e-09 2.712940e-08 3.406018e-08
1.063500e-09 2.698740e-08 3.388230e-08
1.064000e-09 2.684613e-08 3.370534e-08
1.064500e-09 2.670561e-08 3.352930e-08
1.065000e-09 2.656581e-08 3.335418e-08
1.065500e-09 2.642674e-08 3.317996e-08
1.066000e-09 2.628839e-08 3.300664e-08
1.066500e-09 2.615076e-08 3.283423e-08
1.067000e-09 2.601385e-08 3.266270e-08
1.067500e-09 2.587765e-08 3.249207e-08
1.068000e-09 2.574215e-08 3.232232e-08
1.068500e-09 2.560737e-08 3.215345e-08
1.069000e-09 2.547328e-08 3.198546e-08
1.069500e-09 2.533989e-08 3.181834e-08
1.070000e-09 2.520719e-08 3.165209e-08
1.070500e-09 2.507519e-08 3.148670e-08
1.071000e-09 2.494387e-08 3.132216e-08
1.071500e-09 2.481323e-08 3.115848e-08
1.072000e-09 2.468328e-08 3.099565e-08
1.072500e-09 2.455400e-08 3.083366e-08
1.073000e-09 2.442539e-08 3.067252e-08
1.073500e-09 2.429745e-08 3.051221e-08
1.074000e-09 2.417018e-08 3.035273e-08
1.074500e-09 2.404357e-08 3.019408e-08
1.075000e-09 2.391762e-08 3.003625e-08
1.075500e-09 2.379232e-08 2.987925e-08
1.076000e-09 2.366767e-08 2.972305e-08
1.076500e-09 2.354368e-08 2.956767e-08
1.077000e-09 2.342033e-08 2.941309e-08
1.077500e-09 2.329762e-08 2.925932e-08
1.078000e-09 2.317555e-08 2.910634e-08
1.078500e-09 2.305412e-08 2.895416e-08
1.079000e-09 2.293331e-08 2.880277e-08
1.079500e-09 2.281314e-08 2.865217e-08
1.080000e-09 2.269359e-08 2.850234e-08
1.080500e-09 2.257467e-08 2.835330e-08
1.081000e-09 2.245636e-08 2.820503e-08
1.081500e-09 2.233867e-08 2.805752e-08
1.082000e-09 2.222159e-08 2.791079e-08
1.082500e-09 2.210513e-08 2.776482e-08
1.083000e-09 2.198926e-08 2.761960e-08
1.083500e-09 2.187401e-08 2.747514e-08
1.084000e-09 2.175935e-08 2.733143e-08
1.084500e-09 2.164529e-08 2.718846e-08
1.085000e-09 2.153182e-08 2.704624e-08
1.085500e-09 2.141895e-08 2.690476e-08
1.086000e-09 2.130666e-08 2.676401e-08
1.086500e-09 2.119495e-08 2.662399e-08
1.087000e-09 2.108383e-08 2.648470e-08
1.087500e-09 2.097329e-08 2.634613e-08
1.088000e-09 2.086333e-08 2.620829e-08
1.088500e-09 2.075393e-08 2.607116e-08
1.089000e-09 2.064511e-08 2.593474e-08
1.089500e-09 2.053685e-08 2.579903e-08
1.090000e-09 2.042916e-08 2.566403e-08
1.090500e-09 2.032203e-08 2.552973e-08
1.091000e-09 2.021545e-08 2.539612e-08
1.091500e-09 2.010944e-08 2.526321e-08
1.092000e-09 2.000397e-08 2.513099e-08
1.092500e-09 1.989905e-08 2.499946e-08
1.093000e-09 1.979469e-08 2.486861e-08
1.093500e-09 1.969086e-08 2.473845e-08
1.094000e-09 1.958758e-08 2.460896e-08
1.094500e-09 1.948483e-08 2.448014e-08
1.095000e-09 1.938262e-08 2.435199e-08
1.095500e-09 1.928094e-08 2.422451e-08
1.096000e-09 1.917980e-08 2.409769e-08
1.096500e-09 1.907918e-08 2.397153e-08
1.097000e-09 1.897908e-08 2.384603e-08
1.097500e-09 1.887951e-08 2.372118e-08
1.098000e-09 1.878045e-08 2.359697e-08
1.098500e-09 1.868191e-08 2.347342e-08
1.099000e-09 1.858389e-08 2.335051e-08
1.099500e-09 1.848638e-08 2.322823e-08
1.100000e-09 1.838937e-08 2.310659e-08
1.100500e-09 1.829287e-08 2.298559e-08
1.101000e-09 1.819688e-08 2.286521e-08
1.101500e-09 1.810138e-08 2.274546e-08
1.102000e-09 1.800638e-08 2.262634e-08
1.102500e-09 1.791188e-08 2.250783e-08
1.103000e-09 1.781787e-08 2.238994e-08
1.103500e-09 1.772436e-08 2.227266e-08
1.104000e-09 1.763133e-08 2.215600e-08
1.104500e-09 1.753878e-08 2.203994e-08
1.105000e-09 1.744672e-08 2.192448e-08
1.105500e-09 1.735514e-08 2.180963e-08
1.106000e-09 1.726403e-08 2.169537e-08
1.106500e-09 1.717340e-08 2.158171e-08
1.107000e-09 1.708325e-08 2.146863e-08
1.107500e-09 1.699356e-08 2.135615e-08
1.108000e-09 1.690434e-08 2.124425e-08
1.108500e-09 1.681559e-08 2.113294e-08
1.109000e-09 1.672730e-08 2.102220e-08
1.109500e-09 1.663947e-08 2.091205e-08
1.110000e-09 1.655210e-08 2.080246e-08
1.110500e-09 1.646519e-08 2.069345e-08
1.111000e-09 1.637873e-08 2.058500e-08
1.111500e-09 1.629272e-08 2.047712e-08
1.112000e-09 1.620716e-08 2.036979e-08
1.112500e-09 1.612205e-08 2.026303e-08
1.113000e-09 1.603738e-08 2.015683e-08
1.113500e-09 1.595315e-08 2.005117e-08
1.114000e-09 1.586936e-08 1.994607e-08
1.114500e-09 1.578601e-08 1.984151e-08
1.115000e-09 1.570310e-08 1.973750e-08
1.115500e-09 1.562061e-08 1.963403e-08
1.116000e-09 1.553856e-08 1.953110e-08
1.116500e-09 1.545694e-08 1.942871e-08
1.117000e-09 1.537574e-08 1.932685e-08
1.117500e-09 1.529497e-08 1.922552e-08
1.118000e-09 1.521462e-08 1.912471e-08
1.118500e-09 1.513469e-08 1.902444e-08
1.119000e-09 1.505517e-08 1.892468e-08
1.119500e-09 1.497607e-08 1.882545e-08
1.120000e-09 1.489739e-08 1.872673e-08
1.120500e-09 1.481911e-08 1.862852e-08
1.121000e-09 1.474125e-08 1.853083e-08
1.121500e-09 1.466379e-08 1.843365e-08
1.122000e-09 1.458673e-08 1.833697e-08
1.122500e-09 1.451008e-08 1.824080e-08
1.123000e-09 1.443383e-08 1.814513e-08
1.123500e-09 1.435798e-08 1.804996e-08
1.124000e-09 1.428252e-08 1.795528e-08
1.124500e-09 1.420746e-08 1.786109e-08
1.125000e-09 1.413278e-08 1.776740e-08
1.125500e-09 1.405850e-08 1.767420e-08
1.126000e-09 1.398461e-08 1.758148e-08
1.126500e-09 1.391111e-08 1.748924e-08
1.127000e-09 1.383798e-08 1.739749e-08
1.127500e-09 1.376524e-08 1.730621e-08
1.128000e-09 1.369288e-08 1.721541e-08
1.128500e-09 1.362090e-08 1.712509e-08
1.129000e-09 1.354930e-08 1.703523e-08
1.129500e-09 1.347806e-08 1.694584e-08
1.130000e-09 1.340721e-08 1.685692e-08
1.130500e-09 1.333672e-08 1.676847e-08
1.131000e-09 1.326660e-08 1.668047e-08
1.131500e-09 1.319684e-08 1.659293e-08
1.132000e-09 1.312745e-08 1.650585e-08
1.132500e-09 1.305843e-08 1.641923e-08
1.133000e-09 1.298976e-08 1.633305e-08
1.133500e-09 1.292146e-08 1.624733e-08
1.134000e-09 1.285351e-08 1.616205e-08
1.134500e-09 1.278591e-08 1.607722e-08
1.135000e-09 1.271867e-08 1.599283e-08
1.135500e-09 1.265178e-08 1.590887e-08
1.136000e-09 1.258525e-08 1.582536e-08
1.136500e-09 1.251905e-08 1.574229e-08
1.137000e-09 1.245321e-08 1.565964e-08
1.137500e-09 1.238771e-08 1.557743e-08
1.138000e-09 1.232255e-08 1.549565e-08
1.138500e-09 1.225773e-08 1.541429e-08
1.139000e-09 1.219325e-08 1.533336e-08
1.139500e-09 1.212911e-08 1.525285e-08
1.140000e-09 1.206531e-08 1.517276e-08
1.140500e-09 1.200184e-08 1.509309e-08
1.141000e-09 1.193870e-08 1.501383e-08
1.141500e-09 1.187589e-08 1.493499e-08
1.142000e-09 1.181341e-08 1.485656e-08
1.142500e-09 1.175125e-08 1.477854e-08
1.143000e-09 1.168942e-08 1.470093e-08
1.143500e-09 1.162792e-08 1.462372e-08
1.144000e-09 1.156673e-08 1.454691e-08
1.144500e-09 1.150587e-08 1.447051e-08
1.145000e-09 1.144532e-08 1.439450e-08
1.145500e-09 1.138510e-08 1.431890e-08
1.146000e-09 1.132518e-08 1.424368e-08
1.146500e-09 1.126558e-08 1.416886e-08
1.147000e-09 1.120630e-08 1.409443e-08
1.147500e-09 1.114732e-08 1.402039e-08
1.148000e-09 1.108865e-08 1.394673e-08
1.148500e-09 1.103029e-08 1.387346e-08
1.149000e-09 1.097223e-08 1.380057e-08
1.149500e-09 1.091448e-08 1.372807e-08
1.150000e-09 1.085703e-08 1.365594e-08
1.150500e-09 1.079988e-08 1.358419e-08
1.151000e-09 1.074303e-08 1.351281e-08
1.151500e-09 1.068648e-08 1.344180e-08
1.152000e-09 1.063022e-08 1.337117e-08
1.152500e-09 1.057426e-08 1.330091e-08
1.153000e-09 1.051859e-08 1.323101e-08
1.153500e-09 1.046321e-08 1.316148e-08
1.154000e-09 1.040813e-08 1.309231e-08
1.154500e-09 1.035333e-08 1.302350e-08
1.155000e-09 1.029882e-08 1.295505e-08
1.155500e-09 1.024459e-08 1.288696e-08
1.156000e-09 1.019065e-08 1.281923e-08
1.156500e-09 1.013699e-08 1.275185e-08
1.157000e-09 1.008361e-08 1.268482e-08
1.157500e-09 1.003051e-08 1.261814e-08
1.158000e-09 9.977686e-09 1.255181e-08
1.158500e-09 9.925141e-09 1.248583e-08
1.159000e-09 9.872872e-09 1.242019e-08
1.159500e-09 9.820876e-09 1.235489e-08
1.160000e-09 9.769152e-09 1.228994e-08
1.160500e-09 9.717700e-09 1.222532e-08
1.161000e-09 9.666517e-09 1.216105e-08
1.161500e-09 9.615602e-09 1.209711e-08
1.162000e-09 9.564954e-09 1.203350e-08
1.162500e-09 9.514571e-09 1.197023e-08
1.163000e-09 9.464452e-09 1.190728e-08
1.163500e-09 9.414596e-09 1.184467e-08
1.164000e-09 9.365001e-09 1.178238e-08
1.164500e-09 9.315666e-09 1.172042e-08
1.165000e-09 9.266589e-09 1.165878e-08
1.165500e-09 9.217770e-09 1.159747e-08
1.166000e-09 9.169206e-09 1.153647e-08
1.166500e-09 9.120897e-09 1.147580e-08
1.167000e-09 9.072841e-09 1.141544e-08
1.167500e-09 9.025037e-09 1.135540e-08
1.168000e-09 8.977483e-09 1.129567e-08
1.168500e-09 8.930179e-09 1.123625e-08
1.169000e-09 8.883123e-09 1.117715e-08
1.169500e-09 8.836313e-09 1.111835e-08
1.170000e-09 8.789749e-09 1.105987e-08
1.170500e-09 8.743428e-09 1.100168e-08
1.171000e-09 8.697351e-09 1.094380e-08
1.171500e-09 8.651515e-09 1.088623e-08
1.172000e-09 8.605919e-09 1.082895e-08
1.172500e-09 8.560563e-09 1.077198e-08
1.173000e-09 8.515444e-09 1.071530e-08
1.173500e-09 8.470562e-09 1.065892e-08
1.174000e-09 8.425915e-09 1.060284e-08
1.174500e-09 8.381502e-09 1.054705e-08
1.175000e-09 8.337322e-09 1.049155e-08
1.175500e-09 8.293374e-09 1.043634e-08
1.176000e-09 8.249656e-09 1.038142e-08
1.176500e-09 8.206167e-09 1.032679e-08
1.177000e-09 8.162907e-09 1.027244e-08
1.177500e-09 8.119873e-09 1.021838e-08
1.178000e-09 8.077065e-09 1.016460e-08
1.178500e-09 8.034482e-09 1.011110e-08
1.179000e-09 7.992122e-09 1.005788e-08
1.179500e-09 7.949984e-09 1.000494e-08
1.180000e-09 7.908067e-09 9.952278e-09
1.180500e-09 7.866370e-09 9.899891e-09
1.181000e-09 7.824892e-09 9.847779e-09
1.181500e-09 7.783631e-09 9.795939e-09
1.182000e-09 7.742587e-09 9.744371e-09
1.182500e-09 7.701758e-09 9.693072e-09
1.183000e-09 7.661143e-09 9.642042e-09
1.183500e-09 7.620742e-09 9.591280e-09
1.184000e-09 7.580552e-09 9.540783e-09
1.184500e-09 7.540573e-09 9.490550e-09
1.185000e-09 7.500804e-09 9.440581e-09
1.185500e-09 7.461244e-09 9.390873e-09
1.186000e-09 7.421891e-09 9.341426e-09
1.186500e-09 7.382745e-09 9.292237e-09
1.187000e-09 7.343804e-09 9.243307e-09
1.187500e-09 7.305068e-09 9.194632e-09
1.188000e-09 7.266534e-09 9.146212e-09
1.188500e-09 7.228203e-09 9.098046e-09
1.189000e-09 7.190074e-09 9.050132e-09
1.189500e-09 7.152144e-09 9.002470e-09
1.190000e-09 7.114413e-09 8.955056e-09
1.190500e-09 7.076881e-09 8.907892e-09
1.191000e-09 7.039545e-09 8.860974e-09
1.191500e-09 7.002406e-09 8.814302e-09
1.192000e-09 6.965461e-09 8.767874e-09
1.192500e-09 6.928711e-09 8.721690e-09
1.193000e-09 6.892153e-09 8.675748e-09
1.193500e-09 6.855787e-09 8.630046e-09
1.194000e-09 6.819612e-09 8.584584e-09
1.194500e-09 6.783627e-09 8.539360e-09
1.195000e-09 6.747831e-09 8.494374e-09
1.195500e-09 6.712223e-09 8.449622e-09
1.196000e-09 6.676802e-09 8.405106e-09
1.196500e-09 6.641567e-09 8.360822e-09
1.197000e-09 6.606517e-09 8.316771e-09
1.197500e-09 6.571651e-09 8.272951e-09
1.198000e-09 6.536968e-09 8.229360e-09
1.198500e-09 6.502467e-09 8.185998e-09
1.199000e-09 6.468148e-09 8.142863e-09
1.199500e-09 6.434008e-09 8.099954e-09
1.200000e-09 6.400048e-09 8.057270e-09
