0.000000e+00 0 0
5.000000e-13 0 0
1.000000e-12 0 0
1.500000e-12 0 0
2.000000e-12 0 0
2.500000e-12 0 0
3.000000e-12 0 0
3.500000e-12 0 0
4.000000e-12 0 0
4.500000e-12 0 0
5.000000e-12 0 0
5.500000e-12 0 0
6.000000e-12 0 0
6.500000e-12 0 0
7.000000e-12 0 0
7.500000e-12 0 0
8.000000e-12 0 0
8.500000e-12 0 0
9.000000e-12 0 0
9.500000e-12 0 0
1.000000e-11 0 0
1.050000e-11 0 0
1.100000e-11 0 0
1.150000e-11 0 0
1.200000e-11 0 0
1.250000e-11 0 0
1.300000e-11 0 0
1.350000e-11 0 0
1.400000e-11 0 0
1.450000e-11 0 0
1.500000e-11 0 0
1.550000e-11 0 0
1.600000e-11 0 0
1.650000e-11 0 0
1.700000e-11 0 0
1.750000e-11 0 0
1.800000e-11 0 0
1.850000e-11 0 0
1.900000e-11 0 0
1.950000e-11 0 0
2.000000e-11 0 0
2.050000e-11 0 0
2.100000e-11 0 0
2.150000e-11 0 0
2.200000e-11 0 0
2.250000e-11 0 0
2.300000e-11 0 0
2.350000e-11 0 0
2.400000e-11 0 0
2.450000e-11 0 0
2.500000e-11 0 0
2.550000e-11 0 0
2.600000e-11 0 0
2.650000e-11 0 0
2.700000e-11 0 0
2.750000e-11 0 0
2.800000e-11 0 0
2.850000e-11 0 0
2.900000e-11 0 0
2.950000e-11 0 0
3.000000e-11 0 0
3.050000e-11 0 0
3.100000e-11 0 0
3.150000e-11 0 0
3.200000e-11 0 0
3.250000e-11 0 0
3.300000e-11 0 0
3.350000e-11 0 0
3.400000e-11 0 0
3.450000e-11 0 0
3.500000e-11 0 0
3.550000e-11 0 0
3.600000e-11 0 0
3.650000e-11 0 0
3.700000e-11 0 0
3.750000e-11 0 0
3.800000e-11 0 0
3.850000e-11 0 0
3.900000e-11 0 0
3.950000e-11 0 0
4.000000e-11 0 0
4.050000e-11 0 0
4.100000e-11 0 0
4.150000e-11 0 0
4.200000e-11 0 0
4.250000e-11 0 0
4.300000e-11 0 0
4.350000e-11 0 0
4.400000e-11 0 0
4.450000e-11 0 0
4.500000e-11 0 0
4.550000e-11 0 0
4.600000e-11 0 0
4.650000e-11 0 0
4.700000e-11 0 0
4.750000e-11 0 0
4.800000e-11 0 0
4.850000e-11 0 0
4.900000e-11 0 0
4.950000e-11 0 0
5.000000e-11 0 0
5.050000e-11 0 0
5.100000e-11 0 0
5.150000e-11 0 0
5.200000e-11 0 0
5.250000e-11 0 0
5.300000e-11 0 0
5.350000e-11 0 0
5.400000e-11 0 0
5.450000e-11 0 0
5.500000e-11 0 0
5.550000e-11 0 0
5.600000e-11 0 0
5.650000e-11 0 0
5.700000e-11 0 0
5.750000e-11 0 0
5.800000e-11 0 0
5.850000e-11 0 0
5.900000e-11 0 0
5.950000e-11 0 0
6.000000e-11 0 0
6.050000e-11 0 0
6.100000e-11 0 0
6.150000e-11 0 0
6.200000e-11 0 0
6.250000e-11 0 0
6.300000e-11 0 0
6.350000e-11 0 0
6.400000e-11 0 0
6.450000e-11 0 0
6.500000e-11 0 0
6.550000e-11 0 0
6.600000e-11 0 0
6.650000e-11 0 0
6.700000e-11 0 0
6.750000e-11 0 0
6.800000e-11 0 0
6.850000e-11 0 0
6.900000e-11 0 0
6.950000e-11 0 0
7.000000e-11 0 0
7.050000e-11 0 0
7.100000e-11 0 0
7.150000e-11 0 0
7.200000e-11 0 0
7.250000e-11 0 0
7.300000e-11 0 0
7.350000e-11 0 0
7.400000e-11 0 0
7.450000e-11 0 0
7.500000e-11 0 0
7.550000e-11 0 0
7.600000e-11 0 0
7.650000e-11 0 0
7.700000e-11 0 0
7.750000e-11 0 0
7.800000e-11 0 0
7.850000e-11 0 0
7.900000e-11 0 0
7.950000e-11 0 0
8.000000e-11 0 0
8.050000e-11 0 0
8.100000e-11 0 0
8.150000e-11 0 0
8.200000e-11 0 0
8.250000e-11 0 0
8.300000e-11 0 0
8.350000e-11 0 0
8.400000e-11 0 0
8.450000e-11 0 0
8.500000e-11 0 0
8.550000e-11 0 0
8.600000e-11 0 0
8.650000e-11 0 0
8.700000e-11 0 0
8.750000e-11 0 0
8.800000e-11 0 0
8.850000e-11 0 0
8.900000e-11 0 0
8.950000e-11 0 0
9.000000e-11 0 0
9.050000e-11 0 0
9.100000e-11 0 0
9.150000e-11 0 0
9.200000e-11 0 0
9.250000e-11 0 0
9.300000e-11 0 0
9.350000e-11 0 0
9.400000e-11 0 0
9.450000e-11 0 0
9.500000e-11 0 0
9.550000e-11 0 0
9.600000e-11 0 0
9.650000e-11 0 0
9.700000e-11 0 0
9.750000e-11 0 0
9.800000e-11 0 0
9.850000e-11 0 0
9.900000e-11 0 0
9.950000e-11 0 0
1.000000e-10 0 0
1.005000e-10 0 0
1.010000e-10 0 0
1.015000e-10 0 0
1.020000e-10 0 0
1.025000e-10 0 0
1.030000e-10 0 0
1.035000e-10 0 0
1.040000e-10 0 0
1.045000e-10 0 0
1.050000e-10 0 0
1.055000e-10 0 0
1.060000e-10 0 0
1.065000e-10 0 0
1.070000e-10 0 0
1.075000e-10 0 0
1.080000e-10 0 0
1.085000e-10 0 0
1.090000e-10 0 0
1.095000e-10 0 0
1.100000e-10 0 0
1.105000e-10 0 0
1.110000e-10 0 0
1.115000e-10 0 0
1.120000e-10 0 0
1.125000e-10 0 0
1.130000e-10 0 0
1.135000e-10 0 0
1.140000e-10 0 0
1.145000e-10 0 0
1.150000e-10 0 0
1.155000e-10 0 0
1.160000e-10 0 0
1.165000e-10 0 0
1.170000e-10 0 0
1.175000e-10 0 0
1.180000e-10 0 0
1.185000e-10 0 0
1.190000e-10 0 0
1.195000e-10 0 0
1.200000e-10 0 0
1.205000e-10 0 0
1.210000e-10 0 0
1.215000e-10 0 0
1.220000e-10 0 0
1.225000e-10 0 0
1.230000e-10 0 0
1.235000e-10 0 0
1.240000e-10 0 0
1.245000e-10 0 0
1.250000e-10 0 0
1.255000e-10 0 0
1.260000e-10 0 0
1.265000e-10 0 0
1.270000e-10 0 0
1.275000e-10 0 0
1.280000e-10 0 0
1.285000e-10 0 0
1.290000e-10 0 0
1.295000e-10 0 0
1.300000e-10 0 0
1.305000e-10 0 0
1.310000e-10 0 0
1.315000e-10 0 0
1.320000e-10 0 0
1.325000e-10 0 0
1.330000e-10 0 0
1.335000e-10 0 0
1.340000e-10 0 0
1.345000e-10 0 0
1.350000e-10 0 0
1.355000e-10 0 0
1.360000e-10 0 0
1.365000e-10 0 0
1.370000e-10 0 0
1.375000e-10 0 0
1.380000e-10 0 0
1.385000e-10 0 0
1.390000e-10 0 0
1.395000e-10 0 0
1.400000e-10 0 0
1.405000e-10 0 0
1.410000e-10 0 0
1.415000e-10 0 0
1.420000e-10 0 0
1.425000e-10 0 0
1.430000e-10 0 0
1.435000e-10 0 0
1.440000e-10 0 0
1.445000e-10 0 0
1.450000e-10 0 0
1.455000e-10 0 0
1.460000e-10 0 0
1.465000e-10 0 0
1.470000e-10 0 0
1.475000e-10 0 0
1.480000e-10 0 0
1.485000e-10 0 0
1.490000e-10 0 0
1.495000e-10 0 0
1.500000e-10 0 0
1.505000e-10 0 0
1.510000e-10 0 0
1.515000e-10 0 0
1.520000e-10 0 0
1.525000e-10 0 0
1.530000e-10 0 0
1.535000e-10 0 0
1.540000e-10 0 0
1.545000e-10 0 0
1.550000e-10 0 0
1.555000e-10 0 0
1.560000e-10 0 0
1.565000e-10 0 0
1.570000e-10 0 0
1.575000e-10 0 0
1.580000e-10 0 0
1.585000e-10 0 0
1.590000e-10 0 0
1.595000e-10 0 0
1.600000e-10 0 0
1.605000e-10 0 0
1.610000e-10 0 0
1.615000e-10 0 0
1.620000e-10 0 0
1.625000e-10 0 0
1.630000e-10 0 0
1.635000e-10 0 0
1.640000e-10 0 0
1.645000e-10 0 0
1.650000e-10 0 0
1.655000e-10 0 0
1.660000e-10 0 0
1.665000e-10 0 0
1.670000e-10 0 0
1.675000e-10 0 0
1.680000e-10 0 0
1.685000e-10 0 0
1.690000e-10 0 0
1.695000e-10 0 0
1.700000e-10 0 0
1.705000e-10 0 0
1.710000e-10 0 0
1.715000e-10 0 0
1.720000e-10 0 0
1.725000e-10 0 0
1.730000e-10 0 0
1.735000e-10 0 0
1.740000e-10 0 0
1.745000e-10 0 0
1.750000e-10 0 0
1.755000e-10 0 0
1.760000e-10 0 0
1.765000e-10 0 0
1.770000e-10 0 0
1.775000e-10 0 0
1.780000e-10 0 0
1.785000e-10 0 0
1.790000e-10 0 0
1.795000e-10 0 0
1.800000e-10 0 0
1.805000e-10 0 0
1.810000e-10 0 0
1.815000e-10 0 0
1.820000e-10 0 0
1.825000e-10 0 0
1.830000e-10 0 0
1.835000e-10 0 0
1.840000e-10 0 0
1.845000e-10 0 0
1.850000e-10 0 0
1.855000e-10 0 0
1.860000e-10 0 0
1.865000e-10 0 0
1.870000e-10 0 0
1.875000e-10 0 0
1.880000e-10 0 0
1.885000e-10 0 0
1.890000e-10 0 0
1.895000e-10 0 0
1.900000e-10 0 0
1.905000e-10 0 0
1.910000e-10 0 0
1.915000e-10 0 0
1.920000e-10 0 0
1.925000e-10 0 0
1.930000e-10 0 0
1.935000e-10 0 0
1.940000e-10 0 0
1.945000e-10 0 0
1.950000e-10 0 0
1.955000e-10 0 0
1.960000e-10 0 0
1.965000e-10 0 0
1.970000e-10 0 0
1.975000e-10 0 0
1.980000e-10 0 0
1.985000e-10 0 0
1.990000e-10 0 0
1.995000e-10 0 0
2.000000e-10 0 0
2.005000e-10 0 0
2.010000e-10 0 0
2.015000e-10 0 0
2.020000e-10 0 0
2.025000e-10 0 0
2.030000e-10 0 0
2.035000e-10 0 0
2.040000e-10 0 0
2.045000e-10 0 0
2.050000e-10 0 0
2.055000e-10 0 0
2.060000e-10 0 0
2.065000e-10 0 0
2.070000e-10 0 0
2.075000e-10 0 0
2.080000e-10 0 0
2.085000e-10 0 0
2.090000e-10 0 0
2.095000e-10 0 0
2.100000e-10 0 0
2.105000e-10 0 0
2.110000e-10 0 0
2.115000e-10 0 0
2.120000e-10 0 0
2.125000e-10 0 0
2.130000e-10 0 0
2.135000e-10 0 0
2.140000e-10 0 0
2.145000e-10 0 0
2.150000e-10 0 0
2.155000e-10 0 0
2.160000e-10 0 0
2.165000e-10 0 0
2.170000e-10 0 0
2.175000e-10 0 0
2.180000e-10 0 0
2.185000e-10 0 0
2.190000e-10 0 0
2.195000e-10 0 0
2.200000e-10 0 0
2.205000e-10 0 0
2.210000e-10 0 0
2.215000e-10 0 0
2.220000e-10 0 0
2.225000e-10 0 0
2.230000e-10 0 0
2.235000e-10 0 0
2.240000e-10 0 0
2.245000e-10 0 0
2.250000e-10 0 0
2.255000e-10 0 0
2.260000e-10 0 0
2.265000e-10 0 0
2.270000e-10 0 0
2.275000e-10 0 0
2.280000e-10 0 0
2.285000e-10 0 0
2.290000e-10 0 0
2.295000e-10 0 0
2.300000e-10 0 0
2.305000e-10 0 0
2.310000e-10 0 0
2.315000e-10 0 0
2.320000e-10 0 0
2.325000e-10 0 0
2.330000e-10 0 0
2.335000e-10 0 0
2.340000e-10 0 0
2.345000e-10 0 0
2.350000e-10 0 0
2.355000e-10 0 0
2.360000e-10 0 0
2.365000e-10 0 0
2.370000e-10 0 0
2.375000e-10 0 0
2.380000e-10 0 0
2.385000e-10 0 0
2.390000e-10 0 0
2.395000e-10 0 0
2.400000e-10 0 0
2.405000e-10 0 0
2.410000e-10 0 0
2.415000e-10 0 0
2.420000e-10 0 0
2.425000e-10 0 0
2.430000e-10 0 0
2.435000e-10 0 0
2.440000e-10 0 0
2.445000e-10 0 0
2.450000e-10 0 0
2.455000e-10 0 0
2.460000e-10 0 0
2.465000e-10 0 0
2.470000e-10 0 0
2.475000e-10 0 0
2.480000e-10 0 0
2.485000e-10 0 0
2.490000e-10 0 0
2.495000e-10 0 0
2.505000e-10 0.000000e+00 0
2.510000e-10 5.575898e-06 0
2.515000e-10 7.841823e-06 0
2.520000e-10 9.551024e-06 0
2.525000e-10 1.096747e-05 0
2.530000e-10 1.219407e-05 0
2.535000e-10 1.328393e-05 0
2.540000e-10 1.426880e-05 0
2.545000e-10 1.516948e-05 0
2.550000e-10 1.600052e-05 0
2.555000e-10 1.677259e-05 0
2.560000e-10 1.749378e-05 0
2.565000e-10 1.817043e-05 0
2.570000e-10 1.880761e-05 0
2.575000e-10 1.940944e-05 0
2.580000e-10 1.997938e-05 0
2.585000e-10 2.052029e-05 0
2.590000e-10 2.103465e-05 0
2.595000e-10 2.152456e-05 0
2.600000e-10 2.199187e-05 0
2.605000e-10 2.243818e-05 0
2.610000e-10 2.286491e-05 0
2.615000e-10 2.327333e-05 0
2.620000e-10 2.366455e-05 0
2.625000e-10 2.403960e-05 0
2.630000e-10 2.439938e-05 0
2.635000e-10 2.474473e-05 0
2.640000e-10 2.507640e-05 0
2.645000e-10 2.539508e-05 0
2.650000e-10 2.570141e-05 0
2.655000e-10 2.599595e-05 0
2.660000e-10 2.627927e-05 0
2.665000e-10 2.655184e-05 0
2.670000e-10 2.681414e-05 0
2.675000e-10 2.706659e-05 0
2.680000e-10 2.730961e-05 0
2.685000e-10 2.754355e-05 0
2.690000e-10 2.776878e-05 0
2.695000e-10 2.798562e-05 0
2.700000e-10 2.819439e-05 0
2.705000e-10 2.839538e-05 0
2.710000e-10 2.858886e-05 0
2.715000e-10 2.877510e-05 0
2.720000e-10 2.895434e-05 0
2.725000e-10 2.912682e-05 0
2.730000e-10 2.929275e-05 0
2.735000e-10 2.945236e-05 0
2.740000e-10 2.960584e-05 0
2.745000e-10 2.975338e-05 0
2.750000e-10 2.989517e-05 0
2.755000e-10 3.003137e-05 0
2.760000e-10 3.016217e-05 0
2.765000e-10 3.028771e-05 0
2.770000e-10 3.040814e-05 0
2.775000e-10 3.052362e-05 0
2.780000e-10 3.063429e-05 0
2.785000e-10 3.074027e-05 0
2.790000e-10 3.084171e-05 0
2.795000e-10 3.093871e-05 0
2.800000e-10 3.103141e-05 0
2.805000e-10 3.111991e-05 0.000000e+00
2.810000e-10 3.120433e-05 3.717265e-06
2.815000e-10 3.128478e-05 5.227882e-06
2.820000e-10 3.136135e-05 6.367349e-06
2.825000e-10 3.143415e-05 7.311648e-06
2.830000e-10 3.150327e-05 8.129382e-06
2.835000e-10 3.156881e-05 8.855956e-06
2.840000e-10 3.163085e-05 9.512531e-06
2.845000e-10 3.168949e-05 1.011298e-05
2.850000e-10 3.174480e-05 1.066701e-05
2.855000e-10 3.179686e-05 1.118173e-05
2.860000e-10 3.184576e-05 1.166252e-05
2.865000e-10 3.189158e-05 1.211362e-05
2.870000e-10 3.193438e-05 1.253840e-05
2.875000e-10 3.197423e-05 1.293963e-05
2.880000e-10 3.201121e-05 1.331959e-05
2.885000e-10 3.204539e-05 1.368020e-05
2.890000e-10 3.207683e-05 1.402310e-05
2.895000e-10 3.210558e-05 1.434971e-05
2.900000e-10 3.213173e-05 1.466125e-05
2.905000e-10 3.215532e-05 1.495879e-05
2.910000e-10 3.217641e-05 1.524327e-05
2.915000e-10 3.219506e-05 1.551555e-05
2.920000e-10 3.221132e-05 1.577637e-05
2.925000e-10 3.222526e-05 1.602640e-05
2.930000e-10 3.223692e-05 1.626626e-05
2.935000e-10 3.224635e-05 1.649649e-05
2.940000e-10 3.225360e-05 1.671760e-05
2.945000e-10 3.225872e-05 1.693006e-05
2.950000e-10 3.226176e-05 1.713427e-05
2.955000e-10 3.226276e-05 1.733064e-05
2.960000e-10 3.226177e-05 1.751951e-05
2.965000e-10 3.225884e-05 1.770123e-05
2.970000e-10 3.225400e-05 1.787609e-05
2.975000e-10 3.224729e-05 1.804440e-05
2.980000e-10 3.223876e-05 1.820640e-05
2.985000e-10 3.222845e-05 1.836237e-05
2.990000e-10 3.221640e-05 1.851252e-05
2.995000e-10 3.220263e-05 1.865708e-05
3.000000e-10 3.218720e-05 1.879626e-05
3.005000e-10 3.217013e-05 1.893025e-05
3.010000e-10 3.215147e-05 1.905924e-05
3.015000e-10 3.213124e-05 1.918340e-05
3.020000e-10 3.210948e-05 1.930289e-05
3.025000e-10 3.208622e-05 1.941788e-05
3.030000e-10 3.206149e-05 1.952850e-05
3.035000e-10 3.203534e-05 1.963491e-05
3.040000e-10 3.200778e-05 1.973723e-05
3.045000e-10 3.197884e-05 1.983559e-05
3.050000e-10 3.194857e-05 1.993011e-05
3.055000e-10 3.191697e-05 2.002092e-05
3.060000e-10 3.188410e-05 2.010811e-05
3.065000e-10 3.184996e-05 2.019180e-05
3.070000e-10 3.181459e-05 2.027209e-05
3.075000e-10 3.177802e-05 2.034908e-05
3.080000e-10 3.174027e-05 2.042286e-05
3.085000e-10 3.170136e-05 2.049352e-05
3.090000e-10 3.166132e-05 2.056114e-05
3.095000e-10 3.162018e-05 2.062581e-05
3.100000e-10 3.157796e-05 2.068760e-05
3.105000e-10 3.153469e-05 2.074661e-05
3.110000e-10 3.149037e-05 2.080289e-05
3.115000e-10 3.144505e-05 2.085652e-05
3.120000e-10 3.139874e-05 2.090757e-05
3.125000e-10 3.135146e-05 2.095610e-05
3.130000e-10 3.130323e-05 2.100218e-05
3.135000e-10 3.125408e-05 2.104587e-05
3.140000e-10 3.120402e-05 2.108723e-05
3.145000e-10 3.115307e-05 2.112632e-05
3.150000e-10 3.110126e-05 2.116320e-05
3.155000e-10 3.104861e-05 2.119791e-05
3.160000e-10 3.099512e-05 2.123051e-05
3.165000e-10 3.094083e-05 2.126105e-05
3.170000e-10 3.088574e-05 2.128958e-05
3.175000e-10 3.082988e-05 2.131615e-05
3.180000e-10 3.077326e-05 2.134081e-05
3.185000e-10 3.071591e-05 2.136359e-05
3.190000e-10 3.065783e-05 2.138455e-05
3.195000e-10 3.059905e-05 2.140372e-05
3.200000e-10 3.053958e-05 2.142115e-05
3.205000e-10 3.047944e-05 2.143688e-05
3.210000e-10 3.041864e-05 2.145094e-05
3.215000e-10 3.035719e-05 2.146337e-05
3.220000e-10 3.029512e-05 2.147422e-05
3.225000e-10 3.023244e-05 2.148351e-05
3.230000e-10 3.016916e-05 2.149128e-05
3.235000e-10 3.010530e-05 2.149756e-05
3.240000e-10 3.004086e-05 2.150240e-05
3.245000e-10 2.997587e-05 2.150581e-05
3.250000e-10 2.991034e-05 2.150784e-05
3.255000e-10 2.984428e-05 2.150851e-05
3.260000e-10 2.977770e-05 2.150785e-05
3.265000e-10 2.971062e-05 2.150589e-05
3.270000e-10 2.964305e-05 2.150266e-05
3.275000e-10 2.957501e-05 2.149819e-05
3.280000e-10 2.950649e-05 2.149251e-05
3.285000e-10 2.943753e-05 2.148563e-05
3.290000e-10 2.936812e-05 2.147760e-05
3.295000e-10 2.929827e-05 2.146842e-05
3.300000e-10 2.922801e-05 2.145813e-05
3.305000e-10 2.915735e-05 2.144675e-05
3.310000e-10 2.908628e-05 2.143431e-05
3.315000e-10 2.901483e-05 2.142082e-05
3.320000e-10 2.894300e-05 2.140632e-05
3.325000e-10 2.887081e-05 2.139081e-05
3.330000e-10 2.879826e-05 2.137433e-05
3.335000e-10 2.872537e-05 2.135689e-05
3.340000e-10 2.865214e-05 2.133852e-05
3.345000e-10 2.857858e-05 2.131923e-05
3.350000e-10 2.850471e-05 2.129904e-05
3.355000e-10 2.843053e-05 2.127798e-05
3.360000e-10 2.835606e-05 2.125606e-05
3.365000e-10 2.828129e-05 2.123331e-05
3.370000e-10 2.820625e-05 2.120973e-05
3.375000e-10 2.813094e-05 2.118535e-05
3.380000e-10 2.805536e-05 2.116018e-05
3.385000e-10 2.797953e-05 2.113424e-05
3.390000e-10 2.790345e-05 2.110755e-05
3.395000e-10 2.782714e-05 2.108012e-05
3.400000e-10 2.775060e-05 2.105198e-05
3.405000e-10 2.767383e-05 2.102312e-05
3.410000e-10 2.759686e-05 2.099358e-05
3.415000e-10 2.751967e-05 2.096337e-05
3.420000e-10 2.744229e-05 2.093249e-05
3.425000e-10 2.736472e-05 2.090097e-05
3.430000e-10 2.728696e-05 2.086882e-05
3.435000e-10 2.720903e-05 2.083605e-05
3.440000e-10 2.713093e-05 2.080268e-05
3.445000e-10 2.705266e-05 2.076872e-05
3.450000e-10 2.697424e-05 2.073418e-05
3.455000e-10 2.689567e-05 2.069907e-05
3.460000e-10 2.681696e-05 2.066341e-05
3.465000e-10 2.673811e-05 2.062722e-05
3.470000e-10 2.665913e-05 2.059049e-05
3.475000e-10 2.658003e-05 2.055325e-05
3.480000e-10 2.650081e-05 2.051551e-05
3.485000e-10 2.642148e-05 2.047727e-05
3.490000e-10 2.634204e-05 2.043856e-05
3.495000e-10 2.626251e-05 2.039937e-05
3.500000e-10 2.618288e-05 2.035972e-05
3.505000e-10 2.610316e-05 2.031963e-05
3.510000e-10 2.602336e-05 2.027909e-05
3.515000e-10 2.594348e-05 2.023813e-05
3.520000e-10 2.586354e-05 2.019675e-05
3.525000e-10 2.578352e-05 2.015496e-05
3.530000e-10 2.570344e-05 2.011277e-05
3.535000e-10 2.562331e-05 2.007020e-05
3.540000e-10 2.554313e-05 2.002724e-05
3.545000e-10 2.546290e-05 1.998391e-05
3.550000e-10 2.538263e-05 1.994023e-05
3.555000e-10 2.530232e-05 1.989619e-05
3.560000e-10 2.522198e-05 1.985180e-05
3.565000e-10 2.514161e-05 1.980708e-05
3.570000e-10 2.506122e-05 1.976204e-05
3.575000e-10 2.498081e-05 1.971667e-05
3.580000e-10 2.490039e-05 1.967100e-05
3.585000e-10 2.481996e-05 1.962502e-05
3.590000e-10 2.473952e-05 1.957874e-05
3.595000e-10 2.465908e-05 1.953218e-05
3.600000e-10 2.457865e-05 1.948534e-05
3.605000e-10 2.449822e-05 1.943823e-05
3.610000e-10 2.441780e-05 1.939085e-05
3.615000e-10 2.433740e-05 1.934322e-05
3.620000e-10 2.425702e-05 1.929533e-05
3.625000e-10 2.417665e-05 1.924721e-05
3.630000e-10 2.409632e-05 1.919884e-05
3.635000e-10 2.401601e-05 1.915024e-05
3.640000e-10 2.393574e-05 1.910142e-05
3.645000e-10 2.385551e-05 1.905239e-05
3.650000e-10 2.377531e-05 1.900314e-05
3.655000e-10 2.369516e-05 1.895369e-05
3.660000e-10 2.361505e-05 1.890404e-05
3.665000e-10 2.353500e-05 1.885420e-05
3.670000e-10 2.345500e-05 1.880417e-05
3.675000e-10 2.337506e-05 1.875396e-05
3.680000e-10 2.329517e-05 1.870357e-05
3.685000e-10 2.321535e-05 1.865302e-05
3.690000e-10 2.313559e-05 1.860230e-05
3.695000e-10 2.305591e-05 1.855143e-05
3.700000e-10 2.297629e-05 1.850040e-05
3.705000e-10 2.289675e-05 1.844922e-05
3.710000e-10 2.281729e-05 1.839790e-05
3.715000e-10 2.273790e-05 1.834645e-05
3.720000e-10 2.265860e-05 1.829486e-05
3.725000e-10 2.257939e-05 1.824315e-05
3.730000e-10 2.250026e-05 1.819131e-05
3.735000e-10 2.242122e-05 1.813935e-05
3.740000e-10 2.234228e-05 1.808728e-05
3.745000e-10 2.226343e-05 1.803511e-05
3.750000e-10 2.218468e-05 1.798283e-05
3.755000e-10 2.210603e-05 1.793045e-05
3.760000e-10 2.202748e-05 1.787797e-05
3.765000e-10 2.194904e-05 1.782541e-05
3.770000e-10 2.187071e-05 1.777275e-05
3.775000e-10 2.179248e-05 1.772002e-05
3.780000e-10 2.171436e-05 1.766721e-05
3.785000e-10 2.163636e-05 1.761432e-05
3.790000e-10 2.155848e-05 1.756136e-05
3.795000e-10 2.148071e-05 1.750834e-05
3.800000e-10 2.140306e-05 1.745525e-05
3.805000e-10 2.132554e-05 1.740211e-05
3.810000e-10 2.124813e-05 1.734891e-05
3.815000e-10 2.117086e-05 1.729566e-05
3.820000e-10 2.109371e-05 1.724236e-05
3.825000e-10 2.101669e-05 1.718901e-05
3.830000e-10 2.093980e-05 1.713563e-05
3.835000e-10 2.086304e-05 1.708221e-05
3.840000e-10 2.078642e-05 1.702875e-05
3.845000e-10 2.070993e-05 1.697526e-05
3.850000e-10 2.063359e-05 1.692175e-05
3.855000e-10 2.055738e-05 1.686821e-05
3.860000e-10 2.048131e-05 1.681465e-05
3.865000e-10 2.040538e-05 1.676107e-05
3.870000e-10 2.032960e-05 1.670748e-05
3.875000e-10 2.025397e-05 1.665387e-05
3.880000e-10 2.017848e-05 1.660026e-05
3.885000e-10 2.010314e-05 1.654664e-05
3.890000e-10 2.002795e-05 1.649301e-05
3.895000e-10 1.995291e-05 1.643939e-05
3.900000e-10 1.987802e-05 1.638577e-05
3.905000e-10 1.980329e-05 1.633215e-05
3.910000e-10 1.972871e-05 1.627853e-05
3.915000e-10 1.965429e-05 1.622493e-05
3.920000e-10 1.958003e-05 1.617134e-05
3.925000e-10 1.950592e-05 1.611777e-05
3.930000e-10 1.943198e-05 1.606421e-05
3.935000e-10 1.935820e-05 1.601068e-05
3.940000e-10 1.928457e-05 1.595716e-05
3.945000e-10 1.921112e-05 1.590367e-05
3.950000e-10 1.913782e-05 1.585021e-05
3.955000e-10 1.906470e-05 1.579677e-05
3.960000e-10 1.899173e-05 1.574337e-05
3.965000e-10 1.891894e-05 1.569000e-05
3.970000e-10 1.884632e-05 1.563667e-05
3.975000e-10 1.877386e-05 1.558337e-05
3.980000e-10 1.870157e-05 1.553011e-05
3.985000e-10 1.862946e-05 1.547690e-05
3.990000e-10 1.855752e-05 1.542373e-05
3.995000e-10 1.848575e-05 1.537060e-05
4.000000e-10 1.841415e-05 1.531753e-05
4.005000e-10 1.834273e-05 1.526450e-05
4.010000e-10 1.827149e-05 1.521152e-05
4.015000e-10 1.820042e-05 1.515860e-05
4.020000e-10 1.812953e-05 1.510574e-05
4.025000e-10 1.805881e-05 1.505293e-05
4.030000e-10 1.798828e-05 1.500017e-05
4.035000e-10 1.791792e-05 1.494748e-05
4.040000e-10 1.784775e-05 1.489485e-05
4.045000e-10 1.777775e-05 1.484229e-05
4.050000e-10 1.770794e-05 1.478979e-05
4.055000e-10 1.763830e-05 1.473735e-05
4.060000e-10 1.756885e-05 1.468499e-05
4.065000e-10 1.749958e-05 1.463269e-05
4.070000e-10 1.743050e-05 1.458047e-05
4.075000e-10 1.736160e-05 1.452832e-05
4.080000e-10 1.729289e-05 1.447624e-05
4.085000e-10 1.722436e-05 1.442424e-05
4.090000e-10 1.715601e-05 1.437232e-05
4.095000e-10 1.708785e-05 1.432047e-05
4.100000e-10 1.701988e-05 1.426871e-05
4.105000e-10 1.695210e-05 1.421702e-05
4.110000e-10 1.688450e-05 1.416542e-05
4.115000e-10 1.681709e-05 1.411390e-05
4.120000e-10 1.674987e-05 1.406247e-05
4.125000e-10 1.668284e-05 1.401113e-05
4.130000e-10 1.661600e-05 1.395987e-05
4.135000e-10 1.654934e-05 1.390869e-05
4.140000e-10 1.648288e-05 1.385761e-05
4.145000e-10 1.641661e-05 1.380662e-05
4.150000e-10 1.635052e-05 1.375572e-05
4.155000e-10 1.628463e-05 1.370492e-05
4.160000e-10 1.621893e-05 1.365421e-05
4.165000e-10 1.615342e-05 1.360359e-05
4.170000e-10 1.608810e-05 1.355307e-05
4.175000e-10 1.602298e-05 1.350265e-05
4.180000e-10 1.595804e-05 1.345232e-05
4.185000e-10 1.589330e-05 1.340209e-05
4.190000e-10 1.582875e-05 1.335197e-05
4.195000e-10 1.576440e-05 1.330194e-05
4.200000e-10 1.570023e-05 1.325202e-05
4.205000e-10 1.563626e-05 1.320219e-05
4.210000e-10 1.557249e-05 1.315248e-05
4.215000e-10 1.550890e-05 1.310286e-05
4.220000e-10 1.544551e-05 1.305335e-05
4.225000e-10 1.538232e-05 1.300395e-05
4.230000e-10 1.531931e-05 1.295465e-05
4.235000e-10 1.525651e-05 1.290546e-05
4.240000e-10 1.519389e-05 1.285638e-05
4.245000e-10 1.513147e-05 1.280741e-05
4.250000e-10 1.506925e-05 1.275855e-05
4.255000e-10 1.500721e-05 1.270980e-05
4.260000e-10 1.494538e-05 1.266116e-05
4.265000e-10 1.488373e-05 1.261263e-05
4.270000e-10 1.482229e-05 1.256421e-05
4.275000e-10 1.476103e-05 1.251591e-05
4.280000e-10 1.469997e-05 1.246772e-05
4.285000e-10 1.463911e-05 1.241964e-05
4.290000e-10 1.457844e-05 1.237168e-05
4.295000e-10 1.451796e-05 1.232383e-05
4.300000e-10 1.445768e-05 1.227610e-05
4.305000e-10 1.439759e-05 1.222849e-05
4.310000e-10 1.433770e-05 1.218099e-05
4.315000e-10 1.427800e-05 1.213361e-05
4.320000e-10 1.421850e-05 1.208635e-05
4.325000e-10 1.415919e-05 1.203921e-05
4.330000e-10 1.410007e-05 1.199219e-05
4.335000e-10 1.404115e-05 1.194528e-05
4.340000e-10 1.398242e-05 1.189850e-05
4.345000e-10 1.392389e-05 1.185183e-05
4.350000e-10 1.386555e-05 1.180529e-05
4.355000e-10 1.380740e-05 1.175887e-05
4.360000e-10 1.374945e-05 1.171257e-05
4.365000e-10 1.369169e-05 1.166639e-05
4.370000e-10 1.363413e-05 1.162033e-05
4.375000e-10 1.357675e-05 1.157440e-05
4.380000e-10 1.351957e-05 1.152859e-05
4.385000e-10 1.346259e-05 1.148290e-05
4.390000e-10 1.340579e-05 1.143734e-05
4.395000e-10 1.334919e-05 1.139190e-05
4.400000e-10 1.329279e-05 1.134659e-05
4.405000e-10 1.323657e-05 1.130140e-05
4.410000e-10 1.318055e-05 1.125633e-05
4.415000e-10 1.312471e-05 1.121139e-05
4.420000e-10 1.306907e-05 1.116658e-05
4.425000e-10 1.301362e-05 1.112189e-05
4.430000e-10 1.295837e-05 1.107733e-05
4.435000e-10 1.290330e-05 1.103290e-05
4.440000e-10 1.284843e-05 1.098859e-05
4.445000e-10 1.279374e-05 1.094440e-05
4.450000e-10 1.273925e-05 1.090035e-05
4.455000e-10 1.268494e-05 1.085642e-05
4.460000e-10 1.263083e-05 1.081262e-05
4.465000e-10 1.257690e-05 1.076895e-05
4.470000e-10 1.252317e-05 1.072540e-05
4.475000e-10 1.246962e-05 1.068199e-05
4.480000e-10 1.241627e-05 1.063870e-05
4.485000e-10 1.236310e-05 1.059554e-05
4.490000e-10 1.231012e-05 1.055250e-05
4.495000e-10 1.225733e-05 1.050960e-05
4.500000e-10 1.220472e-05 1.046682e-05
4.505000e-10 1.215231e-05 1.042418e-05
4.510000e-10 1.210008e-05 1.038166e-05
4.515000e-10 1.204804e-05 1.033927e-05
4.520000e-10 1.199618e-05 1.029701e-05
4.525000e-10 1.194451e-05 1.025488e-05
4.530000e-10 1.189303e-05 1.021288e-05
4.535000e-10 1.184173e-05 1.017100e-05
4.540000e-10 1.179062e-05 1.012926e-05
4.545000e-10 1.173969e-05 1.008765e-05
4.550000e-10 1.168895e-05 1.004616e-05
4.555000e-10 1.163840e-05 1.000481e-05
4.560000e-10 1.158802e-05 9.963584e-06
4.565000e-10 1.153784e-05 9.922489e-06
4.570000e-10 1.148783e-05 9.881523e-06
4.575000e-10 1.143801e-05 9.840687e-06
4.580000e-10 1.138837e-05 9.799981e-06
4.585000e-10 1.133891e-05 9.759404e-06
4.590000e-10 1.128964e-05 9.718957e-06
4.595000e-10 1.124055e-05 9.678640e-06
4.600000e-10 1.119163e-05 9.638452e-06
4.605000e-10 1.114290e-05 9.598394e-06
4.610000e-10 1.109435e-05 9.558466e-06
4.615000e-10 1.104599e-05 9.518667e-06
4.620000e-10 1.099780e-05 9.478997e-06
4.625000e-10 1.094979e-05 9.439457e-06
4.630000e-10 1.090196e-05 9.400047e-06
4.635000e-10 1.085431e-05 9.360766e-06
4.640000e-10 1.080683e-05 9.321614e-06
4.645000e-10 1.075954e-05 9.282592e-06
4.650000e-10 1.071242e-05 9.243699e-06
4.655000e-10 1.066548e-05 9.204935e-06
4.660000e-10 1.061872e-05 9.166300e-06
4.665000e-10 1.057213e-05 9.127794e-06
4.670000e-10 1.052572e-05 9.089417e-06
4.675000e-10 1.047949e-05 9.051169e-06
4.680000e-10 1.043343e-05 9.013049e-06
4.685000e-10 1.038755e-05 8.975059e-06
4.690000e-10 1.034184e-05 8.937196e-06
4.695000e-10 1.029630e-05 8.899462e-06
4.700000e-10 1.025094e-05 8.861857e-06
4.705000e-10 1.020576e-05 8.824380e-06
4.710000e-10 1.016074e-05 8.787030e-06
4.715000e-10 1.011590e-05 8.749809e-06
4.720000e-10 1.007123e-05 8.712715e-06
4.725000e-10 1.002673e-05 8.675750e-06
4.730000e-10 9.982403e-06 8.638911e-06
4.735000e-10 9.938246e-06 8.602200e-06
4.740000e-10 9.894261e-06 8.565617e-06
4.745000e-10 9.850445e-06 8.529160e-06
4.750000e-10 9.806799e-06 8.492831e-06
4.755000e-10 9.763322e-06 8.456628e-06
4.760000e-10 9.720013e-06 8.420552e-06
4.765000e-10 9.676874e-06 8.384602e-06
4.770000e-10 9.633902e-06 8.348779e-06
4.775000e-10 9.591097e-06 8.313081e-06
4.780000e-10 9.548459e-06 8.277510e-06
4.785000e-10 9.505988e-06 8.242065e-06
4.790000e-10 9.463684e-06 8.206745e-06
4.795000e-10 9.421545e-06 8.171551e-06
4.800000e-10 9.379571e-06 8.136481e-06
4.805000e-10 9.337762e-06 8.101537e-06
4.810000e-10 9.296117e-06 8.066718e-06
4.815000e-10 9.254636e-06 8.032024e-06
4.820000e-10 9.213319e-06 7.997453e-06
4.825000e-10 9.172165e-06 7.963008e-06
4.830000e-10 9.131174e-06 7.928686e-06
4.835000e-10 9.090345e-06 7.894488e-06
4.840000e-10 9.049677e-06 7.860414e-06
4.845000e-10 9.009171e-06 7.826463e-06
4.850000e-10 8.968825e-06 7.792636e-06
4.855000e-10 8.928640e-06 7.758931e-06
4.860000e-10 8.888615e-06 7.725349e-06
4.865000e-10 8.848750e-06 7.691890e-06
4.870000e-10 8.809043e-06 7.658554e-06
4.875000e-10 8.769495e-06 7.625339e-06
4.880000e-10 8.730105e-06 7.592246e-06
4.885000e-10 8.690873e-06 7.559275e-06
4.890000e-10 8.651798e-06 7.526425e-06
4.895000e-10 8.612880e-06 7.493697e-06
4.900000e-10 8.574118e-06 7.461090e-06
4.905000e-10 8.535511e-06 7.428603e-06
4.910000e-10 8.497061e-06 7.396237e-06
4.915000e-10 8.458765e-06 7.363991e-06
4.920000e-10 8.420624e-06 7.331865e-06
4.925000e-10 8.382636e-06 7.299858e-06
4.930000e-10 8.344803e-06 7.267972e-06
4.935000e-10 8.307122e-06 7.236204e-06
4.940000e-10 8.269594e-06 7.204556e-06
4.945000e-10 8.232218e-06 7.173026e-06
4.950000e-10 8.194994e-06 7.141615e-06
4.955000e-10 8.157921e-06 7.110322e-06
4.960000e-10 8.120999e-06 7.079147e-06
4.965000e-10 8.084227e-06 7.048089e-06
4.970000e-10 8.047605e-06 7.017150e-06
4.975000e-10 8.011133e-06 6.986327e-06
4.980000e-10 7.974810e-06 6.955621e-06
4.985000e-10 7.938635e-06 6.925032e-06
4.990000e-10 7.902608e-06 6.894559e-06
4.995000e-10 7.866728e-06 6.864203e-06
5.000000e-10 7.830996e-06 6.833962e-06
5.005000e-10 7.795410e-06 6.803837e-06
5.010000e-10 7.759971e-06 6.773827e-06
5.015000e-10 7.724677e-06 6.743932e-06
5.020000e-10 7.689529e-06 6.714152e-06
5.025000e-10 7.654525e-06 6.684487e-06
5.030000e-10 7.619666e-06 6.654935e-06
5.035000e-10 7.584951e-06 6.625498e-06
5.040000e-10 7.550379e-06 6.596174e-06
5.045000e-10 7.515950e-06 6.566963e-06
5.050000e-10 7.481663e-06 6.537866e-06
5.055000e-10 7.447519e-06 6.508881e-06
5.060000e-10 7.413516e-06 6.480009e-06
5.065000e-10 7.379654e-06 6.451249e-06
5.070000e-10 7.345933e-06 6.422601e-06
5.075000e-10 7.312352e-06 6.394065e-06
5.080000e-10 7.278911e-06 6.365640e-06
5.085000e-10 7.245609e-06 6.337326e-06
5.090000e-10 7.212446e-06 6.309122e-06
5.095000e-10 7.179421e-06 6.281030e-06
5.100000e-10 7.146534e-06 6.253047e-06
5.105000e-10 7.113785e-06 6.225174e-06
5.110000e-10 7.081172e-06 6.197411e-06
5.115000e-10 7.048696e-06 6.169758e-06
5.120000e-10 7.016357e-06 6.142213e-06
5.125000e-10 6.984152e-06 6.114777e-06
5.130000e-10 6.952083e-06 6.087449e-06
5.135000e-10 6.920149e-06 6.060230e-06
5.140000e-10 6.888349e-06 6.033118e-06
5.145000e-10 6.856682e-06 6.006114e-06
5.150000e-10 6.825149e-06 5.979217e-06
5.155000e-10 6.793749e-06 5.952427e-06
5.160000e-10 6.762481e-06 5.925743e-06
5.165000e-10 6.731346e-06 5.899166e-06
5.170000e-10 6.700341e-06 5.872695e-06
5.175000e-10 6.669468e-06 5.846330e-06
5.180000e-10 6.638726e-06 5.820070e-06
5.185000e-10 6.608113e-06 5.793915e-06
5.190000e-10 6.577631e-06 5.767865e-06
5.195000e-10 6.547277e-06 5.741920e-06
5.200000e-10 6.517053e-06 5.716078e-06
5.205000e-10 6.486956e-06 5.690341e-06
5.210000e-10 6.456988e-06 5.664707e-06
5.215000e-10 6.427147e-06 5.639177e-06
5.220000e-10 6.397433e-06 5.613749e-06
5.225000e-10 6.367846e-06 5.588424e-06
5.230000e-10 6.338385e-06 5.563202e-06
5.235000e-10 6.309050e-06 5.538081e-06
5.240000e-10 6.279839e-06 5.513063e-06
5.245000e-10 6.250754e-06 5.488145e-06
5.250000e-10 6.221793e-06 5.463329e-06
5.255000e-10 6.192956e-06 5.438614e-06
5.260000e-10 6.164242e-06 5.413999e-06
5.265000e-10 6.135651e-06 5.389485e-06
5.270000e-10 6.107183e-06 5.365070e-06
5.275000e-10 6.078837e-06 5.340755e-06
5.280000e-10 6.050613e-06 5.316540e-06
5.285000e-10 6.022510e-06 5.292423e-06
5.290000e-10 5.994528e-06 5.268405e-06
5.295000e-10 5.966666e-06 5.244486e-06
5.300000e-10 5.938925e-06 5.220664e-06
5.305000e-10 5.911302e-06 5.196940e-06
5.310000e-10 5.883799e-06 5.173314e-06
5.315000e-10 5.856415e-06 5.149785e-06
5.320000e-10 5.829148e-06 5.126353e-06
5.325000e-10 5.802000e-06 5.103017e-06
5.330000e-10 5.774969e-06 5.079777e-06
5.335000e-10 5.748055e-06 5.056634e-06
5.340000e-10 5.721257e-06 5.033586e-06
5.345000e-10 5.694575e-06 5.010633e-06
5.350000e-10 5.668009e-06 4.987775e-06
5.355000e-10 5.641559e-06 4.965012e-06
5.360000e-10 5.615223e-06 4.942344e-06
5.365000e-10 5.589001e-06 4.919769e-06
5.370000e-10 5.562894e-06 4.897289e-06
5.375000e-10 5.536900e-06 4.874901e-06
5.380000e-10 5.511019e-06 4.852607e-06
5.385000e-10 5.485250e-06 4.830406e-06
5.390000e-10 5.459594e-06 4.808297e-06
5.395000e-10 5.434050e-06 4.786281e-06
5.400000e-10 5.408617e-06 4.764356e-06
5.405000e-10 5.383295e-06 4.742523e-06
5.410000e-10 5.358084e-06 4.720782e-06
5.415000e-10 5.332983e-06 4.699131e-06
5.420000e-10 5.307992e-06 4.677571e-06
5.425000e-10 5.283110e-06 4.656102e-06
5.430000e-10 5.258337e-06 4.634722e-06
5.435000e-10 5.233672e-06 4.613433e-06
5.440000e-10 5.209116e-06 4.592232e-06
5.445000e-10 5.184667e-06 4.571122e-06
5.450000e-10 5.160326e-06 4.550100e-06
5.455000e-10 5.136091e-06 4.529166e-06
5.460000e-10 5.111963e-06 4.508321e-06
5.465000e-10 5.087941e-06 4.487564e-06
5.470000e-10 5.064025e-06 4.466894e-06
5.475000e-10 5.040214e-06 4.446312e-06
5.480000e-10 5.016508e-06 4.425817e-06
5.485000e-10 4.992906e-06 4.405409e-06
5.490000e-10 4.969408e-06 4.385087e-06
5.495000e-10 4.946014e-06 4.364852e-06
5.500000e-10 4.922723e-06 4.344702e-06
5.505000e-10 4.899535e-06 4.324638e-06
5.510000e-10 4.876450e-06 4.304659e-06
5.515000e-10 4.853466e-06 4.284765e-06
5.520000e-10 4.830585e-06 4.264956e-06
5.525000e-10 4.807804e-06 4.245231e-06
5.530000e-10 4.785124e-06 4.225590e-06
5.535000e-10 4.762545e-06 4.206033e-06
5.540000e-10 4.740066e-06 4.186560e-06
5.545000e-10 4.717687e-06 4.167169e-06
5.550000e-10 4.695407e-06 4.147862e-06
5.555000e-10 4.673225e-06 4.128637e-06
5.560000e-10 4.651143e-06 4.109495e-06
5.565000e-10 4.629158e-06 4.090434e-06
5.570000e-10 4.607271e-06 4.071456e-06
5.575000e-10 4.585482e-06 4.052558e-06
5.580000e-10 4.563790e-06 4.033742e-06
5.585000e-10 4.542194e-06 4.015007e-06
5.590000e-10 4.520694e-06 3.996352e-06
5.595000e-10 4.499291e-06 3.977778e-06
5.600000e-10 4.477983e-06 3.959283e-06
5.605000e-10 4.456770e-06 3.940868e-06
5.610000e-10 4.435651e-06 3.922533e-06
5.615000e-10 4.414627e-06 3.904276e-06
5.620000e-10 4.393697e-06 3.886099e-06
5.625000e-10 4.372861e-06 3.868000e-06
5.630000e-10 4.352117e-06 3.849979e-06
5.635000e-10 4.331467e-06 3.832036e-06
5.640000e-10 4.310909e-06 3.814171e-06
5.645000e-10 4.290443e-06 3.796384e-06
5.650000e-10 4.270069e-06 3.778673e-06
5.655000e-10 4.249787e-06 3.761039e-06
5.660000e-10 4.229595e-06 3.743482e-06
5.665000e-10 4.209494e-06 3.726001e-06
5.670000e-10 4.189483e-06 3.708596e-06
5.675000e-10 4.169563e-06 3.691266e-06
5.680000e-10 4.149731e-06 3.674012e-06
5.685000e-10 4.129989e-06 3.656834e-06
5.690000e-10 4.110336e-06 3.639729e-06
5.695000e-10 4.090772e-06 3.622700e-06
5.700000e-10 4.071295e-06 3.605745e-06
5.705000e-10 4.051906e-06 3.588864e-06
5.710000e-10 4.032605e-06 3.572056e-06
5.715000e-10 4.013390e-06 3.555322e-06
5.720000e-10 3.994263e-06 3.538661e-06
5.725000e-10 3.975222e-06 3.522073e-06
5.730000e-10 3.956266e-06 3.505558e-06
5.735000e-10 3.937397e-06 3.489115e-06
5.740000e-10 3.918612e-06 3.472744e-06
5.745000e-10 3.899913e-06 3.456445e-06
5.750000e-10 3.881298e-06 3.440217e-06
5.755000e-10 3.862768e-06 3.424061e-06
5.760000e-10 3.844321e-06 3.407976e-06
5.765000e-10 3.825958e-06 3.391961e-06
5.770000e-10 3.807678e-06 3.376017e-06
5.775000e-10 3.789482e-06 3.360143e-06
5.780000e-10 3.771367e-06 3.344339e-06
5.785000e-10 3.753335e-06 3.328604e-06
5.790000e-10 3.735385e-06 3.312939e-06
5.795000e-10 3.717516e-06 3.297343e-06
5.800000e-10 3.699729e-06 3.281816e-06
5.805000e-10 3.682022e-06 3.266357e-06
5.810000e-10 3.664396e-06 3.250967e-06
5.815000e-10 3.646850e-06 3.235644e-06
5.820000e-10 3.629384e-06 3.220390e-06
5.825000e-10 3.611998e-06 3.205203e-06
5.830000e-10 3.594691e-06 3.190083e-06
5.835000e-10 3.577462e-06 3.175030e-06
5.840000e-10 3.560313e-06 3.160044e-06
5.845000e-10 3.543241e-06 3.145124e-06
5.850000e-10 3.526247e-06 3.130271e-06
5.855000e-10 3.509331e-06 3.115484e-06
5.860000e-10 3.492493e-06 3.100762e-06
5.865000e-10 3.475731e-06 3.086105e-06
5.870000e-10 3.459045e-06 3.071514e-06
5.875000e-10 3.442436e-06 3.056988e-06
5.880000e-10 3.425904e-06 3.042526e-06
5.885000e-10 3.409446e-06 3.028129e-06
5.890000e-10 3.393064e-06 3.013796e-06
5.895000e-10 3.376757e-06 2.999527e-06
5.900000e-10 3.360525e-06 2.985322e-06
5.905000e-10 3.344367e-06 2.971180e-06
5.910000e-10 3.328284e-06 2.957101e-06
5.915000e-10 3.312274e-06 2.943085e-06
5.920000e-10 3.296337e-06 2.929131e-06
5.925000e-10 3.280474e-06 2.915240e-06
5.930000e-10 3.264683e-06 2.901412e-06
5.935000e-10 3.248965e-06 2.887645e-06
5.940000e-10 3.233320e-06 2.873939e-06
5.945000e-10 3.217746e-06 2.860296e-06
5.950000e-10 3.202244e-06 2.846713e-06
5.955000e-10 3.186813e-06 2.833191e-06
5.960000e-10 3.171453e-06 2.819730e-06
5.965000e-10 3.156164e-06 2.806329e-06
5.970000e-10 3.140946e-06 2.792989e-06
5.975000e-10 3.125797e-06 2.779708e-06
5.980000e-10 3.110718e-06 2.766488e-06
5.985000e-10 3.095709e-06 2.753326e-06
5.990000e-10 3.080769e-06 2.740224e-06
5.995000e-10 3.065898e-06 2.727181e-06
6.000000e-10 3.051096e-06 2.714197e-06
6.005000e-10 3.036362e-06 2.701271e-06
6.010000e-10 3.021696e-06 2.688403e-06
6.015000e-10 3.007098e-06 2.675594e-06
6.020000e-10 2.992568e-06 2.662842e-06
6.025000e-10 2.978104e-06 2.650148e-06
6.030000e-10 2.963708e-06 2.637511e-06
6.035000e-10 2.949378e-06 2.624931e-06
6.040000e-10 2.935114e-06 2.612408e-06
6.045000e-10 2.920917e-06 2.599942e-06
6.050000e-10 2.906785e-06 2.587532e-06
6.055000e-10 2.892719e-06 2.575179e-06
6.060000e-10 2.878718e-06 2.562881e-06
6.065000e-10 2.864782e-06 2.550639e-06
6.070000e-10 2.850911e-06 2.538452e-06
6.075000e-10 2.837104e-06 2.526321e-06
6.080000e-10 2.823361e-06 2.514245e-06
6.085000e-10 2.809682e-06 2.502223e-06
6.090000e-10 2.796066e-06 2.490257e-06
6.095000e-10 2.782514e-06 2.478344e-06
6.100000e-10 2.769025e-06 2.466486e-06
6.105000e-10 2.755598e-06 2.454682e-06
6.110000e-10 2.742234e-06 2.442931e-06
6.115000e-10 2.728932e-06 2.431234e-06
6.120000e-10 2.715692e-06 2.419590e-06
6.125000e-10 2.702514e-06 2.407999e-06
6.130000e-10 2.689397e-06 2.396461e-06
6.135000e-10 2.676341e-06 2.384975e-06
6.140000e-10 2.663346e-06 2.373542e-06
6.145000e-10 2.650412e-06 2.362161e-06
6.150000e-10 2.637538e-06 2.350832e-06
6.155000e-10 2.624724e-06 2.339554e-06
6.160000e-10 2.611969e-06 2.328328e-06
6.165000e-10 2.599275e-06 2.317154e-06
6.170000e-10 2.586639e-06 2.306030e-06
6.175000e-10 2.574063e-06 2.294958e-06
6.180000e-10 2.561546e-06 2.283936e-06
6.185000e-10 2.549087e-06 2.272964e-06
6.190000e-10 2.536686e-06 2.262043e-06
6.195000e-10 2.524343e-06 2.251172e-06
6.200000e-10 2.512058e-06 2.240350e-06
6.205000e-10 2.499830e-06 2.229578e-06
6.210000e-10 2.487660e-06 2.218856e-06
6.215000e-10 2.475547e-06 2.208182e-06
6.220000e-10 2.463490e-06 2.197558e-06
6.225000e-10 2.451490e-06 2.186983e-06
6.230000e-10 2.439546e-06 2.176456e-06
6.235000e-10 2.427659e-06 2.165977e-06
6.240000e-10 2.415827e-06 2.155546e-06
6.245000e-10 2.404050e-06 2.145164e-06
6.250000e-10 2.392329e-06 2.134829e-06
6.255000e-10 2.380663e-06 2.124542e-06
6.260000e-10 2.369051e-06 2.114302e-06
6.265000e-10 2.357494e-06 2.104109e-06
6.270000e-10 2.345992e-06 2.093964e-06
6.275000e-10 2.334543e-06 2.083865e-06
6.280000e-10 2.323148e-06 2.073812e-06
6.285000e-10 2.311807e-06 2.063806e-06
6.290000e-10 2.300519e-06 2.053846e-06
6.295000e-10 2.289285e-06 2.043932e-06
6.300000e-10 2.278103e-06 2.034064e-06
6.305000e-10 2.266974e-06 2.024241e-06
6.310000e-10 2.255897e-06 2.014464e-06
6.315000e-10 2.244873e-06 2.004732e-06
6.320000e-10 2.233900e-06 1.995045e-06
6.325000e-10 2.222979e-06 1.985403e-06
6.330000e-10 2.212110e-06 1.975805e-06
6.335000e-10 2.201292e-06 1.966252e-06
6.340000e-10 2.190525e-06 1.956743e-06
6.345000e-10 2.179809e-06 1.947278e-06
6.350000e-10 2.169143e-06 1.937857e-06
6.355000e-10 2.158528e-06 1.928479e-06
6.360000e-10 2.147963e-06 1.919145e-06
6.365000e-10 2.137447e-06 1.909855e-06
6.370000e-10 2.126982e-06 1.900607e-06
6.375000e-10 2.116566e-06 1.891402e-06
6.380000e-10 2.106199e-06 1.882241e-06
6.385000e-10 2.095881e-06 1.873121e-06
6.390000e-10 2.085612e-06 1.864044e-06
6.395000e-10 2.075392e-06 1.855009e-06
6.400000e-10 2.065220e-06 1.846016e-06
6.405000e-10 2.055096e-06 1.837065e-06
6.410000e-10 2.045020e-06 1.828156e-06
6.415000e-10 2.034992e-06 1.819288e-06
6.420000e-10 2.025011e-06 1.810461e-06
6.425000e-10 2.015078e-06 1.801676e-06
6.430000e-10 2.005192e-06 1.792931e-06
6.435000e-10 1.995352e-06 1.784227e-06
6.440000e-10 1.985560e-06 1.775564e-06
6.445000e-10 1.975813e-06 1.766941e-06
6.450000e-10 1.966113e-06 1.758358e-06
6.455000e-10 1.956460e-06 1.749816e-06
6.460000e-10 1.946851e-06 1.741313e-06
6.465000e-10 1.937289e-06 1.732850e-06
6.470000e-10 1.927772e-06 1.724426e-06
6.475000e-10 1.918300e-06 1.716042e-06
6.480000e-10 1.908874e-06 1.707697e-06
6.485000e-10 1.899492e-06 1.699391e-06
6.490000e-10 1.890154e-06 1.691124e-06
6.495000e-10 1.880861e-06 1.682895e-06
6.500000e-10 1.871613e-06 1.674705e-06
6.505000e-10 1.862408e-06 1.666554e-06
6.510000e-10 1.853247e-06 1.658440e-06
6.515000e-10 1.844130e-06 1.650365e-06
6.520000e-10 1.835056e-06 1.642327e-06
6.525000e-10 1.826026e-06 1.634327e-06
6.530000e-10 1.817038e-06 1.626364e-06
6.535000e-10 1.808094e-06 1.618439e-06
6.540000e-10 1.799191e-06 1.610551e-06
6.545000e-10 1.790332e-06 1.602700e-06
6.550000e-10 1.781515e-06 1.594886e-06
6.555000e-10 1.772739e-06 1.587108e-06
6.560000e-10 1.764006e-06 1.579367e-06
6.565000e-10 1.755314e-06 1.571663e-06
6.570000e-10 1.746664e-06 1.563994e-06
6.575000e-10 1.738055e-06 1.556362e-06
6.580000e-10 1.729488e-06 1.548766e-06
6.585000e-10 1.720961e-06 1.541205e-06
6.590000e-10 1.712475e-06 1.533680e-06
6.595000e-10 1.704029e-06 1.526190e-06
6.600000e-10 1.695624e-06 1.518735e-06
6.605000e-10 1.687259e-06 1.511316e-06
6.610000e-10 1.678934e-06 1.503932e-06
6.615000e-10 1.670649e-06 1.496582e-06
6.620000e-10 1.662404e-06 1.489267e-06
6.625000e-10 1.654198e-06 1.481986e-06
6.630000e-10 1.646032e-06 1.474740e-06
6.635000e-10 1.637904e-06 1.467528e-06
6.640000e-10 1.629815e-06 1.460350e-06
6.645000e-10 1.621766e-06 1.453206e-06
6.650000e-10 1.613754e-06 1.446095e-06
6.655000e-10 1.605782e-06 1.439018e-06
6.660000e-10 1.597847e-06 1.431975e-06
6.665000e-10 1.589951e-06 1.424965e-06
6.670000e-10 1.582092e-06 1.417988e-06
6.675000e-10 1.574271e-06 1.411044e-06
6.680000e-10 1.566488e-06 1.404133e-06
6.685000e-10 1.558741e-06 1.397254e-06
6.690000e-10 1.551033e-06 1.390408e-06
6.695000e-10 1.543361e-06 1.383594e-06
6.700000e-10 1.535726e-06 1.376813e-06
6.705000e-10 1.528128e-06 1.370064e-06
6.710000e-10 1.520566e-06 1.363347e-06
6.715000e-10 1.513040e-06 1.356661e-06
6.720000e-10 1.505551e-06 1.350007e-06
6.725000e-10 1.498098e-06 1.343385e-06
6.730000e-10 1.490681e-06 1.336794e-06
6.735000e-10 1.483299e-06 1.330235e-06
6.740000e-10 1.475953e-06 1.323706e-06
6.745000e-10 1.468642e-06 1.317209e-06
6.750000e-10 1.461366e-06 1.310742e-06
6.755000e-10 1.454126e-06 1.304306e-06
6.760000e-10 1.446920e-06 1.297901e-06
6.765000e-10 1.439749e-06 1.291526e-06
6.770000e-10 1.432613e-06 1.285181e-06
6.775000e-10 1.425511e-06 1.278867e-06
6.780000e-10 1.418443e-06 1.272582e-06
6.785000e-10 1.411409e-06 1.266328e-06
6.790000e-10 1.404409e-06 1.260103e-06
6.795000e-10 1.397443e-06 1.253908e-06
6.800000e-10 1.390511e-06 1.247742e-06
6.805000e-10 1.383612e-06 1.241605e-06
6.810000e-10 1.376746e-06 1.235498e-06
6.815000e-10 1.369914e-06 1.229420e-06
6.820000e-10 1.363114e-06 1.223371e-06
6.825000e-10 1.356347e-06 1.217350e-06
6.830000e-10 1.349613e-06 1.211359e-06
6.835000e-10 1.342912e-06 1.205396e-06
6.840000e-10 1.336243e-06 1.199461e-06
6.845000e-10 1.329606e-06 1.193555e-06
6.850000e-10 1.323001e-06 1.187676e-06
6.855000e-10 1.316428e-06 1.181826e-06
6.860000e-10 1.309887e-06 1.176004e-06
6.865000e-10 1.303378e-06 1.170210e-06
6.870000e-10 1.296900e-06 1.164443e-06
6.875000e-10 1.290453e-06 1.158704e-06
6.880000e-10 1.284038e-06 1.152992e-06
6.885000e-10 1.277654e-06 1.147307e-06
6.890000e-10 1.271300e-06 1.141650e-06
6.895000e-10 1.264978e-06 1.136020e-06
6.900000e-10 1.258686e-06 1.130416e-06
6.905000e-10 1.252424e-06 1.124840e-06
6.910000e-10 1.246193e-06 1.119290e-06
6.915000e-10 1.239992e-06 1.113766e-06
6.920000e-10 1.233821e-06 1.108269e-06
6.925000e-10 1.227680e-06 1.102799e-06
6.930000e-10 1.221569e-06 1.097354e-06
6.935000e-10 1.215487e-06 1.091936e-06
6.940000e-10 1.209435e-06 1.086544e-06
6.945000e-10 1.203413e-06 1.081177e-06
6.950000e-10 1.197419e-06 1.075836e-06
6.955000e-10 1.191455e-06 1.070521e-06
6.960000e-10 1.185520e-06 1.065231e-06
6.965000e-10 1.179613e-06 1.059967e-06
6.970000e-10 1.173735e-06 1.054728e-06
6.975000e-10 1.167886e-06 1.049514e-06
6.980000e-10 1.162065e-06 1.044325e-06
6.985000e-10 1.156272e-06 1.039161e-06
6.990000e-10 1.150508e-06 1.034022e-06
6.995000e-10 1.144771e-06 1.028907e-06
7.000000e-10 1.139063e-06 1.023817e-06
7.005000e-10 1.133382e-06 1.018752e-06
7.010000e-10 1.127729e-06 1.013711e-06
7.015000e-10 1.122103e-06 1.008694e-06
7.020000e-10 1.116505e-06 1.003701e-06
7.025000e-10 1.110934e-06 9.987319e-07
7.030000e-10 1.105390e-06 9.937870e-07
7.035000e-10 1.099874e-06 9.888659e-07
7.040000e-10 1.094384e-06 9.839685e-07
7.045000e-10 1.088920e-06 9.790946e-07
7.050000e-10 1.083484e-06 9.742442e-07
7.055000e-10 1.078073e-06 9.694171e-07
7.060000e-10 1.072690e-06 9.646133e-07
7.065000e-10 1.067332e-06 9.598327e-07
7.070000e-10 1.062001e-06 9.550751e-07
7.075000e-10 1.056695e-06 9.503404e-07
7.080000e-10 1.051416e-06 9.456285e-07
7.085000e-10 1.046162e-06 9.409394e-07
7.090000e-10 1.040934e-06 9.362728e-07
7.095000e-10 1.035731e-06 9.316288e-07
7.100000e-10 1.030554e-06 9.270072e-07
7.105000e-10 1.025402e-06 9.224078e-07
7.110000e-10 1.020275e-06 9.178307e-07
7.115000e-10 1.015173e-06 9.132757e-07
7.120000e-10 1.010096e-06 9.087427e-07
7.125000e-10 1.005044e-06 9.042315e-07
7.130000e-10 1.000017e-06 8.997422e-07
7.135000e-10 9.950140e-07 8.952745e-07
7.140000e-10 9.900356e-07 8.908285e-07
7.145000e-10 9.850816e-07 8.864039e-07
7.150000e-10 9.801518e-07 8.820007e-07
7.155000e-10 9.752460e-07 8.776188e-07
7.160000e-10 9.703643e-07 8.732581e-07
7.165000e-10 9.655065e-07 8.689185e-07
7.170000e-10 9.606724e-07 8.645999e-07
7.175000e-10 9.558620e-07 8.603022e-07
7.180000e-10 9.510751e-07 8.560253e-07
7.185000e-10 9.463116e-07 8.517691e-07
7.190000e-10 9.415715e-07 8.475335e-07
7.195000e-10 9.368545e-07 8.433184e-07
7.200000e-10 9.321607e-07 8.391237e-07
7.205000e-10 9.274899e-07 8.349494e-07
7.210000e-10 9.228419e-07 8.307953e-07
7.215000e-10 9.182167e-07 8.266613e-07
7.220000e-10 9.136142e-07 8.225474e-07
7.225000e-10 9.090343e-07 8.184534e-07
7.230000e-10 9.044768e-07 8.143793e-07
7.235000e-10 8.999416e-07 8.103249e-07
7.240000e-10 8.954287e-07 8.062902e-07
7.245000e-10 8.909379e-07 8.022751e-07
7.250000e-10 8.864692e-07 7.982795e-07
7.255000e-10 8.820223e-07 7.943033e-07
7.260000e-10 8.775973e-07 7.903464e-07
7.265000e-10 8.731940e-07 7.864087e-07
7.270000e-10 8.688124e-07 7.824901e-07
7.275000e-10 8.644522e-07 7.785905e-07
7.280000e-10 8.601134e-07 7.747099e-07
7.285000e-10 8.557960e-07 7.708482e-07
7.290000e-10 8.514997e-07 7.670053e-07
7.295000e-10 8.472246e-07 7.631810e-07
7.300000e-10 8.429705e-07 7.593753e-07
7.305000e-10 8.387372e-07 7.555881e-07
7.310000e-10 8.345248e-07 7.518194e-07
7.315000e-10 8.303331e-07 7.480690e-07
7.320000e-10 8.261620e-07 7.443368e-07
7.325000e-10 8.220114e-07 7.406228e-07
7.330000e-10 8.178812e-07 7.369269e-07
7.335000e-10 8.137713e-07 7.332490e-07
7.340000e-10 8.096817e-07 7.295890e-07
7.345000e-10 8.056122e-07 7.259469e-07
7.350000e-10 8.015627e-07 7.223224e-07
7.355000e-10 7.975331e-07 7.187157e-07
7.360000e-10 7.935233e-07 7.151265e-07
7.365000e-10 7.895333e-07 7.115548e-07
7.370000e-10 7.855630e-07 7.080005e-07
7.375000e-10 7.816122e-07 7.044635e-07
7.380000e-10 7.776809e-07 7.009438e-07
7.385000e-10 7.737689e-07 6.974413e-07
7.390000e-10 7.698762e-07 6.939559e-07
7.395000e-10 7.660027e-07 6.904874e-07
7.400000e-10 7.621483e-07 6.870359e-07
7.405000e-10 7.583128e-07 6.836013e-07
7.410000e-10 7.544963e-07 6.801834e-07
7.415000e-10 7.506986e-07 6.767822e-07
7.420000e-10 7.469197e-07 6.733976e-07
7.425000e-10 7.431593e-07 6.700295e-07
7.430000e-10 7.394175e-07 6.666779e-07
7.435000e-10 7.356942e-07 6.633427e-07
7.440000e-10 7.319893e-07 6.600238e-07
7.445000e-10 7.283026e-07 6.567211e-07
7.450000e-10 7.246341e-07 6.534345e-07
7.455000e-10 7.209838e-07 6.501640e-07
7.460000e-10 7.173514e-07 6.469095e-07
7.465000e-10 7.137370e-07 6.436710e-07
7.470000e-10 7.101405e-07 6.404483e-07
7.475000e-10 7.065617e-07 6.372413e-07
7.480000e-10 7.030006e-07 6.340500e-07
7.485000e-10 6.994571e-07 6.308744e-07
7.490000e-10 6.959311e-07 6.277143e-07
7.495000e-10 6.924225e-07 6.245697e-07
7.500000e-10 6.889313e-07 6.214405e-07
7.505000e-10 6.854573e-07 6.183266e-07
7.510000e-10 6.820005e-07 6.152280e-07
7.515000e-10 6.785608e-07 6.121445e-07
7.520000e-10 6.751382e-07 6.090762e-07
7.525000e-10 6.717324e-07 6.060229e-07
7.530000e-10 6.683435e-07 6.029845e-07
7.535000e-10 6.649713e-07 5.999611e-07
7.540000e-10 6.616159e-07 5.969525e-07
7.545000e-10 6.582771e-07 5.939586e-07
7.550000e-10 6.549547e-07 5.909794e-07
7.555000e-10 6.516489e-07 5.880149e-07
7.560000e-10 6.483594e-07 5.850649e-07
7.565000e-10 6.450861e-07 5.821294e-07
7.570000e-10 6.418291e-07 5.792082e-07
7.575000e-10 6.385883e-07 5.763015e-07
7.580000e-10 6.353635e-07 5.734090e-07
7.585000e-10 6.321546e-07 5.705307e-07
7.590000e-10 6.289617e-07 5.676665e-07
7.595000e-10 6.257846e-07 5.648164e-07
7.600000e-10 6.226232e-07 5.619803e-07
7.605000e-10 6.194775e-07 5.591582e-07
7.610000e-10 6.163475e-07 5.563499e-07
7.615000e-10 6.132329e-07 5.535554e-07
7.620000e-10 6.101338e-07 5.507747e-07
7.625000e-10 6.070500e-07 5.480076e-07
7.630000e-10 6.039816e-07 5.452541e-07
7.635000e-10 6.009283e-07 5.425142e-07
7.640000e-10 5.978903e-07 5.397878e-07
7.645000e-10 5.948673e-07 5.370748e-07
7.650000e-10 5.918593e-07 5.343751e-07
7.655000e-10 5.888662e-07 5.316887e-07
7.660000e-10 5.858880e-07 5.290156e-07
7.665000e-10 5.829246e-07 5.263556e-07
7.670000e-10 5.799759e-07 5.237087e-07
7.675000e-10 5.770418e-07 5.210748e-07
7.680000e-10 5.741223e-07 5.184539e-07
7.685000e-10 5.712174e-07 5.158459e-07
7.690000e-10 5.683268e-07 5.132508e-07
7.695000e-10 5.654507e-07 5.106685e-07
7.700000e-10 5.625888e-07 5.080988e-07
7.705000e-10 5.597411e-07 5.055419e-07
7.710000e-10 5.569076e-07 5.029975e-07
7.715000e-10 5.540882e-07 5.004657e-07
7.720000e-10 5.512828e-07 4.979464e-07
7.725000e-10 5.484914e-07 4.954395e-07
7.730000e-10 5.457138e-07 4.929450e-07
7.735000e-10 5.429501e-07 4.904628e-07
7.740000e-10 5.402001e-07 4.879928e-07
7.745000e-10 5.374638e-07 4.855351e-07
7.750000e-10 5.347411e-07 4.830894e-07
7.755000e-10 5.320320e-07 4.806559e-07
7.760000e-10 5.293363e-07 4.782343e-07
7.765000e-10 5.266541e-07 4.758247e-07
7.770000e-10 5.239852e-07 4.734270e-07
7.775000e-10 5.213296e-07 4.710411e-07
7.780000e-10 5.186872e-07 4.686671e-07
7.785000e-10 5.160580e-07 4.663047e-07
7.790000e-10 5.134419e-07 4.639541e-07
7.795000e-10 5.108389e-07 4.616150e-07
7.800000e-10 5.082488e-07 4.592875e-07
7.805000e-10 5.056716e-07 4.569716e-07
7.810000e-10 5.031072e-07 4.546670e-07
7.815000e-10 5.005556e-07 4.523739e-07
7.820000e-10 4.980168e-07 4.500921e-07
7.825000e-10 4.954906e-07 4.478216e-07
7.830000e-10 4.929770e-07 4.455623e-07
7.835000e-10 4.904760e-07 4.433142e-07
7.840000e-10 4.879874e-07 4.410773e-07
7.845000e-10 4.855112e-07 4.388514e-07
7.850000e-10 4.830474e-07 4.366365e-07
7.855000e-10 4.805959e-07 4.344326e-07
7.860000e-10 4.781566e-07 4.322396e-07
7.865000e-10 4.757294e-07 4.300574e-07
7.870000e-10 4.733144e-07 4.278861e-07
7.875000e-10 4.709115e-07 4.257255e-07
7.880000e-10 4.685205e-07 4.235756e-07
7.885000e-10 4.661415e-07 4.214364e-07
7.890000e-10 4.637744e-07 4.193078e-07
7.895000e-10 4.614191e-07 4.171897e-07
7.900000e-10 4.590755e-07 4.150822e-07
7.905000e-10 4.567437e-07 4.129850e-07
7.910000e-10 4.544235e-07 4.108983e-07
7.915000e-10 4.521149e-07 4.088219e-07
7.920000e-10 4.498178e-07 4.067558e-07
7.925000e-10 4.475322e-07 4.047000e-07
7.930000e-10 4.452581e-07 4.026544e-07
7.935000e-10 4.429953e-07 4.006189e-07
7.940000e-10 4.407438e-07 3.985935e-07
7.945000e-10 4.385036e-07 3.965782e-07
7.950000e-10 4.362745e-07 3.945728e-07
7.955000e-10 4.340567e-07 3.925775e-07
7.960000e-10 4.318499e-07 3.905920e-07
7.965000e-10 4.296541e-07 3.886164e-07
7.970000e-10 4.274694e-07 3.866506e-07
7.975000e-10 4.252956e-07 3.846946e-07
7.980000e-10 4.231326e-07 3.827482e-07
7.985000e-10 4.209805e-07 3.808116e-07
7.990000e-10 4.188391e-07 3.788846e-07
7.995000e-10 4.167085e-07 3.769671e-07
8.000000e-10 4.145886e-07 3.750592e-07
8.005000e-10 4.124792e-07 3.731607e-07
8.010000e-10 4.103804e-07 3.712717e-07
8.015000e-10 4.082921e-07 3.693921e-07
8.020000e-10 4.062143e-07 3.675219e-07
8.025000e-10 4.041469e-07 3.656609e-07
8.030000e-10 4.020899e-07 3.638092e-07
8.035000e-10 4.000431e-07 3.619667e-07
8.040000e-10 3.980066e-07 3.601334e-07
8.045000e-10 3.959803e-07 3.583092e-07
8.050000e-10 3.939642e-07 3.564941e-07
8.055000e-10 3.919582e-07 3.546880e-07
8.060000e-10 3.899622e-07 3.528909e-07
8.065000e-10 3.879763e-07 3.511027e-07
8.070000e-10 3.860002e-07 3.493235e-07
8.075000e-10 3.840342e-07 3.475531e-07
8.080000e-10 3.820779e-07 3.457915e-07
8.085000e-10 3.801315e-07 3.440387e-07
8.090000e-10 3.781948e-07 3.422946e-07
8.095000e-10 3.762679e-07 3.405592e-07
8.100000e-10 3.743506e-07 3.388325e-07
8.105000e-10 3.724430e-07 3.371144e-07
8.110000e-10 3.705449e-07 3.354048e-07
8.115000e-10 3.686563e-07 3.337038e-07
8.120000e-10 3.667773e-07 3.320112e-07
8.125000e-10 3.649076e-07 3.303271e-07
8.130000e-10 3.630474e-07 3.286513e-07
8.135000e-10 3.611965e-07 3.269840e-07
8.140000e-10 3.593548e-07 3.253249e-07
8.145000e-10 3.575225e-07 3.236741e-07
8.150000e-10 3.556993e-07 3.220316e-07
8.155000e-10 3.538853e-07 3.203972e-07
8.160000e-10 3.520804e-07 3.187710e-07
8.165000e-10 3.502846e-07 3.171530e-07
8.170000e-10 3.484978e-07 3.155430e-07
8.175000e-10 3.467200e-07 3.139410e-07
8.180000e-10 3.449511e-07 3.123470e-07
8.185000e-10 3.431911e-07 3.107610e-07
8.190000e-10 3.414399e-07 3.091829e-07
8.195000e-10 3.396976e-07 3.076127e-07
8.200000e-10 3.379640e-07 3.060503e-07
8.205000e-10 3.362391e-07 3.044958e-07
8.210000e-10 3.345229e-07 3.029490e-07
8.215000e-10 3.328154e-07 3.014099e-07
8.220000e-10 3.311164e-07 2.998785e-07
8.225000e-10 3.294260e-07 2.983548e-07
8.230000e-10 3.277441e-07 2.968387e-07
8.235000e-10 3.260706e-07 2.953302e-07
8.240000e-10 3.244056e-07 2.938292e-07
8.245000e-10 3.227489e-07 2.923357e-07
8.250000e-10 3.211006e-07 2.908497e-07
8.255000e-10 3.194606e-07 2.893711e-07
8.260000e-10 3.178288e-07 2.878999e-07
8.265000e-10 3.162053e-07 2.864361e-07
8.270000e-10 3.145899e-07 2.849796e-07
8.275000e-10 3.129827e-07 2.835304e-07
8.280000e-10 3.113835e-07 2.820884e-07
8.285000e-10 3.097924e-07 2.806537e-07
8.290000e-10 3.082093e-07 2.792261e-07
8.295000e-10 3.066342e-07 2.778057e-07
8.300000e-10 3.050671e-07 2.763924e-07
8.305000e-10 3.035078e-07 2.749861e-07
8.310000e-10 3.019564e-07 2.735869e-07
8.315000e-10 3.004128e-07 2.721948e-07
8.320000e-10 2.988770e-07 2.708095e-07
8.325000e-10 2.973489e-07 2.694313e-07
8.330000e-10 2.958286e-07 2.680599e-07
8.335000e-10 2.943159e-07 2.666954e-07
8.340000e-10 2.928108e-07 2.653377e-07
8.345000e-10 2.913133e-07 2.639869e-07
8.350000e-10 2.898234e-07 2.626428e-07
8.355000e-10 2.883410e-07 2.613055e-07
8.360000e-10 2.868660e-07 2.599748e-07
8.365000e-10 2.853985e-07 2.586508e-07
8.370000e-10 2.839384e-07 2.573335e-07
8.375000e-10 2.824857e-07 2.560228e-07
8.380000e-10 2.810403e-07 2.547186e-07
8.385000e-10 2.796022e-07 2.534210e-07
8.390000e-10 2.781714e-07 2.521299e-07
8.395000e-10 2.767477e-07 2.508453e-07
8.400000e-10 2.753313e-07 2.495671e-07
8.405000e-10 2.739220e-07 2.482953e-07
8.410000e-10 2.725199e-07 2.470299e-07
8.415000e-10 2.711248e-07 2.457709e-07
8.420000e-10 2.697367e-07 2.445182e-07
8.425000e-10 2.683557e-07 2.432718e-07
8.430000e-10 2.669816e-07 2.420316e-07
8.435000e-10 2.656145e-07 2.407976e-07
8.440000e-10 2.642543e-07 2.395699e-07
8.445000e-10 2.629010e-07 2.383483e-07
8.450000e-10 2.615545e-07 2.371329e-07
8.455000e-10 2.602148e-07 2.359235e-07
8.460000e-10 2.588819e-07 2.347203e-07
8.465000e-10 2.575557e-07 2.335231e-07
8.470000e-10 2.562362e-07 2.323319e-07
8.475000e-10 2.549234e-07 2.311466e-07
8.480000e-10 2.536172e-07 2.299674e-07
8.485000e-10 2.523176e-07 2.287940e-07
8.490000e-10 2.510246e-07 2.276266e-07
8.495000e-10 2.497382e-07 2.264651e-07
8.500000e-10 2.484582e-07 2.253093e-07
8.505000e-10 2.471847e-07 2.241594e-07
8.510000e-10 2.459177e-07 2.230153e-07
8.515000e-10 2.446571e-07 2.218769e-07
8.520000e-10 2.434028e-07 2.207443e-07
8.525000e-10 2.421549e-07 2.196173e-07
8.530000e-10 2.409133e-07 2.184960e-07
8.535000e-10 2.396780e-07 2.173804e-07
8.540000e-10 2.384489e-07 2.162704e-07
8.545000e-10 2.372261e-07 2.151659e-07
8.550000e-10 2.360095e-07 2.140671e-07
8.555000e-10 2.347990e-07 2.129737e-07
8.560000e-10 2.335946e-07 2.118859e-07
8.565000e-10 2.323964e-07 2.108035e-07
8.570000e-10 2.312042e-07 2.097266e-07
8.575000e-10 2.300180e-07 2.086551e-07
8.580000e-10 2.288379e-07 2.075890e-07
8.585000e-10 2.276637e-07 2.065283e-07
8.590000e-10 2.264955e-07 2.054729e-07
8.595000e-10 2.253332e-07 2.044228e-07
8.600000e-10 2.241768e-07 2.033781e-07
8.605000e-10 2.230262e-07 2.023385e-07
8.610000e-10 2.218815e-07 2.013043e-07
8.615000e-10 2.207426e-07 2.002752e-07
8.620000e-10 2.196095e-07 1.992513e-07
8.625000e-10 2.184821e-07 1.982326e-07
8.630000e-10 2.173604e-07 1.972190e-07
8.635000e-10 2.162444e-07 1.962106e-07
8.640000e-10 2.151340e-07 1.952072e-07
8.645000e-10 2.140293e-07 1.942089e-07
8.650000e-10 2.129302e-07 1.932156e-07
8.655000e-10 2.118367e-07 1.922273e-07
8.660000e-10 2.107487e-07 1.912440e-07
8.665000e-10 2.096662e-07 1.902657e-07
8.670000e-10 2.085892e-07 1.892923e-07
8.675000e-10 2.075177e-07 1.883238e-07
8.680000e-10 2.064516e-07 1.873602e-07
8.685000e-10 2.053910e-07 1.864015e-07
8.690000e-10 2.043357e-07 1.854476e-07
8.695000e-10 2.032857e-07 1.844985e-07
8.700000e-10 2.022411e-07 1.835542e-07
8.705000e-10 2.012018e-07 1.826147e-07
8.710000e-10 2.001678e-07 1.816799e-07
8.715000e-10 1.991390e-07 1.807498e-07
8.720000e-10 1.981155e-07 1.798245e-07
8.725000e-10 1.970971e-07 1.789038e-07
8.730000e-10 1.960840e-07 1.779878e-07
8.735000e-10 1.950759e-07 1.770763e-07
8.740000e-10 1.940730e-07 1.761695e-07
8.745000e-10 1.930752e-07 1.752673e-07
8.750000e-10 1.920824e-07 1.743696e-07
8.755000e-10 1.910947e-07 1.734765e-07
8.760000e-10 1.901120e-07 1.725879e-07
8.765000e-10 1.891343e-07 1.717038e-07
8.770000e-10 1.881616e-07 1.708241e-07
8.775000e-10 1.871938e-07 1.699489e-07
8.780000e-10 1.862309e-07 1.690781e-07
8.785000e-10 1.852729e-07 1.682117e-07
8.790000e-10 1.843198e-07 1.673497e-07
8.795000e-10 1.833716e-07 1.664921e-07
8.800000e-10 1.824281e-07 1.656388e-07
8.805000e-10 1.814895e-07 1.647898e-07
8.810000e-10 1.805556e-07 1.639451e-07
8.815000e-10 1.796265e-07 1.631047e-07
8.820000e-10 1.787021e-07 1.622685e-07
8.825000e-10 1.777824e-07 1.614366e-07
8.830000e-10 1.768674e-07 1.606089e-07
8.835000e-10 1.759570e-07 1.597853e-07
8.840000e-10 1.750513e-07 1.589660e-07
8.845000e-10 1.741501e-07 1.581507e-07
8.850000e-10 1.732536e-07 1.573396e-07
8.855000e-10 1.723616e-07 1.565327e-07
8.860000e-10 1.714742e-07 1.557298e-07
8.865000e-10 1.705913e-07 1.549309e-07
8.870000e-10 1.697128e-07 1.541361e-07
8.875000e-10 1.688389e-07 1.533454e-07
8.880000e-10 1.679694e-07 1.525586e-07
8.885000e-10 1.671043e-07 1.517758e-07
8.890000e-10 1.662436e-07 1.509970e-07
8.895000e-10 1.653873e-07 1.502221e-07
8.900000e-10 1.645354e-07 1.494512e-07
8.905000e-10 1.636878e-07 1.486842e-07
8.910000e-10 1.628445e-07 1.479210e-07
8.915000e-10 1.620055e-07 1.471617e-07
8.920000e-10 1.611708e-07 1.464063e-07
8.925000e-10 1.603403e-07 1.456547e-07
8.930000e-10 1.595141e-07 1.449069e-07
8.935000e-10 1.586921e-07 1.441629e-07
8.940000e-10 1.578742e-07 1.434227e-07
8.945000e-10 1.570606e-07 1.426862e-07
8.950000e-10 1.562511e-07 1.419535e-07
8.955000e-10 1.554457e-07 1.412244e-07
8.960000e-10 1.546444e-07 1.404991e-07
8.965000e-10 1.538472e-07 1.397775e-07
8.970000e-10 1.530540e-07 1.390595e-07
8.975000e-10 1.522649e-07 1.383451e-07
8.980000e-10 1.514799e-07 1.376344e-07
8.985000e-10 1.506988e-07 1.369273e-07
8.990000e-10 1.499217e-07 1.362238e-07
8.995000e-10 1.491486e-07 1.355238e-07
9.000000e-10 1.483794e-07 1.348274e-07
9.005000e-10 1.476141e-07 1.341346e-07
9.010000e-10 1.468528e-07 1.334452e-07
9.015000e-10 1.460953e-07 1.327594e-07
9.020000e-10 1.453417e-07 1.320770e-07
9.025000e-10 1.445919e-07 1.313981e-07
9.030000e-10 1.438460e-07 1.307226e-07
9.035000e-10 1.431039e-07 1.300506e-07
9.040000e-10 1.423655e-07 1.293820e-07
9.045000e-10 1.416310e-07 1.287168e-07
9.050000e-10 1.409001e-07 1.280549e-07
9.055000e-10 1.401730e-07 1.273965e-07
9.060000e-10 1.394496e-07 1.267413e-07
9.065000e-10 1.387300e-07 1.260895e-07
9.070000e-10 1.380139e-07 1.254411e-07
9.075000e-10 1.373016e-07 1.247959e-07
9.080000e-10 1.365928e-07 1.241539e-07
9.085000e-10 1.358877e-07 1.235153e-07
9.090000e-10 1.351862e-07 1.228799e-07
9.095000e-10 1.344883e-07 1.222477e-07
9.100000e-10 1.337940e-07 1.216187e-07
9.105000e-10 1.331031e-07 1.209930e-07
9.110000e-10 1.324159e-07 1.203704e-07
9.115000e-10 1.317321e-07 1.197510e-07
9.120000e-10 1.310518e-07 1.191347e-07
9.125000e-10 1.303750e-07 1.185216e-07
9.130000e-10 1.297017e-07 1.179116e-07
9.135000e-10 1.290318e-07 1.173047e-07
9.140000e-10 1.283653e-07 1.167008e-07
9.145000e-10 1.277022e-07 1.161001e-07
9.150000e-10 1.270425e-07 1.155024e-07
9.155000e-10 1.263862e-07 1.149077e-07
9.160000e-10 1.257333e-07 1.143161e-07
9.165000e-10 1.250836e-07 1.137275e-07
9.170000e-10 1.244373e-07 1.131419e-07
9.175000e-10 1.237943e-07 1.125592e-07
9.180000e-10 1.231546e-07 1.119796e-07
9.185000e-10 1.225182e-07 1.114028e-07
9.190000e-10 1.218850e-07 1.108291e-07
9.195000e-10 1.212551e-07 1.102582e-07
9.200000e-10 1.206284e-07 1.096902e-07
9.205000e-10 1.200049e-07 1.091252e-07
9.210000e-10 1.193845e-07 1.085630e-07
9.215000e-10 1.187674e-07 1.080037e-07
9.220000e-10 1.181534e-07 1.074472e-07
9.225000e-10 1.175425e-07 1.068935e-07
9.230000e-10 1.169348e-07 1.063427e-07
9.235000e-10 1.163302e-07 1.057947e-07
9.240000e-10 1.157287e-07 1.052495e-07
9.245000e-10 1.151302e-07 1.047071e-07
9.250000e-10 1.145349e-07 1.041674e-07
9.255000e-10 1.139425e-07 1.036304e-07
9.260000e-10 1.133532e-07 1.030963e-07
9.265000e-10 1.127669e-07 1.025648e-07
9.270000e-10 1.121837e-07 1.020360e-07
9.275000e-10 1.116034e-07 1.015100e-07
9.280000e-10 1.110260e-07 1.009866e-07
9.285000e-10 1.104517e-07 1.004659e-07
9.290000e-10 1.098802e-07 9.994780e-08
9.295000e-10 1.093117e-07 9.943239e-08
9.300000e-10 1.087462e-07 9.891960e-08
9.305000e-10 1.081835e-07 9.840943e-08
9.310000e-10 1.076237e-07 9.790186e-08
9.315000e-10 1.070667e-07 9.739688e-08
9.320000e-10 1.065126e-07 9.689447e-08
9.325000e-10 1.059614e-07 9.639463e-08
9.330000e-10 1.054130e-07 9.589734e-08
9.335000e-10 1.048674e-07 9.540258e-08
9.340000e-10 1.043245e-07 9.491035e-08
9.345000e-10 1.037845e-07 9.442064e-08
9.350000e-10 1.032472e-07 9.393342e-08
9.355000e-10 1.027127e-07 9.344869e-08
9.360000e-10 1.021810e-07 9.296643e-08
9.365000e-10 1.016519e-07 9.248664e-08
9.370000e-10 1.011256e-07 9.200929e-08
9.375000e-10 1.006019e-07 9.153438e-08
9.380000e-10 1.000810e-07 9.106190e-08
9.385000e-10 9.956271e-08 9.059183e-08
9.390000e-10 9.904709e-08 9.012416e-08
9.395000e-10 9.853412e-08 8.965888e-08
9.400000e-10 9.802377e-08 8.919597e-08
9.405000e-10 9.751604e-08 8.873543e-08
9.410000e-10 9.701092e-08 8.827724e-08
9.415000e-10 9.650838e-08 8.782139e-08
9.420000e-10 9.600843e-08 8.736787e-08
9.425000e-10 9.551104e-08 8.691667e-08
9.430000e-10 9.501620e-08 8.646778e-08
9.435000e-10 9.452390e-08 8.602117e-08
9.440000e-10 9.403413e-08 8.557685e-08
9.445000e-10 9.354687e-08 8.513481e-08
9.450000e-10 9.306212e-08 8.469502e-08
9.455000e-10 9.257984e-08 8.425747e-08
9.460000e-10 9.210005e-08 8.382217e-08
9.465000e-10 9.162272e-08 8.338909e-08
9.470000e-10 9.114784e-08 8.295822e-08
9.475000e-10 9.067539e-08 8.252956e-08
9.480000e-10 9.020538e-08 8.210309e-08
9.485000e-10 8.973777e-08 8.167880e-08
9.490000e-10 8.927257e-08 8.125668e-08
9.495000e-10 8.880975e-08 8.083672e-08
9.500000e-10 8.834931e-08 8.041891e-08
9.505000e-10 8.789124e-08 8.000323e-08
9.510000e-10 8.743552e-08 7.958969e-08
9.515000e-10 8.698214e-08 7.917825e-08
9.520000e-10 8.653109e-08 7.876892e-08
9.525000e-10 8.608236e-08 7.836169e-08
9.530000e-10 8.563593e-08 7.795654e-08
9.535000e-10 8.519179e-08 7.755346e-08
9.540000e-10 8.474994e-08 7.715245e-08
9.545000e-10 8.431036e-08 7.675349e-08
9.550000e-10 8.387303e-08 7.635657e-08
9.555000e-10 8.343796e-08 7.596168e-08
9.560000e-10 8.300512e-08 7.556881e-08
9.565000e-10 8.257450e-08 7.517796e-08
9.570000e-10 8.214610e-08 7.478910e-08
9.575000e-10 8.171990e-08 7.440224e-08
9.580000e-10 8.129589e-08 7.401736e-08
9.585000e-10 8.087406e-08 7.363445e-08
9.590000e-10 8.045440e-08 7.325350e-08
9.595000e-10 8.003690e-08 7.287450e-08
9.600000e-10 7.962154e-08 7.249744e-08
9.605000e-10 7.920832e-08 7.212231e-08
9.610000e-10 7.879723e-08 7.174911e-08
9.615000e-10 7.838824e-08 7.137782e-08
9.620000e-10 7.798137e-08 7.100843e-08
9.625000e-10 7.757658e-08 7.064093e-08
9.630000e-10 7.717388e-08 7.027531e-08
9.635000e-10 7.677325e-08 6.991157e-08
9.640000e-10 7.637468e-08 6.954970e-08
9.645000e-10 7.597816e-08 6.918967e-08
9.650000e-10 7.558368e-08 6.883150e-08
9.655000e-10 7.519123e-08 6.847515e-08
9.660000e-10 7.480080e-08 6.812064e-08
9.665000e-10 7.441238e-08 6.776794e-08
9.670000e-10 7.402595e-08 6.741705e-08
9.675000e-10 7.364152e-08 6.706796e-08
9.680000e-10 7.325907e-08 6.672066e-08
9.685000e-10 7.287858e-08 6.637514e-08
9.690000e-10 7.250005e-08 6.603139e-08
9.695000e-10 7.212347e-08 6.568941e-08
9.700000e-10 7.174883e-08 6.534918e-08
9.705000e-10 7.137612e-08 6.501069e-08
9.710000e-10 7.100533e-08 6.467394e-08
9.715000e-10 7.063644e-08 6.433892e-08
9.720000e-10 7.026946e-08 6.400562e-08
9.725000e-10 6.990437e-08 6.367403e-08
9.730000e-10 6.954115e-08 6.334414e-08
9.735000e-10 6.917981e-08 6.301594e-08
9.740000e-10 6.882033e-08 6.268942e-08
9.745000e-10 6.846270e-08 6.236458e-08
9.750000e-10 6.810691e-08 6.204141e-08
9.755000e-10 6.775295e-08 6.171990e-08
9.760000e-10 6.740082e-08 6.140003e-08
9.765000e-10 6.705050e-08 6.108181e-08
9.770000e-10 6.670199e-08 6.076522e-08
9.775000e-10 6.635527e-08 6.045026e-08
9.780000e-10 6.601034e-08 6.013692e-08
9.785000e-10 6.566719e-08 5.982518e-08
9.790000e-10 6.532580e-08 5.951504e-08
9.795000e-10 6.498618e-08 5.920650e-08
9.800000e-10 6.464831e-08 5.889954e-08
9.805000e-10 6.431217e-08 5.859416e-08
9.810000e-10 6.397777e-08 5.829035e-08
9.815000e-10 6.364510e-08 5.798809e-08
9.820000e-10 6.331413e-08 5.768739e-08
9.825000e-10 6.298488e-08 5.738824e-08
9.830000e-10 6.265732e-08 5.709062e-08
9.835000e-10 6.233145e-08 5.679453e-08
9.840000e-10 6.200727e-08 5.649996e-08
9.845000e-10 6.168475e-08 5.620690e-08
9.850000e-10 6.136390e-08 5.591536e-08
9.855000e-10 6.104470e-08 5.562530e-08
9.860000e-10 6.072715e-08 5.533674e-08
9.865000e-10 6.041123e-08 5.504967e-08
9.870000e-10 6.009695e-08 5.476407e-08
9.875000e-10 5.978428e-08 5.447993e-08
9.880000e-10 5.947323e-08 5.419726e-08
9.885000e-10 5.916379e-08 5.391604e-08
9.890000e-10 5.885594e-08 5.363627e-08
9.895000e-10 5.854968e-08 5.335793e-08
9.900000e-10 5.824500e-08 5.308103e-08
9.905000e-10 5.794189e-08 5.280555e-08
9.910000e-10 5.764035e-08 5.253148e-08
9.915000e-10 5.734036e-08 5.225883e-08
9.920000e-10 5.704192e-08 5.198758e-08
9.925000e-10 5.674502e-08 5.171772e-08
9.930000e-10 5.644966e-08 5.144925e-08
9.935000e-10 5.615581e-08 5.118217e-08
9.940000e-10 5.586349e-08 5.091645e-08
9.945000e-10 5.557267e-08 5.065211e-08
9.950000e-10 5.528336e-08 5.038912e-08
9.955000e-10 5.499554e-08 5.012749e-08
9.960000e-10 5.470921e-08 4.986720e-08
9.965000e-10 5.442435e-08 4.960825e-08
9.970000e-10 5.414097e-08 4.935064e-08
9.975000e-10 5.385904e-08 4.909435e-08
9.980000e-10 5.357858e-08 4.883938e-08
9.985000e-10 5.329956e-08 4.858572e-08
9.990000e-10 5.302199e-08 4.833337e-08
9.995000e-10 5.274585e-08 4.808232e-08
1.000000e-09 5.247113e-08 4.783255e-08
1.000500e-09 5.219784e-08 4.758408e-08
1.001000e-09 5.192595e-08 4.733689e-08
1.001500e-09 5.165547e-08 4.709096e-08
1.002000e-09 5.138639e-08 4.684631e-08
1.002500e-09 5.111870e-08 4.660291e-08
1.003000e-09 5.085239e-08 4.636077e-08
1.003500e-09 5.058746e-08 4.611987e-08
1.004000e-09 5.032390e-08 4.588022e-08
1.004500e-09 5.006170e-08 4.564180e-08
1.005000e-09 4.980085e-08 4.540461e-08
1.005500e-09 4.954135e-08 4.516863e-08
1.006000e-09 4.928320e-08 4.493388e-08
1.006500e-09 4.902638e-08 4.470033e-08
1.007000e-09 4.877088e-08 4.446799e-08
1.007500e-09 4.851671e-08 4.423685e-08
1.008000e-09 4.826385e-08 4.400689e-08
1.008500e-09 4.801230e-08 4.377813e-08
1.009000e-09 4.776205e-08 4.355054e-08
1.009500e-09 4.751309e-08 4.332412e-08
1.010000e-09 4.726542e-08 4.309887e-08
1.010500e-09 4.701904e-08 4.287478e-08
1.011000e-09 4.677392e-08 4.265185e-08
1.011500e-09 4.653008e-08 4.243006e-08
1.012000e-09 4.628749e-08 4.220942e-08
1.012500e-09 4.604616e-08 4.198992e-08
1.013000e-09 4.580608e-08 4.177155e-08
1.013500e-09 4.556724e-08 4.155430e-08
1.014000e-09 4.532963e-08 4.133818e-08
1.014500e-09 4.509326e-08 4.112317e-08
1.015000e-09 4.485811e-08 4.090926e-08
1.015500e-09 4.462417e-08 4.069647e-08
1.016000e-09 4.439145e-08 4.048476e-08
1.016500e-09 4.415993e-08 4.027415e-08
1.017000e-09 4.392960e-08 4.006463e-08
1.017500e-09 4.370047e-08 3.985619e-08
1.018000e-09 4.347253e-08 3.964882e-08
1.018500e-09 4.324576e-08 3.944253e-08
1.019000e-09 4.302017e-08 3.923729e-08
1.019500e-09 4.279575e-08 3.903312e-08
1.020000e-09 4.257249e-08 3.883000e-08
1.020500e-09 4.235038e-08 3.862793e-08
1.021000e-09 4.212943e-08 3.842690e-08
1.021500e-09 4.190962e-08 3.822691e-08
1.022000e-09 4.169094e-08 3.802795e-08
1.022500e-09 4.147340e-08 3.783001e-08
1.023000e-09 4.125698e-08 3.763310e-08
1.023500e-09 4.104169e-08 3.743721e-08
1.024000e-09 4.082751e-08 3.724233e-08
1.024500e-09 4.061444e-08 3.704845e-08
1.025000e-09 4.040247e-08 3.685557e-08
1.025500e-09 4.019161e-08 3.666369e-08
1.026000e-09 3.998183e-08 3.647280e-08
1.026500e-09 3.977314e-08 3.628290e-08
1.027000e-09 3.956553e-08 3.609398e-08
1.027500e-09 3.935900e-08 3.590603e-08
1.028000e-09 3.915353e-08 3.571905e-08
1.028500e-09 3.894914e-08 3.553304e-08
1.029000e-09 3.874580e-08 3.534799e-08
1.029500e-09 3.854351e-08 3.516390e-08
1.030000e-09 3.834227e-08 3.498075e-08
1.030500e-09 3.814208e-08 3.479856e-08
1.031000e-09 3.794292e-08 3.461730e-08
1.031500e-09 3.774479e-08 3.443698e-08
1.032000e-09 3.754770e-08 3.425759e-08
1.032500e-09 3.735162e-08 3.407913e-08
1.033000e-09 3.715656e-08 3.390159e-08
1.033500e-09 3.696251e-08 3.372497e-08
1.034000e-09 3.676946e-08 3.354926e-08
1.034500e-09 3.657742e-08 3.337446e-08
1.035000e-09 3.638637e-08 3.320057e-08
1.035500e-09 3.619632e-08 3.302757e-08
1.036000e-09 3.600725e-08 3.285547e-08
1.036500e-09 3.581916e-08 3.268425e-08
1.037000e-09 3.563204e-08 3.251392e-08
1.037500e-09 3.544589e-08 3.234447e-08
1.038000e-09 3.526071e-08 3.217590e-08
1.038500e-09 3.507650e-08 3.200820e-08
1.039000e-09 3.489323e-08 3.184137e-08
1.039500e-09 3.471092e-08 3.167540e-08
1.040000e-09 3.452955e-08 3.151028e-08
1.040500e-09 3.434912e-08 3.134602e-08
1.041000e-09 3.416963e-08 3.118261e-08
1.041500e-09 3.399107e-08 3.102005e-08
1.042000e-09 3.381344e-08 3.085833e-08
1.042500e-09 3.363672e-08 3.069744e-08
1.043000e-09 3.346093e-08 3.053739e-08
1.043500e-09 3.328605e-08 3.037816e-08
1.044000e-09 3.311207e-08 3.021976e-08
1.044500e-09 3.293900e-08 3.006217e-08
1.045000e-09 3.276682e-08 2.990540e-08
1.045500e-09 3.259554e-08 2.974945e-08
1.046000e-09 3.242515e-08 2.959430e-08
1.046500e-09 3.225564e-08 2.943995e-08
1.047000e-09 3.208701e-08 2.928640e-08
1.047500e-09 3.191926e-08 2.913365e-08
1.048000e-09 3.175238e-08 2.898169e-08
1.048500e-09 3.158636e-08 2.883051e-08
1.049000e-09 3.142121e-08 2.868012e-08
1.049500e-09 3.125691e-08 2.853050e-08
1.050000e-09 3.109347e-08 2.838166e-08
1.050500e-09 3.093087e-08 2.823359e-08
1.051000e-09 3.076912e-08 2.808628e-08
1.051500e-09 3.060821e-08 2.793974e-08
1.052000e-09 3.044813e-08 2.779396e-08
1.052500e-09 3.028889e-08 2.764893e-08
1.053000e-09 3.013047e-08 2.750466e-08
1.053500e-09 2.997288e-08 2.736113e-08
1.054000e-09 2.981610e-08 2.721834e-08
1.054500e-09 2.966014e-08 2.707629e-08
1.055000e-09 2.950499e-08 2.693498e-08
1.055500e-09 2.935064e-08 2.679440e-08
1.056000e-09 2.919710e-08 2.665455e-08
1.056500e-09 2.904435e-08 2.651543e-08
1.057000e-09 2.889240e-08 2.637702e-08
1.057500e-09 2.874124e-08 2.623933e-08
1.058000e-09 2.859086e-08 2.610236e-08
1.058500e-09 2.844126e-08 2.596609e-08
1.059000e-09 2.829244e-08 2.583053e-08
1.059500e-09 2.814440e-08 2.569567e-08
1.060000e-09 2.799712e-08 2.556151e-08
1.060500e-09 2.785061e-08 2.542805e-08
1.061000e-09 2.770486e-08 2.529528e-08
1.061500e-09 2.755987e-08 2.516320e-08
1.062000e-09 2.741563e-08 2.503180e-08
1.062500e-09 2.727214e-08 2.490108e-08
1.063000e-09 2.712940e-08 2.477104e-08
1.063500e-09 2.698740e-08 2.464167e-08
1.064000e-09 2.684613e-08 2.451298e-08
1.064500e-09 2.670561e-08 2.438495e-08
1.065000e-09 2.656581e-08 2.425758e-08
1.065500e-09 2.642674e-08 2.413088e-08
1.066000e-09 2.628839e-08 2.400483e-08
1.066500e-09 2.615076e-08 2.387944e-08
1.067000e-09 2.601385e-08 2.375469e-08
1.067500e-09 2.587765e-08 2.363060e-08
1.068000e-09 2.574215e-08 2.350714e-08
1.068500e-09 2.560737e-08 2.338433e-08
1.069000e-09 2.547328e-08 2.326215e-08
1.069500e-09 2.533989e-08 2.314061e-08
1.070000e-09 2.520719e-08 2.301970e-08
1.070500e-09 2.507519e-08 2.289941e-08
1.071000e-09 2.494387e-08 2.277975e-08
1.071500e-09 2.481323e-08 2.266071e-08
1.072000e-09 2.468328e-08 2.254229e-08
1.072500e-09 2.455400e-08 2.242448e-08
1.073000e-09 2.442539e-08 2.230729e-08
1.073500e-09 2.429745e-08 2.219070e-08
1.074000e-09 2.417018e-08 2.207471e-08
1.074500e-09 2.404357e-08 2.195933e-08
1.075000e-09 2.391762e-08 2.184455e-08
1.075500e-09 2.379232e-08 2.173036e-08
1.076000e-09 2.366767e-08 2.161677e-08
1.076500e-09 2.354368e-08 2.150376e-08
1.077000e-09 2.342033e-08 2.139134e-08
1.077500e-09 2.329762e-08 2.127951e-08
1.078000e-09 2.317555e-08 2.116825e-08
1.078500e-09 2.305412e-08 2.105757e-08
1.079000e-09 2.293331e-08 2.094747e-08
1.079500e-09 2.281314e-08 2.083794e-08
1.080000e-09 2.269359e-08 2.072898e-08
1.080500e-09 2.257467e-08 2.062058e-08
1.081000e-09 2.245636e-08 2.051275e-08
1.081500e-09 2.233867e-08 2.040547e-08
1.082000e-09 2.222159e-08 2.029876e-08
1.082500e-09 2.210513e-08 2.019259e-08
1.083000e-09 2.198926e-08 2.008698e-08
1.083500e-09 2.187401e-08 1.998192e-08
1.084000e-09 2.175935e-08 1.987740e-08
1.084500e-09 2.164529e-08 1.977343e-08
1.085000e-09 2.153182e-08 1.966999e-08
1.085500e-09 2.141895e-08 1.956710e-08
1.086000e-09 2.130666e-08 1.946473e-08
1.086500e-09 2.119495e-08 1.936290e-08
1.087000e-09 2.108383e-08 1.926160e-08
1.087500e-09 2.097329e-08 1.916082e-08
1.088000e-09 2.086333e-08 1.906057e-08
1.088500e-09 2.075393e-08 1.896084e-08
1.089000e-09 2.064511e-08 1.886163e-08
1.089500e-09 2.053685e-08 1.876293e-08
1.090000e-09 2.042916e-08 1.866475e-08
1.090500e-09 2.032203e-08 1.856707e-08
1.091000e-09 2.021545e-08 1.846991e-08
1.091500e-09 2.010944e-08 1.837325e-08
1.092000e-09 2.000397e-08 1.827709e-08
1.092500e-09 1.989905e-08 1.818143e-08
1.093000e-09 1.979469e-08 1.808627e-08
1.093500e-09 1.969086e-08 1.799160e-08
1.094000e-09 1.958758e-08 1.789742e-08
1.094500e-09 1.948483e-08 1.780374e-08
1.095000e-09 1.938262e-08 1.771054e-08
1.095500e-09 1.928094e-08 1.761782e-08
1.096000e-09 1.917980e-08 1.752559e-08
1.096500e-09 1.907918e-08 1.743384e-08
1.097000e-09 1.897908e-08 1.734257e-08
1.097500e-09 1.887951e-08 1.725176e-08
1.098000e-09 1.878045e-08 1.716144e-08
1.098500e-09 1.868191e-08 1.707158e-08
1.099000e-09 1.858389e-08 1.698219e-08
1.099500e-09 1.848638e-08 1.689326e-08
1.100000e-09 1.838937e-08 1.680480e-08
1.100500e-09 1.829287e-08 1.671679e-08
1.101000e-09 1.819688e-08 1.662925e-08
1.101500e-09 1.810138e-08 1.654216e-08
1.102000e-09 1.800638e-08 1.645552e-08
1.102500e-09 1.791188e-08 1.636933e-08
1.103000e-09 1.781787e-08 1.628359e-08
1.103500e-09 1.772436e-08 1.619830e-08
1.104000e-09 1.763133e-08 1.611345e-08
1.104500e-09 1.753878e-08 1.602904e-08
1.105000e-09 1.744672e-08 1.594508e-08
1.105500e-09 1.735514e-08 1.586155e-08
1.106000e-09 1.726403e-08 1.577845e-08
1.106500e-09 1.717340e-08 1.569579e-08
1.107000e-09 1.708325e-08 1.561355e-08
1.107500e-09 1.699356e-08 1.553175e-08
1.108000e-09 1.690434e-08 1.545037e-08
1.108500e-09 1.681559e-08 1.536941e-08
1.109000e-09 1.672730e-08 1.528888e-08
1.109500e-09 1.663947e-08 1.520876e-08
1.110000e-09 1.655210e-08 1.512906e-08
1.110500e-09 1.646519e-08 1.504978e-08
1.111000e-09 1.637873e-08 1.497091e-08
1.111500e-09 1.629272e-08 1.489245e-08
1.112000e-09 1.620716e-08 1.481440e-08
1.112500e-09 1.612205e-08 1.473675e-08
1.113000e-09 1.603738e-08 1.465951e-08
1.113500e-09 1.595315e-08 1.458267e-08
1.114000e-09 1.586936e-08 1.450623e-08
1.114500e-09 1.578601e-08 1.443019e-08
1.115000e-09 1.570310e-08 1.435455e-08
1.115500e-09 1.562061e-08 1.427930e-08
1.116000e-09 1.553856e-08 1.420444e-08
1.116500e-09 1.545694e-08 1.412997e-08
1.117000e-09 1.537574e-08 1.405589e-08
1.117500e-09 1.529497e-08 1.398219e-08
1.118000e-09 1.521462e-08 1.390888e-08
1.118500e-09 1.513469e-08 1.383595e-08
1.119000e-09 1.505517e-08 1.376341e-08
1.119500e-09 1.497607e-08 1.369123e-08
1.120000e-09 1.489739e-08 1.361944e-08
1.120500e-09 1.481911e-08 1.354802e-08
1.121000e-09 1.474125e-08 1.347697e-08
1.121500e-09 1.466379e-08 1.340629e-08
1.122000e-09 1.458673e-08 1.333598e-08
1.122500e-09 1.451008e-08 1.326604e-08
1.123000e-09 1.443383e-08 1.319646e-08
1.123500e-09 1.435798e-08 1.312724e-08
1.124000e-09 1.428252e-08 1.305838e-08
1.124500e-09 1.420746e-08 1.298989e-08
1.125000e-09 1.413278e-08 1.292175e-08
1.125500e-09 1.405850e-08 1.285396e-08
1.126000e-09 1.398461e-08 1.278653e-08
1.126500e-09 1.391111e-08 1.271945e-08
1.127000e-09 1.383798e-08 1.265272e-08
1.127500e-09 1.376524e-08 1.258634e-08
1.128000e-09 1.369288e-08 1.252030e-08
1.128500e-09 1.362090e-08 1.245461e-08
1.129000e-09 1.354930e-08 1.238926e-08
1.129500e-09 1.347806e-08 1.232425e-08
1.130000e-09 1.340721e-08 1.225958e-08
1.130500e-09 1.333672e-08 1.219525e-08
1.131000e-09 1.326660e-08 1.213125e-08
1.131500e-09 1.319684e-08 1.206759e-08
1.132000e-09 1.312745e-08 1.200426e-08
1.132500e-09 1.305843e-08 1.194126e-08
1.133000e-09 1.298976e-08 1.187858e-08
1.133500e-09 1.292146e-08 1.181624e-08
1.134000e-09 1.285351e-08 1.175422e-08
1.134500e-09 1.278591e-08 1.169252e-08
1.135000e-09 1.271867e-08 1.163115e-08
1.135500e-09 1.265178e-08 1.157009e-08
1.136000e-09 1.258525e-08 1.150935e-08
1.136500e-09 1.251905e-08 1.144894e-08
1.137000e-09 1.245321e-08 1.138883e-08
1.137500e-09 1.238771e-08 1.132904e-08
1.138000e-09 1.232255e-08 1.126956e-08
1.138500e-09 1.225773e-08 1.121039e-08
1.139000e-09 1.219325e-08 1.115153e-08
1.139500e-09 1.212911e-08 1.109298e-08
1.140000e-09 1.206531e-08 1.103474e-08
1.140500e-09 1.200184e-08 1.097679e-08
1.141000e-09 1.193870e-08 1.091915e-08
1.141500e-09 1.187589e-08 1.086181e-08
1.142000e-09 1.181341e-08 1.080477e-08
1.142500e-09 1.175125e-08 1.074803e-08
1.143000e-09 1.168942e-08 1.069158e-08
1.143500e-09 1.162792e-08 1.063543e-08
1.144000e-09 1.156673e-08 1.057957e-08
1.144500e-09 1.150587e-08 1.052401e-08
1.145000e-09 1.144532e-08 1.046873e-08
1.145500e-09 1.138510e-08 1.041374e-08
1.146000e-09 1.132518e-08 1.035904e-08
1.146500e-09 1.126558e-08 1.030463e-08
1.147000e-09 1.120630e-08 1.025049e-08
1.147500e-09 1.114732e-08 1.019665e-08
1.148000e-09 1.108865e-08 1.014308e-08
1.148500e-09 1.103029e-08 1.008979e-08
1.149000e-09 1.097223e-08 1.003678e-08
1.149500e-09 1.091448e-08 9.984048e-09
1.150000e-09 1.085703e-08 9.931591e-09
1.150500e-09 1.079988e-08 9.879408e-09
1.151000e-09 1.074303e-08 9.827497e-09
1.151500e-09 1.068648e-08 9.775858e-09
1.152000e-09 1.063022e-08 9.724488e-09
1.152500e-09 1.057426e-08 9.673387e-09
1.153000e-09 1.051859e-08 9.622552e-09
1.153500e-09 1.046321e-08 9.571983e-09
1.154000e-09 1.040813e-08 9.521679e-09
1.154500e-09 1.035333e-08 9.471637e-09
1.155000e-09 1.029882e-08 9.421856e-09
1.155500e-09 1.024459e-08 9.372336e-09
1.156000e-09 1.019065e-08 9.323074e-09
1.156500e-09 1.013699e-08 9.274070e-09
1.157000e-09 1.008361e-08 9.225322e-09
1.157500e-09 1.003051e-08 9.176829e-09
1.158000e-09 9.977686e-09 9.128589e-09
1.158500e-09 9.925141e-09 9.080601e-09
1.159000e-09 9.872872e-09 9.032864e-09
1.159500e-09 9.820876e-09 8.985377e-09
1.160000e-09 9.769152e-09 8.938137e-09
1.160500e-09 9.717700e-09 8.891145e-09
1.161000e-09 9.666517e-09 8.844398e-09
1.161500e-09 9.615602e-09 8.797896e-09
1.162000e-09 9.564954e-09 8.751636e-09
1.162500e-09 9.514571e-09 8.705619e-09
1.163000e-09 9.464452e-09 8.659842e-09
1.163500e-09 9.414596e-09 8.614305e-09
1.164000e-09 9.365001e-09 8.569005e-09
1.164500e-09 9.315666e-09 8.523942e-09
1.165000e-09 9.266589e-09 8.479115e-09
1.165500e-09 9.217770e-09 8.434523e-09
1.166000e-09 9.169206e-09 8.390163e-09
1.166500e-09 9.120897e-09 8.346036e-09
1.167000e-09 9.072841e-09 8.302139e-09
1.167500e-09 9.025037e-09 8.258472e-09
1.168000e-09 8.977483e-09 8.215033e-09
1.168500e-09 8.930179e-09 8.171822e-09
1.169000e-09 8.883123e-09 8.128836e-09
1.169500e-09 8.836313e-09 8.086075e-09
1.170000e-09 8.789749e-09 8.043538e-09
1.170500e-09 8.743428e-09 8.001224e-09
1.171000e-09 8.697351e-09 7.959130e-09
1.171500e-09 8.651515e-09 7.917257e-09
1.172000e-09 8.605919e-09 7.875603e-09
1.172500e-09 8.560563e-09 7.834167e-09
1.173000e-09 8.515444e-09 7.792948e-09
1.173500e-09 8.470562e-09 7.751945e-09
1.174000e-09 8.425915e-09 7.711155e-09
1.174500e-09 8.381502e-09 7.670580e-09
1.175000e-09 8.337322e-09 7.630216e-09
1.175500e-09 8.293374e-09 7.590064e-09
1.176000e-09 8.249656e-09 7.550122e-09
1.176500e-09 8.206167e-09 7.510389e-09
1.177000e-09 8.162907e-09 7.470864e-09
1.177500e-09 8.119873e-09 7.431546e-09
1.178000e-09 8.077065e-09 7.392434e-09
1.178500e-09 8.034482e-09 7.353526e-09
1.179000e-09 7.992122e-09 7.314822e-09
1.179500e-09 7.949984e-09 7.276320e-09
1.180000e-09 7.908067e-09 7.238020e-09
1.180500e-09 7.866370e-09 7.199921e-09
1.181000e-09 7.824892e-09 7.162021e-09
1.181500e-09 7.783631e-09 7.124319e-09
1.182000e-09 7.742587e-09 7.086815e-09
1.182500e-09 7.701758e-09 7.049507e-09
1.183000e-09 7.661143e-09 7.012394e-09
1.183500e-09 7.620742e-09 6.975476e-09
1.184000e-09 7.580552e-09 6.938751e-09
1.184500e-09 7.540573e-09 6.902219e-09
1.185000e-09 7.500804e-09 6.865877e-09
1.185500e-09 7.461244e-09 6.829726e-09
1.186000e-09 7.421891e-09 6.793764e-09
1.186500e-09 7.382745e-09 6.757991e-09
1.187000e-09 7.343804e-09 6.722405e-09
1.187500e-09 7.305068e-09 6.687005e-09
1.188000e-09 7.266534e-09 6.651791e-09
1.188500e-09 7.228203e-09 6.616761e-09
1.189000e-09 7.190074e-09 6.581914e-09
1.189500e-09 7.152144e-09 6.547251e-09
1.190000e-09 7.114413e-09 6.512768e-09
1.190500e-09 7.076881e-09 6.478467e-09
1.191000e-09 7.039545e-09 6.444345e-09
1.191500e-09 7.002406e-09 6.410401e-09
1.192000e-09 6.965461e-09 6.376636e-09
1.192500e-09 6.928711e-09 6.343047e-09
1.193000e-09 6.892153e-09 6.309635e-09
1.193500e-09 6.855787e-09 6.276397e-09
1.194000e-09 6.819612e-09 6.243334e-09
1.194500e-09 6.783627e-09 6.210444e-09
1.195000e-09 6.747831e-09 6.177726e-09
1.195500e-09 6.712223e-09 6.145180e-09
1.196000e-09 6.676802e-09 6.112804e-09
1.196500e-09 6.641567e-09 6.080598e-09
1.197000e-09 6.606517e-09 6.048561e-09
1.197500e-09 6.571651e-09 6.016691e-09
1.198000e-09 6.536968e-09 5.984989e-09
1.198500e-09 6.502467e-09 5.953453e-09
1.199000e-09 6.468148e-09 5.922082e-09
1.199500e-09 6.434008e-09 5.890875e-09
1.200000e-09 6.400048e-09 5.859832e-09
