0.000000e+00 0 0
5.000000e-13 0 0
1.000000e-12 0 0
1.500000e-12 0 0
2.000000e-12 0 0
2.500000e-12 0 0
3.000000e-12 0 0
3.500000e-12 0 0
4.000000e-12 0 0
4.500000e-12 0 0
5.000000e-12 0 0
5.500000e-12 0 0
6.000000e-12 0 0
6.500000e-12 0 0
7.000000e-12 0 0
7.500000e-12 0 0
8.000000e-12 0 0
8.500000e-12 0 0
9.000000e-12 0 0
9.500000e-12 0 0
1.000000e-11 0 0
1.050000e-11 0 0
1.100000e-11 0 0
1.150000e-11 0 0
1.200000e-11 0 0
1.250000e-11 0 0
1.300000e-11 0 0
1.350000e-11 0 0
1.400000e-11 0 0
1.450000e-11 0 0
1.500000e-11 0 0
1.550000e-11 0 0
1.600000e-11 0 0
1.650000e-11 0 0
1.700000e-11 0 0
1.750000e-11 0 0
1.800000e-11 0 0
1.850000e-11 0 0
1.900000e-11 0 0
1.950000e-11 0 0
2.000000e-11 0 0
2.050000e-11 0 0
2.100000e-11 0 0
2.150000e-11 0 0
2.200000e-11 0 0
2.250000e-11 0 0
2.300000e-11 0 0
2.350000e-11 0 0
2.400000e-11 0 0
2.450000e-11 0 0
2.500000e-11 0 0
2.550000e-11 0 0
2.600000e-11 0 0
2.650000e-11 0 0
2.700000e-11 0 0
2.750000e-11 0 0
2.800000e-11 0 0
2.850000e-11 0 0
2.900000e-11 0 0
2.950000e-11 0 0
3.000000e-11 0 0
3.050000e-11 0 0
3.100000e-11 0 0
3.150000e-11 0 0
3.200000e-11 0 0
3.250000e-11 0 0
3.300000e-11 0 0
3.350000e-11 0 0
3.400000e-11 0 0
3.450000e-11 0 0
3.500000e-11 0 0
3.550000e-11 0 0
3.600000e-11 0 0
3.650000e-11 0 0
3.700000e-11 0 0
3.750000e-11 0 0
3.800000e-11 0 0
3.850000e-11 0 0
3.900000e-11 0 0
3.950000e-11 0 0
4.000000e-11 0 0
4.050000e-11 0 0
4.100000e-11 0 0
4.150000e-11 0 0
4.200000e-11 0 0
4.250000e-11 0 0
4.300000e-11 0 0
4.350000e-11 0 0
4.400000e-11 0 0
4.450000e-11 0 0
4.500000e-11 0 0
4.550000e-11 0 0
4.600000e-11 0 0
4.650000e-11 0 0
4.700000e-11 0 0
4.750000e-11 0 0
4.800000e-11 0 0
4.850000e-11 0 0
4.900000e-11 0 0
4.950000e-11 0 0
5.000000e-11 0 0
5.050000e-11 0 0
5.100000e-11 0 0
5.150000e-11 0 0
5.200000e-11 0 0
5.250000e-11 0 0
5.300000e-11 0 0
5.350000e-11 0 0
5.400000e-11 0 0
5.450000e-11 0 0
5.500000e-11 0 0
5.550000e-11 0 0
5.600000e-11 0 0
5.650000e-11 0 0
5.700000e-11 0 0
5.750000e-11 0 0
5.800000e-11 0 0
5.850000e-11 0 0
5.900000e-11 0 0
5.950000e-11 0 0
6.000000e-11 0 0
6.050000e-11 0 0
6.100000e-11 0 0
6.150000e-11 0 0
6.200000e-11 0 0
6.250000e-11 0 0
6.300000e-11 0 0
6.350000e-11 0 0
6.400000e-11 0 0
6.450000e-11 0 0
6.500000e-11 0 0
6.550000e-11 0 0
6.600000e-11 0 0
6.650000e-11 0 0
6.700000e-11 0 0
6.750000e-11 0 0
6.800000e-11 0 0
6.850000e-11 0 0
6.900000e-11 0 0
6.950000e-11 0 0
7.000000e-11 0 0
7.050000e-11 0 0
7.100000e-11 0 0
7.150000e-11 0 0
7.200000e-11 0 0
7.250000e-11 0 0
7.300000e-11 0 0
7.350000e-11 0 0
7.400000e-11 0 0
7.450000e-11 0 0
7.500000e-11 0 0
7.550000e-11 0 0
7.600000e-11 0 0
7.650000e-11 0 0
7.700000e-11 0 0
7.750000e-11 0 0
7.800000e-11 0 0
7.850000e-11 0 0
7.900000e-11 0 0
7.950000e-11 0 0
8.000000e-11 0 0
8.050000e-11 0 0
8.100000e-11 0 0
8.150000e-11 0 0
8.200000e-11 0 0
8.250000e-11 0 0
8.300000e-11 0 0
8.350000e-11 0 0
8.400000e-11 0 0
8.450000e-11 0 0
8.500000e-11 0 0
8.550000e-11 0 0
8.600000e-11 0 0
8.650000e-11 0 0
8.700000e-11 0 0
8.750000e-11 0 0
8.800000e-11 0 0
8.850000e-11 0 0
8.900000e-11 0 0
8.950000e-11 0 0
9.000000e-11 0 0
9.050000e-11 0 0
9.100000e-11 0 0
9.150000e-11 0 0
9.200000e-11 0 0
9.250000e-11 0 0
9.300000e-11 0 0
9.350000e-11 0 0
9.400000e-11 0 0
9.450000e-11 0 0
9.500000e-11 0 0
9.550000e-11 0 0
9.600000e-11 0 0
9.650000e-11 0 0
9.700000e-11 0 0
9.750000e-11 0 0
9.800000e-11 0 0
9.850000e-11 0 0
9.900000e-11 0 0
9.950000e-11 0 0
1.000000e-10 0 0
1.005000e-10 0 0
1.010000e-10 0 0
1.015000e-10 0 0
1.020000e-10 0 0
1.025000e-10 0 0
1.030000e-10 0 0
1.035000e-10 0 0
1.040000e-10 0 0
1.045000e-10 0 0
1.050000e-10 0 0
1.055000e-10 0 0
1.060000e-10 0 0
1.065000e-10 0 0
1.070000e-10 0 0
1.075000e-10 0 0
1.080000e-10 0 0
1.085000e-10 0 0
1.090000e-10 0 0
1.095000e-10 0 0
1.100000e-10 0 0
1.105000e-10 0 0
1.110000e-10 0 0
1.115000e-10 0 0
1.120000e-10 0 0
1.125000e-10 0 0
1.130000e-10 0 0
1.135000e-10 0 0
1.140000e-10 0 0
1.145000e-10 0 0
1.150000e-10 0 0
1.155000e-10 0 0
1.160000e-10 0 0
1.165000e-10 0 0
1.170000e-10 0 0
1.175000e-10 0 0
1.180000e-10 0 0
1.185000e-10 0 0
1.190000e-10 0 0
1.195000e-10 0 0
1.200000e-10 0 0
1.205000e-10 0 0
1.210000e-10 0 0
1.215000e-10 0 0
1.220000e-10 0 0
1.225000e-10 0 0
1.230000e-10 0 0
1.235000e-10 0 0
1.240000e-10 0 0
1.245000e-10 0 0
1.250000e-10 0 0
1.255000e-10 0 0
1.260000e-10 0 0
1.265000e-10 0 0
1.270000e-10 0 0
1.275000e-10 0 0
1.280000e-10 0 0
1.285000e-10 0 0
1.290000e-10 0 0
1.295000e-10 0 0
1.300000e-10 0 0
1.305000e-10 0 0
1.310000e-10 0 0
1.315000e-10 0 0
1.320000e-10 0 0
1.325000e-10 0 0
1.330000e-10 0 0
1.335000e-10 0 0
1.340000e-10 0 0
1.345000e-10 0 0
1.350000e-10 0 0
1.355000e-10 0 0
1.360000e-10 0 0
1.365000e-10 0 0
1.370000e-10 0 0
1.375000e-10 0 0
1.380000e-10 0 0
1.385000e-10 0 0
1.390000e-10 0 0
1.395000e-10 0 0
1.400000e-10 0 0
1.405000e-10 0 0
1.410000e-10 0 0
1.415000e-10 0 0
1.420000e-10 0 0
1.425000e-10 0 0
1.430000e-10 0 0
1.435000e-10 0 0
1.440000e-10 0 0
1.445000e-10 0 0
1.450000e-10 0 0
1.455000e-10 0 0
1.460000e-10 0 0
1.465000e-10 0 0
1.470000e-10 0 0
1.475000e-10 0 0
1.480000e-10 0 0
1.485000e-10 0 0
1.490000e-10 0 0
1.495000e-10 0 0
1.500000e-10 0 0
1.505000e-10 0 0
1.510000e-10 0 0
1.515000e-10 0 0
1.520000e-10 0 0
1.525000e-10 0 0
1.530000e-10 0 0
1.535000e-10 0 0
1.540000e-10 0 0
1.545000e-10 0 0
1.550000e-10 0 0
1.555000e-10 0 0
1.560000e-10 0 0
1.565000e-10 0 0
1.570000e-10 0 0
1.575000e-10 0 0
1.580000e-10 0 0
1.585000e-10 0 0
1.590000e-10 0 0
1.595000e-10 0 0
1.600000e-10 0 0
1.605000e-10 0 0
1.610000e-10 0 0
1.615000e-10 0 0
1.620000e-10 0 0
1.625000e-10 0 0
1.630000e-10 0 0
1.635000e-10 0 0
1.640000e-10 0 0
1.645000e-10 0 0
1.650000e-10 0 0
1.655000e-10 0 0
1.660000e-10 0 0
1.665000e-10 0 0
1.670000e-10 0 0
1.675000e-10 0 0
1.680000e-10 0 0
1.685000e-10 0 0
1.690000e-10 0 0
1.695000e-10 0 0
1.700000e-10 0 0
1.705000e-10 0 0
1.710000e-10 0 0
1.715000e-10 0 0
1.720000e-10 0 0
1.725000e-10 0 0
1.730000e-10 0 0
1.735000e-10 0 0
1.740000e-10 0 0
1.745000e-10 0 0
1.750000e-10 0 0
1.755000e-10 0 0
1.760000e-10 0 0
1.765000e-10 0 0
1.770000e-10 0 0
1.775000e-10 0 0
1.780000e-10 0 0
1.785000e-10 0 0
1.790000e-10 0 0
1.795000e-10 0 0
1.800000e-10 0 0
1.805000e-10 0 0
1.810000e-10 0 0
1.815000e-10 0 0
1.820000e-10 0 0
1.825000e-10 0 0
1.830000e-10 0 0
1.835000e-10 0 0
1.840000e-10 0 0
1.845000e-10 0 0
1.850000e-10 0 0
1.855000e-10 0 0
1.860000e-10 0 0
1.865000e-10 0 0
1.870000e-10 0 0
1.875000e-10 0 0
1.880000e-10 0 0
1.885000e-10 0 0
1.890000e-10 0 0
1.895000e-10 0 0
1.900000e-10 0 0
1.905000e-10 0 0
1.910000e-10 0 0
1.915000e-10 0 0
1.920000e-10 0 0
1.925000e-10 0 0
1.930000e-10 0 0
1.935000e-10 0 0
1.940000e-10 0 0
1.945000e-10 0 0
1.950000e-10 0 0
1.955000e-10 0 0
1.960000e-10 0 0
1.965000e-10 0 0
1.970000e-10 0 0
1.975000e-10 0 0
1.980000e-10 0 0
1.985000e-10 0 0
1.990000e-10 0 0
1.995000e-10 0 0
2.000000e-10 0 0
2.005000e-10 0 0
2.010000e-10 0 0
2.015000e-10 0 0
2.020000e-10 0 0
2.025000e-10 0 0
2.030000e-10 0 0
2.035000e-10 0 0
2.040000e-10 0 0
2.045000e-10 0 0
2.050000e-10 0 0
2.055000e-10 0 0
2.060000e-10 0 0
2.065000e-10 0 0
2.070000e-10 0 0
2.075000e-10 0 0
2.080000e-10 0 0
2.085000e-10 0 0
2.090000e-10 0 0
2.095000e-10 0 0
2.100000e-10 0 0
2.105000e-10 0 0
2.110000e-10 0 0
2.115000e-10 0 0
2.120000e-10 0 0
2.125000e-10 0 0
2.130000e-10 0 0
2.135000e-10 0 0
2.140000e-10 0 0
2.145000e-10 0 0
2.150000e-10 0 0
2.155000e-10 0 0
2.160000e-10 0 0
2.165000e-10 0 0
2.170000e-10 0 0
2.175000e-10 0 0
2.180000e-10 0 0
2.185000e-10 0 0
2.190000e-10 0 0
2.195000e-10 0 0
2.200000e-10 0 0
2.205000e-10 0 0
2.210000e-10 0 0
2.215000e-10 0 0
2.220000e-10 0 0
2.225000e-10 0 0
2.230000e-10 0 0
2.235000e-10 0 0
2.240000e-10 0 0
2.245000e-10 0 0
2.250000e-10 0 0
2.255000e-10 0 0
2.260000e-10 0 0
2.265000e-10 0 0
2.270000e-10 0 0
2.275000e-10 0 0
2.280000e-10 0 0
2.285000e-10 0 0
2.290000e-10 0 0
2.295000e-10 0 0
2.300000e-10 0 0
2.305000e-10 0 0
2.310000e-10 0 0
2.315000e-10 0 0
2.320000e-10 0 0
2.325000e-10 0 0
2.330000e-10 0 0
2.335000e-10 0 0
2.340000e-10 0 0
2.345000e-10 0 0
2.350000e-10 0 0
2.355000e-10 0 0
2.360000e-10 0 0
2.365000e-10 0 0
2.370000e-10 0 0
2.375000e-10 0 0
2.380000e-10 0 0
2.385000e-10 0 0
2.390000e-10 0 0
2.395000e-10 0 0
2.400000e-10 0 0
2.405000e-10 0 0
2.410000e-10 0 0
2.415000e-10 0 0
2.420000e-10 0 0
2.425000e-10 0 0
2.430000e-10 0 0
2.435000e-10 0 0
2.440000e-10 0 0
2.445000e-10 0 0
2.450000e-10 0 0
2.455000e-10 0 0
2.460000e-10 0 0
2.465000e-10 0 0
2.470000e-10 0 0
2.475000e-10 0 0
2.480000e-10 0 0
2.485000e-10 0 0
2.490000e-10 0 0
2.495000e-10 0 0
2.505000e-10 0.000000e+00 0
2.510000e-10 6.040556e-06 0
2.515000e-10 8.495309e-06 0
2.520000e-10 1.034694e-05 0
2.525000e-10 1.188143e-05 0
2.530000e-10 1.321025e-05 0
2.535000e-10 1.439093e-05 0
2.540000e-10 1.545786e-05 0
2.545000e-10 1.643360e-05 0
2.550000e-10 1.733390e-05 0
2.555000e-10 1.817030e-05 0
2.560000e-10 1.895160e-05 0
2.565000e-10 1.968463e-05 0
2.570000e-10 2.037491e-05 0
2.575000e-10 2.102690e-05 0
2.580000e-10 2.164433e-05 0
2.585000e-10 2.223032e-05 0
2.590000e-10 2.278754e-05 0
2.595000e-10 2.331828e-05 0
2.600000e-10 2.382453e-05 0
2.605000e-10 2.430803e-05 0
2.610000e-10 2.477032e-05 0
2.615000e-10 2.521277e-05 0
2.620000e-10 2.563660e-05 0
2.625000e-10 2.604290e-05 0
2.630000e-10 2.643267e-05 0
2.635000e-10 2.680680e-05 0
2.640000e-10 2.716610e-05 0
2.645000e-10 2.751134e-05 0
2.650000e-10 2.784319e-05 0
2.655000e-10 2.816228e-05 0
2.660000e-10 2.846921e-05 0
2.665000e-10 2.876449e-05 0
2.670000e-10 2.904865e-05 0
2.675000e-10 2.932214e-05 0
2.680000e-10 2.958541e-05 0
2.685000e-10 2.983884e-05 0
2.690000e-10 3.008284e-05 0
2.695000e-10 3.031776e-05 0
2.700000e-10 3.054392e-05 0
2.705000e-10 3.076166e-05 0
2.710000e-10 3.097127e-05 0
2.715000e-10 3.117302e-05 0
2.720000e-10 3.136720e-05 0
2.725000e-10 3.155405e-05 0
2.730000e-10 3.173382e-05 0
2.735000e-10 3.190672e-05 0
2.740000e-10 3.207299e-05 0
2.745000e-10 3.223283e-05 0
2.750000e-10 3.238643e-05 0
2.755000e-10 3.253399e-05 0
2.760000e-10 3.267568e-05 0
2.765000e-10 3.281168e-05 0
2.770000e-10 3.294215e-05 0
2.775000e-10 3.306726e-05 0
2.780000e-10 3.318715e-05 0
2.785000e-10 3.330196e-05 0
2.790000e-10 3.341185e-05 0
2.795000e-10 3.351694e-05 0
2.800000e-10 3.361736e-05 0
2.805000e-10 3.371324e-05 0.000000e+00
2.810000e-10 3.380469e-05 4.181923e-06
2.815000e-10 3.389184e-05 5.881367e-06
2.820000e-10 3.397480e-05 7.163268e-06
2.825000e-10 3.405366e-05 8.225604e-06
2.830000e-10 3.412854e-05 9.145555e-06
2.835000e-10 3.419954e-05 9.962950e-06
2.840000e-10 3.426676e-05 1.070160e-05
2.845000e-10 3.433028e-05 1.137711e-05
2.850000e-10 3.439020e-05 1.200039e-05
2.855000e-10 3.444660e-05 1.257944e-05
2.860000e-10 3.449958e-05 1.312034e-05
2.865000e-10 3.454921e-05 1.362782e-05
2.870000e-10 3.459557e-05 1.410570e-05
2.875000e-10 3.463875e-05 1.455708e-05
2.880000e-10 3.467882e-05 1.498453e-05
2.885000e-10 3.471584e-05 1.539022e-05
2.890000e-10 3.474989e-05 1.577599e-05
2.895000e-10 3.478105e-05 1.614342e-05
2.900000e-10 3.480937e-05 1.649390e-05
2.905000e-10 3.483492e-05 1.682863e-05
2.910000e-10 3.485777e-05 1.714868e-05
2.915000e-10 3.487798e-05 1.745499e-05
2.920000e-10 3.489560e-05 1.774841e-05
2.925000e-10 3.491070e-05 1.802970e-05
2.930000e-10 3.492333e-05 1.829954e-05
2.935000e-10 3.493354e-05 1.855855e-05
2.940000e-10 3.494140e-05 1.880730e-05
2.945000e-10 3.494695e-05 1.904631e-05
2.950000e-10 3.495024e-05 1.927605e-05
2.955000e-10 3.495133e-05 1.949697e-05
2.960000e-10 3.495026e-05 1.970945e-05
2.965000e-10 3.494708e-05 1.991388e-05
2.970000e-10 3.494183e-05 2.011060e-05
2.975000e-10 3.493457e-05 2.029995e-05
2.980000e-10 3.492533e-05 2.048220e-05
2.985000e-10 3.491416e-05 2.065766e-05
2.990000e-10 3.490109e-05 2.082658e-05
2.995000e-10 3.488618e-05 2.098922e-05
3.000000e-10 3.486947e-05 2.114579e-05
3.005000e-10 3.485098e-05 2.129653e-05
3.010000e-10 3.483075e-05 2.144165e-05
3.015000e-10 3.480884e-05 2.158132e-05
3.020000e-10 3.478526e-05 2.171575e-05
3.025000e-10 3.476007e-05 2.184511e-05
3.030000e-10 3.473328e-05 2.196956e-05
3.035000e-10 3.470495e-05 2.208927e-05
3.040000e-10 3.467509e-05 2.220438e-05
3.045000e-10 3.464375e-05 2.231503e-05
3.050000e-10 3.461095e-05 2.242137e-05
3.055000e-10 3.457672e-05 2.252353e-05
3.060000e-10 3.454110e-05 2.262162e-05
3.065000e-10 3.450412e-05 2.271578e-05
3.070000e-10 3.446581e-05 2.280611e-05
3.075000e-10 3.442619e-05 2.289272e-05
3.080000e-10 3.438529e-05 2.297572e-05
3.085000e-10 3.434314e-05 2.305520e-05
3.090000e-10 3.429977e-05 2.313128e-05
3.095000e-10 3.425520e-05 2.320403e-05
3.100000e-10 3.420946e-05 2.327356e-05
3.105000e-10 3.416258e-05 2.333993e-05
3.110000e-10 3.411457e-05 2.340325e-05
3.115000e-10 3.406547e-05 2.346358e-05
3.120000e-10 3.401530e-05 2.352101e-05
3.125000e-10 3.396408e-05 2.357561e-05
3.130000e-10 3.391183e-05 2.362745e-05
3.135000e-10 3.385858e-05 2.367661e-05
3.140000e-10 3.380435e-05 2.372314e-05
3.145000e-10 3.374916e-05 2.376711e-05
3.150000e-10 3.369303e-05 2.380860e-05
3.155000e-10 3.363599e-05 2.384765e-05
3.160000e-10 3.357805e-05 2.388432e-05
3.165000e-10 3.351923e-05 2.391868e-05
3.170000e-10 3.345955e-05 2.395078e-05
3.175000e-10 3.339904e-05 2.398067e-05
3.180000e-10 3.333770e-05 2.400841e-05
3.185000e-10 3.327557e-05 2.403404e-05
3.190000e-10 3.321265e-05 2.405762e-05
3.195000e-10 3.314897e-05 2.407919e-05
3.200000e-10 3.308455e-05 2.409880e-05
3.205000e-10 3.301939e-05 2.411649e-05
3.210000e-10 3.295352e-05 2.413230e-05
3.215000e-10 3.288696e-05 2.414629e-05
3.220000e-10 3.281972e-05 2.415849e-05
3.225000e-10 3.275181e-05 2.416895e-05
3.230000e-10 3.268326e-05 2.417769e-05
3.235000e-10 3.261407e-05 2.418476e-05
3.240000e-10 3.254427e-05 2.419020e-05
3.245000e-10 3.247386e-05 2.419404e-05
3.250000e-10 3.240287e-05 2.419632e-05
3.255000e-10 3.233130e-05 2.419707e-05
3.260000e-10 3.225918e-05 2.419633e-05
3.265000e-10 3.218651e-05 2.419413e-05
3.270000e-10 3.211331e-05 2.419050e-05
3.275000e-10 3.203959e-05 2.418547e-05
3.280000e-10 3.196537e-05 2.417907e-05
3.285000e-10 3.189065e-05 2.417134e-05
3.290000e-10 3.181546e-05 2.416230e-05
3.295000e-10 3.173980e-05 2.415197e-05
3.300000e-10 3.166368e-05 2.414040e-05
3.305000e-10 3.158713e-05 2.412760e-05
3.310000e-10 3.151014e-05 2.411360e-05
3.315000e-10 3.143273e-05 2.409843e-05
3.320000e-10 3.135492e-05 2.408211e-05
3.325000e-10 3.127671e-05 2.406466e-05
3.330000e-10 3.119811e-05 2.404612e-05
3.335000e-10 3.111915e-05 2.402650e-05
3.340000e-10 3.103981e-05 2.400583e-05
3.345000e-10 3.096013e-05 2.398413e-05
3.350000e-10 3.088010e-05 2.396142e-05
3.355000e-10 3.079974e-05 2.393773e-05
3.360000e-10 3.071906e-05 2.391307e-05
3.365000e-10 3.063807e-05 2.388747e-05
3.370000e-10 3.055677e-05 2.386094e-05
3.375000e-10 3.047518e-05 2.383351e-05
3.380000e-10 3.039331e-05 2.380520e-05
3.385000e-10 3.031116e-05 2.377602e-05
3.390000e-10 3.022874e-05 2.374599e-05
3.395000e-10 3.014607e-05 2.371514e-05
3.400000e-10 3.006315e-05 2.368347e-05
3.405000e-10 2.997999e-05 2.365101e-05
3.410000e-10 2.989659e-05 2.361778e-05
3.415000e-10 2.981298e-05 2.358379e-05
3.420000e-10 2.972915e-05 2.354905e-05
3.425000e-10 2.964511e-05 2.351359e-05
3.430000e-10 2.956088e-05 2.347742e-05
3.435000e-10 2.947645e-05 2.344056e-05
3.440000e-10 2.939184e-05 2.340301e-05
3.445000e-10 2.930705e-05 2.336481e-05
3.450000e-10 2.922210e-05 2.332595e-05
3.455000e-10 2.913698e-05 2.328645e-05
3.460000e-10 2.905171e-05 2.324634e-05
3.465000e-10 2.896629e-05 2.320562e-05
3.470000e-10 2.888073e-05 2.316430e-05
3.475000e-10 2.879503e-05 2.312241e-05
3.480000e-10 2.870921e-05 2.307995e-05
3.485000e-10 2.862327e-05 2.303693e-05
3.490000e-10 2.853721e-05 2.299338e-05
3.495000e-10 2.845105e-05 2.294929e-05
3.500000e-10 2.836479e-05 2.290469e-05
3.505000e-10 2.827843e-05 2.285958e-05
3.510000e-10 2.819198e-05 2.281398e-05
3.515000e-10 2.810544e-05 2.276790e-05
3.520000e-10 2.801883e-05 2.272134e-05
3.525000e-10 2.793215e-05 2.267433e-05
3.530000e-10 2.784540e-05 2.262687e-05
3.535000e-10 2.775859e-05 2.257897e-05
3.540000e-10 2.767172e-05 2.253065e-05
3.545000e-10 2.758481e-05 2.248190e-05
3.550000e-10 2.749784e-05 2.243276e-05
3.555000e-10 2.741084e-05 2.238321e-05
3.560000e-10 2.732381e-05 2.233328e-05
3.565000e-10 2.723674e-05 2.228297e-05
3.570000e-10 2.714966e-05 2.223229e-05
3.575000e-10 2.706255e-05 2.218126e-05
3.580000e-10 2.697542e-05 2.212987e-05
3.585000e-10 2.688829e-05 2.207814e-05
3.590000e-10 2.680115e-05 2.202609e-05
3.595000e-10 2.671401e-05 2.197371e-05
3.600000e-10 2.662687e-05 2.192101e-05
3.605000e-10 2.653974e-05 2.186801e-05
3.610000e-10 2.645262e-05 2.181471e-05
3.615000e-10 2.636552e-05 2.176112e-05
3.620000e-10 2.627843e-05 2.170725e-05
3.625000e-10 2.619138e-05 2.165311e-05
3.630000e-10 2.610435e-05 2.159869e-05
3.635000e-10 2.601735e-05 2.154402e-05
3.640000e-10 2.593039e-05 2.148910e-05
3.645000e-10 2.584346e-05 2.143394e-05
3.650000e-10 2.575659e-05 2.137853e-05
3.655000e-10 2.566976e-05 2.132290e-05
3.660000e-10 2.558298e-05 2.126704e-05
3.665000e-10 2.549625e-05 2.121097e-05
3.670000e-10 2.540958e-05 2.115469e-05
3.675000e-10 2.532298e-05 2.109820e-05
3.680000e-10 2.523644e-05 2.104152e-05
3.685000e-10 2.514996e-05 2.098465e-05
3.690000e-10 2.506356e-05 2.092759e-05
3.695000e-10 2.497723e-05 2.087035e-05
3.700000e-10 2.489098e-05 2.081295e-05
3.705000e-10 2.480481e-05 2.075537e-05
3.710000e-10 2.471873e-05 2.069764e-05
3.715000e-10 2.463273e-05 2.063975e-05
3.720000e-10 2.454682e-05 2.058172e-05
3.725000e-10 2.446100e-05 2.052354e-05
3.730000e-10 2.437528e-05 2.046522e-05
3.735000e-10 2.428966e-05 2.040677e-05
3.740000e-10 2.420414e-05 2.034820e-05
3.745000e-10 2.411872e-05 2.028950e-05
3.750000e-10 2.403340e-05 2.023068e-05
3.755000e-10 2.394820e-05 2.017175e-05
3.760000e-10 2.386311e-05 2.011272e-05
3.765000e-10 2.377813e-05 2.005358e-05
3.770000e-10 2.369326e-05 1.999435e-05
3.775000e-10 2.360852e-05 1.993502e-05
3.780000e-10 2.352389e-05 1.987561e-05
3.785000e-10 2.343939e-05 1.981611e-05
3.790000e-10 2.335502e-05 1.975653e-05
3.795000e-10 2.327077e-05 1.969688e-05
3.800000e-10 2.318665e-05 1.963716e-05
3.805000e-10 2.310266e-05 1.957737e-05
3.810000e-10 2.301881e-05 1.951752e-05
3.815000e-10 2.293510e-05 1.945761e-05
3.820000e-10 2.285152e-05 1.939765e-05
3.825000e-10 2.276808e-05 1.933764e-05
3.830000e-10 2.268478e-05 1.927758e-05
3.835000e-10 2.260163e-05 1.921748e-05
3.840000e-10 2.251862e-05 1.915735e-05
3.845000e-10 2.243576e-05 1.909717e-05
3.850000e-10 2.235305e-05 1.903697e-05
3.855000e-10 2.227049e-05 1.897674e-05
3.860000e-10 2.218809e-05 1.891648e-05
3.865000e-10 2.210583e-05 1.885621e-05
3.870000e-10 2.202374e-05 1.879592e-05
3.875000e-10 2.194180e-05 1.873561e-05
3.880000e-10 2.186002e-05 1.867529e-05
3.885000e-10 2.177840e-05 1.861497e-05
3.890000e-10 2.169694e-05 1.855464e-05
3.895000e-10 2.161565e-05 1.849431e-05
3.900000e-10 2.153453e-05 1.843399e-05
3.905000e-10 2.145357e-05 1.837366e-05
3.910000e-10 2.137277e-05 1.831335e-05
3.915000e-10 2.129215e-05 1.825305e-05
3.920000e-10 2.121170e-05 1.819276e-05
3.925000e-10 2.113142e-05 1.813249e-05
3.930000e-10 2.105131e-05 1.807224e-05
3.935000e-10 2.097138e-05 1.801201e-05
3.940000e-10 2.089162e-05 1.795181e-05
3.945000e-10 2.081204e-05 1.789163e-05
3.950000e-10 2.073264e-05 1.783148e-05
3.955000e-10 2.065342e-05 1.777137e-05
3.960000e-10 2.057438e-05 1.771129e-05
3.965000e-10 2.049552e-05 1.765125e-05
3.970000e-10 2.041684e-05 1.759125e-05
3.975000e-10 2.033835e-05 1.753129e-05
3.980000e-10 2.026004e-05 1.747138e-05
3.985000e-10 2.018191e-05 1.741151e-05
3.990000e-10 2.010398e-05 1.735170e-05
3.995000e-10 2.002623e-05 1.729193e-05
4.000000e-10 1.994867e-05 1.723222e-05
4.005000e-10 1.987129e-05 1.717256e-05
4.010000e-10 1.979411e-05 1.711297e-05
4.015000e-10 1.971712e-05 1.705343e-05
4.020000e-10 1.964032e-05 1.699395e-05
4.025000e-10 1.956371e-05 1.693454e-05
4.030000e-10 1.948730e-05 1.687520e-05
4.035000e-10 1.941108e-05 1.681592e-05
4.040000e-10 1.933506e-05 1.675671e-05
4.045000e-10 1.925923e-05 1.669757e-05
4.050000e-10 1.918360e-05 1.663851e-05
4.055000e-10 1.910816e-05 1.657952e-05
4.060000e-10 1.903292e-05 1.652061e-05
4.065000e-10 1.895788e-05 1.646178e-05
4.070000e-10 1.888304e-05 1.640303e-05
4.075000e-10 1.880840e-05 1.634436e-05
4.080000e-10 1.873396e-05 1.628577e-05
4.085000e-10 1.865972e-05 1.622727e-05
4.090000e-10 1.858568e-05 1.616886e-05
4.095000e-10 1.851184e-05 1.611053e-05
4.100000e-10 1.843821e-05 1.605230e-05
4.105000e-10 1.836477e-05 1.599415e-05
4.110000e-10 1.829154e-05 1.593610e-05
4.115000e-10 1.821852e-05 1.587814e-05
4.120000e-10 1.814569e-05 1.582028e-05
4.125000e-10 1.807308e-05 1.576252e-05
4.130000e-10 1.800066e-05 1.570485e-05
4.135000e-10 1.792846e-05 1.564728e-05
4.140000e-10 1.785645e-05 1.558981e-05
4.145000e-10 1.778466e-05 1.553245e-05
4.150000e-10 1.771307e-05 1.547519e-05
4.155000e-10 1.764169e-05 1.541803e-05
4.160000e-10 1.757051e-05 1.536098e-05
4.165000e-10 1.749954e-05 1.530404e-05
4.170000e-10 1.742878e-05 1.524720e-05
4.175000e-10 1.735823e-05 1.519048e-05
4.180000e-10 1.728788e-05 1.513386e-05
4.185000e-10 1.721774e-05 1.507735e-05
4.190000e-10 1.714782e-05 1.502096e-05
4.195000e-10 1.707810e-05 1.496468e-05
4.200000e-10 1.700859e-05 1.490852e-05
4.205000e-10 1.693929e-05 1.485247e-05
4.210000e-10 1.687019e-05 1.479654e-05
4.215000e-10 1.680131e-05 1.474072e-05
4.220000e-10 1.673264e-05 1.468502e-05
4.225000e-10 1.666418e-05 1.462944e-05
4.230000e-10 1.659592e-05 1.457398e-05
4.235000e-10 1.652788e-05 1.451865e-05
4.240000e-10 1.646005e-05 1.446343e-05
4.245000e-10 1.639243e-05 1.440834e-05
4.250000e-10 1.632502e-05 1.435337e-05
4.255000e-10 1.625782e-05 1.429852e-05
4.260000e-10 1.619082e-05 1.424380e-05
4.265000e-10 1.612404e-05 1.418921e-05
4.270000e-10 1.605748e-05 1.413474e-05
4.275000e-10 1.599112e-05 1.408039e-05
4.280000e-10 1.592497e-05 1.402618e-05
4.285000e-10 1.585903e-05 1.397209e-05
4.290000e-10 1.579331e-05 1.391814e-05
4.295000e-10 1.572779e-05 1.386431e-05
4.300000e-10 1.566248e-05 1.381061e-05
4.305000e-10 1.559739e-05 1.375705e-05
4.310000e-10 1.553251e-05 1.370362e-05
4.315000e-10 1.546783e-05 1.365031e-05
4.320000e-10 1.540337e-05 1.359715e-05
4.325000e-10 1.533912e-05 1.354411e-05
4.330000e-10 1.527508e-05 1.349121e-05
4.335000e-10 1.521124e-05 1.343844e-05
4.340000e-10 1.514762e-05 1.338581e-05
4.345000e-10 1.508421e-05 1.333331e-05
4.350000e-10 1.502101e-05 1.328095e-05
4.355000e-10 1.495802e-05 1.322873e-05
4.360000e-10 1.489524e-05 1.317664e-05
4.365000e-10 1.483267e-05 1.312469e-05
4.370000e-10 1.477030e-05 1.307288e-05
4.375000e-10 1.470815e-05 1.302120e-05
4.380000e-10 1.464621e-05 1.296966e-05
4.385000e-10 1.458447e-05 1.291827e-05
4.390000e-10 1.452294e-05 1.286701e-05
4.395000e-10 1.446163e-05 1.281589e-05
4.400000e-10 1.440052e-05 1.276491e-05
4.405000e-10 1.433962e-05 1.271407e-05
4.410000e-10 1.427892e-05 1.266338e-05
4.415000e-10 1.421844e-05 1.261282e-05
4.420000e-10 1.415816e-05 1.256240e-05
4.425000e-10 1.409809e-05 1.251213e-05
4.430000e-10 1.403823e-05 1.246200e-05
4.435000e-10 1.397858e-05 1.241201e-05
4.440000e-10 1.391913e-05 1.236216e-05
4.445000e-10 1.385989e-05 1.231246e-05
4.450000e-10 1.380085e-05 1.226289e-05
4.455000e-10 1.374202e-05 1.221347e-05
4.460000e-10 1.368340e-05 1.216420e-05
4.465000e-10 1.362498e-05 1.211507e-05
4.470000e-10 1.356677e-05 1.206608e-05
4.475000e-10 1.350876e-05 1.201723e-05
4.480000e-10 1.345095e-05 1.196853e-05
4.485000e-10 1.339336e-05 1.191998e-05
4.490000e-10 1.333596e-05 1.187157e-05
4.495000e-10 1.327877e-05 1.182330e-05
4.500000e-10 1.322178e-05 1.177518e-05
4.505000e-10 1.316500e-05 1.172720e-05
4.510000e-10 1.310842e-05 1.167937e-05
4.515000e-10 1.305204e-05 1.163168e-05
4.520000e-10 1.299586e-05 1.158413e-05
4.525000e-10 1.293989e-05 1.153674e-05
4.530000e-10 1.288411e-05 1.148949e-05
4.535000e-10 1.282854e-05 1.144238e-05
4.540000e-10 1.277317e-05 1.139542e-05
4.545000e-10 1.271800e-05 1.134860e-05
4.550000e-10 1.266303e-05 1.130193e-05
4.555000e-10 1.260826e-05 1.125541e-05
4.560000e-10 1.255369e-05 1.120903e-05
4.565000e-10 1.249932e-05 1.116280e-05
4.570000e-10 1.244515e-05 1.111671e-05
4.575000e-10 1.239118e-05 1.107077e-05
4.580000e-10 1.233740e-05 1.102498e-05
4.585000e-10 1.228382e-05 1.097933e-05
4.590000e-10 1.223044e-05 1.093383e-05
4.595000e-10 1.217726e-05 1.088847e-05
4.600000e-10 1.212427e-05 1.084326e-05
4.605000e-10 1.207148e-05 1.079819e-05
4.610000e-10 1.201888e-05 1.075327e-05
4.615000e-10 1.196648e-05 1.070850e-05
4.620000e-10 1.191428e-05 1.066387e-05
4.625000e-10 1.186227e-05 1.061939e-05
4.630000e-10 1.181045e-05 1.057505e-05
4.635000e-10 1.175883e-05 1.053086e-05
4.640000e-10 1.170740e-05 1.048682e-05
4.645000e-10 1.165617e-05 1.044292e-05
4.650000e-10 1.160512e-05 1.039916e-05
4.655000e-10 1.155427e-05 1.035555e-05
4.660000e-10 1.150361e-05 1.031209e-05
4.665000e-10 1.145315e-05 1.026877e-05
4.670000e-10 1.140287e-05 1.022559e-05
4.675000e-10 1.135278e-05 1.018256e-05
4.680000e-10 1.130288e-05 1.013968e-05
4.685000e-10 1.125318e-05 1.009694e-05
4.690000e-10 1.120366e-05 1.005435e-05
4.695000e-10 1.115433e-05 1.001190e-05
4.700000e-10 1.110519e-05 9.969589e-06
4.705000e-10 1.105623e-05 9.927427e-06
4.710000e-10 1.100747e-05 9.885409e-06
4.715000e-10 1.095889e-05 9.843535e-06
4.720000e-10 1.091050e-05 9.801805e-06
4.725000e-10 1.086229e-05 9.760218e-06
4.730000e-10 1.081427e-05 9.718775e-06
4.735000e-10 1.076643e-05 9.677475e-06
4.740000e-10 1.071878e-05 9.636319e-06
4.745000e-10 1.067132e-05 9.595305e-06
4.750000e-10 1.062403e-05 9.554434e-06
4.755000e-10 1.057693e-05 9.513706e-06
4.760000e-10 1.053001e-05 9.473121e-06
4.765000e-10 1.048328e-05 9.432677e-06
4.770000e-10 1.043673e-05 9.392376e-06
4.775000e-10 1.039036e-05 9.352217e-06
4.780000e-10 1.034416e-05 9.312199e-06
4.785000e-10 1.029815e-05 9.272323e-06
4.790000e-10 1.025232e-05 9.232588e-06
4.795000e-10 1.020667e-05 9.192994e-06
4.800000e-10 1.016120e-05 9.153542e-06
4.805000e-10 1.011591e-05 9.114229e-06
4.810000e-10 1.007079e-05 9.075058e-06
4.815000e-10 1.002586e-05 9.036026e-06
4.820000e-10 9.981096e-06 8.997135e-06
4.825000e-10 9.936512e-06 8.958384e-06
4.830000e-10 9.892105e-06 8.919772e-06
4.835000e-10 9.847873e-06 8.881299e-06
4.840000e-10 9.803817e-06 8.842966e-06
4.845000e-10 9.759935e-06 8.804771e-06
4.850000e-10 9.716228e-06 8.766715e-06
4.855000e-10 9.672694e-06 8.728798e-06
4.860000e-10 9.629333e-06 8.691018e-06
4.865000e-10 9.586145e-06 8.653377e-06
4.870000e-10 9.543130e-06 8.615873e-06
4.875000e-10 9.500286e-06 8.578506e-06
4.880000e-10 9.457614e-06 8.541277e-06
4.885000e-10 9.415112e-06 8.504185e-06
4.890000e-10 9.372781e-06 8.467229e-06
4.895000e-10 9.330619e-06 8.430409e-06
4.900000e-10 9.288627e-06 8.393726e-06
4.905000e-10 9.246804e-06 8.357178e-06
4.910000e-10 9.205149e-06 8.320766e-06
4.915000e-10 9.163662e-06 8.284489e-06
4.920000e-10 9.122342e-06 8.248348e-06
4.925000e-10 9.081189e-06 8.212341e-06
4.930000e-10 9.040203e-06 8.176468e-06
4.935000e-10 8.999382e-06 8.140730e-06
4.940000e-10 8.958727e-06 8.105125e-06
4.945000e-10 8.918236e-06 8.069654e-06
4.950000e-10 8.877910e-06 8.034317e-06
4.955000e-10 8.837748e-06 7.999112e-06
4.960000e-10 8.797749e-06 7.964040e-06
4.965000e-10 8.757913e-06 7.929101e-06
4.970000e-10 8.718239e-06 7.894293e-06
4.975000e-10 8.678727e-06 7.859618e-06
4.980000e-10 8.639377e-06 7.825074e-06
4.985000e-10 8.600188e-06 7.790661e-06
4.990000e-10 8.561158e-06 7.756379e-06
4.995000e-10 8.522289e-06 7.722228e-06
5.000000e-10 8.483579e-06 7.688207e-06
5.005000e-10 8.445028e-06 7.654316e-06
5.010000e-10 8.406635e-06 7.620555e-06
5.015000e-10 8.368401e-06 7.586924e-06
5.020000e-10 8.330323e-06 7.553421e-06
5.025000e-10 8.292402e-06 7.520047e-06
5.030000e-10 8.254638e-06 7.486802e-06
5.035000e-10 8.217030e-06 7.453685e-06
5.040000e-10 8.179577e-06 7.420695e-06
5.045000e-10 8.142279e-06 7.387834e-06
5.050000e-10 8.105135e-06 7.355099e-06
5.055000e-10 8.068145e-06 7.322491e-06
5.060000e-10 8.031309e-06 7.290010e-06
5.065000e-10 7.994625e-06 7.257655e-06
5.070000e-10 7.958094e-06 7.225426e-06
5.075000e-10 7.921715e-06 7.193323e-06
5.080000e-10 7.885487e-06 7.161345e-06
5.085000e-10 7.849410e-06 7.129491e-06
5.090000e-10 7.813483e-06 7.097763e-06
5.095000e-10 7.777706e-06 7.066158e-06
5.100000e-10 7.742079e-06 7.034678e-06
5.105000e-10 7.706600e-06 7.003321e-06
5.110000e-10 7.671270e-06 6.972088e-06
5.115000e-10 7.636088e-06 6.940977e-06
5.120000e-10 7.601053e-06 6.909990e-06
5.125000e-10 7.566165e-06 6.879124e-06
5.130000e-10 7.531423e-06 6.848380e-06
5.135000e-10 7.496828e-06 6.817758e-06
5.140000e-10 7.462378e-06 6.787258e-06
5.145000e-10 7.428073e-06 6.756878e-06
5.150000e-10 7.393912e-06 6.726619e-06
5.155000e-10 7.359895e-06 6.696480e-06
5.160000e-10 7.326022e-06 6.666461e-06
5.165000e-10 7.292291e-06 6.636562e-06
5.170000e-10 7.258703e-06 6.606782e-06
5.175000e-10 7.225257e-06 6.577121e-06
5.180000e-10 7.191953e-06 6.547579e-06
5.185000e-10 7.158789e-06 6.518155e-06
5.190000e-10 7.125767e-06 6.488848e-06
5.195000e-10 7.092884e-06 6.459660e-06
5.200000e-10 7.060140e-06 6.430588e-06
5.205000e-10 7.027536e-06 6.401634e-06
5.210000e-10 6.995070e-06 6.372796e-06
5.215000e-10 6.962743e-06 6.344074e-06
5.220000e-10 6.930553e-06 6.315468e-06
5.225000e-10 6.898500e-06 6.286977e-06
5.230000e-10 6.866584e-06 6.258602e-06
5.235000e-10 6.834804e-06 6.230341e-06
5.240000e-10 6.803159e-06 6.202195e-06
5.245000e-10 6.771650e-06 6.174164e-06
5.250000e-10 6.740276e-06 6.146245e-06
5.255000e-10 6.709035e-06 6.118441e-06
5.260000e-10 6.677929e-06 6.090749e-06
5.265000e-10 6.646956e-06 6.063170e-06
5.270000e-10 6.616115e-06 6.035704e-06
5.275000e-10 6.585407e-06 6.008350e-06
5.280000e-10 6.554831e-06 5.981107e-06
5.285000e-10 6.524386e-06 5.953976e-06
5.290000e-10 6.494072e-06 5.926956e-06
5.295000e-10 6.463889e-06 5.900046e-06
5.300000e-10 6.433835e-06 5.873247e-06
5.305000e-10 6.403911e-06 5.846558e-06
5.310000e-10 6.374116e-06 5.819978e-06
5.315000e-10 6.344449e-06 5.793508e-06
5.320000e-10 6.314911e-06 5.767147e-06
5.325000e-10 6.285500e-06 5.740894e-06
5.330000e-10 6.256216e-06 5.714750e-06
5.335000e-10 6.227059e-06 5.688713e-06
5.340000e-10 6.198028e-06 5.662784e-06
5.345000e-10 6.169123e-06 5.636962e-06
5.350000e-10 6.140344e-06 5.611247e-06
5.355000e-10 6.111689e-06 5.585639e-06
5.360000e-10 6.083158e-06 5.560137e-06
5.365000e-10 6.054751e-06 5.534741e-06
5.370000e-10 6.026468e-06 5.509450e-06
5.375000e-10 5.998308e-06 5.484264e-06
5.380000e-10 5.970270e-06 5.459183e-06
5.385000e-10 5.942354e-06 5.434207e-06
5.390000e-10 5.914560e-06 5.409334e-06
5.395000e-10 5.886888e-06 5.384566e-06
5.400000e-10 5.859335e-06 5.359901e-06
5.405000e-10 5.831903e-06 5.335339e-06
5.410000e-10 5.804591e-06 5.310879e-06
5.415000e-10 5.777398e-06 5.286522e-06
5.420000e-10 5.750325e-06 5.262267e-06
5.425000e-10 5.723369e-06 5.238114e-06
5.430000e-10 5.696532e-06 5.214062e-06
5.435000e-10 5.669812e-06 5.190112e-06
5.440000e-10 5.643209e-06 5.166262e-06
5.445000e-10 5.616723e-06 5.142512e-06
5.450000e-10 5.590353e-06 5.118862e-06
5.455000e-10 5.564099e-06 5.095312e-06
5.460000e-10 5.537960e-06 5.071861e-06
5.465000e-10 5.511937e-06 5.048509e-06
5.470000e-10 5.486027e-06 5.025256e-06
5.475000e-10 5.460232e-06 5.002101e-06
5.480000e-10 5.434550e-06 4.979044e-06
5.485000e-10 5.408982e-06 4.956085e-06
5.490000e-10 5.383526e-06 4.933223e-06
5.495000e-10 5.358182e-06 4.910458e-06
5.500000e-10 5.332950e-06 4.887790e-06
5.505000e-10 5.307830e-06 4.865217e-06
5.510000e-10 5.282821e-06 4.842741e-06
5.515000e-10 5.257922e-06 4.820360e-06
5.520000e-10 5.233133e-06 4.798075e-06
5.525000e-10 5.208454e-06 4.775885e-06
5.530000e-10 5.183885e-06 4.753789e-06
5.535000e-10 5.159424e-06 4.731787e-06
5.540000e-10 5.135072e-06 4.709880e-06
5.545000e-10 5.110827e-06 4.688065e-06
5.550000e-10 5.086690e-06 4.666345e-06
5.555000e-10 5.062661e-06 4.644717e-06
5.560000e-10 5.038738e-06 4.623182e-06
5.565000e-10 5.014921e-06 4.601739e-06
5.570000e-10 4.991211e-06 4.580387e-06
5.575000e-10 4.967606e-06 4.559128e-06
5.580000e-10 4.944106e-06 4.537960e-06
5.585000e-10 4.920710e-06 4.516883e-06
5.590000e-10 4.897419e-06 4.495896e-06
5.595000e-10 4.874232e-06 4.475000e-06
5.600000e-10 4.851148e-06 4.454193e-06
5.605000e-10 4.828167e-06 4.433477e-06
5.610000e-10 4.805289e-06 4.412849e-06
5.615000e-10 4.782513e-06 4.392311e-06
5.620000e-10 4.759839e-06 4.371861e-06
5.625000e-10 4.737266e-06 4.351500e-06
5.630000e-10 4.714794e-06 4.331227e-06
5.635000e-10 4.692423e-06 4.311041e-06
5.640000e-10 4.670152e-06 4.290943e-06
5.645000e-10 4.647980e-06 4.270932e-06
5.650000e-10 4.625908e-06 4.251007e-06
5.655000e-10 4.603936e-06 4.231169e-06
5.660000e-10 4.582061e-06 4.211417e-06
5.665000e-10 4.560285e-06 4.191751e-06
5.670000e-10 4.538607e-06 4.172170e-06
5.675000e-10 4.517026e-06 4.152675e-06
5.680000e-10 4.495542e-06 4.133264e-06
5.685000e-10 4.474155e-06 4.113938e-06
5.690000e-10 4.452864e-06 4.094696e-06
5.695000e-10 4.431669e-06 4.075538e-06
5.700000e-10 4.410570e-06 4.056463e-06
5.705000e-10 4.389565e-06 4.037472e-06
5.710000e-10 4.368655e-06 4.018563e-06
5.715000e-10 4.347840e-06 3.999737e-06
5.720000e-10 4.327118e-06 3.980994e-06
5.725000e-10 4.306490e-06 3.962332e-06
5.730000e-10 4.285955e-06 3.943753e-06
5.735000e-10 4.265513e-06 3.925254e-06
5.740000e-10 4.245163e-06 3.906837e-06
5.745000e-10 4.224906e-06 3.888501e-06
5.750000e-10 4.204740e-06 3.870245e-06
5.755000e-10 4.184665e-06 3.852069e-06
5.760000e-10 4.164681e-06 3.833973e-06
5.765000e-10 4.144788e-06 3.815956e-06
5.770000e-10 4.124985e-06 3.798019e-06
5.775000e-10 4.105272e-06 3.780161e-06
5.780000e-10 4.085648e-06 3.762381e-06
5.785000e-10 4.066113e-06 3.744680e-06
5.790000e-10 4.046667e-06 3.727056e-06
5.795000e-10 4.027309e-06 3.709511e-06
5.800000e-10 4.008040e-06 3.692043e-06
5.805000e-10 3.988857e-06 3.674652e-06
5.810000e-10 3.969763e-06 3.657337e-06
5.815000e-10 3.950755e-06 3.640100e-06
5.820000e-10 3.931833e-06 3.622938e-06
5.825000e-10 3.912998e-06 3.605853e-06
5.830000e-10 3.894248e-06 3.588843e-06
5.835000e-10 3.875584e-06 3.571909e-06
5.840000e-10 3.857005e-06 3.555050e-06
5.845000e-10 3.838511e-06 3.538265e-06
5.850000e-10 3.820101e-06 3.521555e-06
5.855000e-10 3.801776e-06 3.504919e-06
5.860000e-10 3.783534e-06 3.488357e-06
5.865000e-10 3.765375e-06 3.471869e-06
5.870000e-10 3.747299e-06 3.455454e-06
5.875000e-10 3.729306e-06 3.439112e-06
5.880000e-10 3.711395e-06 3.422842e-06
5.885000e-10 3.693567e-06 3.406645e-06
5.890000e-10 3.675820e-06 3.390521e-06
5.895000e-10 3.658154e-06 3.374468e-06
5.900000e-10 3.640569e-06 3.358487e-06
5.905000e-10 3.623065e-06 3.342577e-06
5.910000e-10 3.605640e-06 3.326738e-06
5.915000e-10 3.588296e-06 3.310970e-06
5.920000e-10 3.571032e-06 3.295273e-06
5.925000e-10 3.553847e-06 3.279645e-06
5.930000e-10 3.536740e-06 3.264088e-06
5.935000e-10 3.519712e-06 3.248600e-06
5.940000e-10 3.502763e-06 3.233182e-06
5.945000e-10 3.485891e-06 3.217833e-06
5.950000e-10 3.469097e-06 3.202552e-06
5.955000e-10 3.452381e-06 3.187340e-06
5.960000e-10 3.435741e-06 3.172196e-06
5.965000e-10 3.419178e-06 3.157121e-06
5.970000e-10 3.402691e-06 3.142113e-06
5.975000e-10 3.386280e-06 3.127172e-06
5.980000e-10 3.369945e-06 3.112299e-06
5.985000e-10 3.353685e-06 3.097492e-06
5.990000e-10 3.337500e-06 3.082752e-06
5.995000e-10 3.321390e-06 3.068079e-06
6.000000e-10 3.305354e-06 3.053471e-06
6.005000e-10 3.289392e-06 3.038930e-06
6.010000e-10 3.273504e-06 3.024454e-06
6.015000e-10 3.257690e-06 3.010043e-06
6.020000e-10 3.241948e-06 2.995697e-06
6.025000e-10 3.226280e-06 2.981416e-06
6.030000e-10 3.210683e-06 2.967200e-06
6.035000e-10 3.195159e-06 2.953047e-06
6.040000e-10 3.179707e-06 2.938959e-06
6.045000e-10 3.164327e-06 2.924935e-06
6.050000e-10 3.149017e-06 2.910974e-06
6.055000e-10 3.133779e-06 2.897076e-06
6.060000e-10 3.118611e-06 2.883241e-06
6.065000e-10 3.103514e-06 2.869469e-06
6.070000e-10 3.088487e-06 2.855759e-06
6.075000e-10 3.073529e-06 2.842111e-06
6.080000e-10 3.058641e-06 2.828525e-06
6.085000e-10 3.043822e-06 2.815001e-06
6.090000e-10 3.029072e-06 2.801539e-06
6.095000e-10 3.014390e-06 2.788137e-06
6.100000e-10 2.999777e-06 2.774797e-06
6.105000e-10 2.985231e-06 2.761517e-06
6.110000e-10 2.970753e-06 2.748297e-06
6.115000e-10 2.956343e-06 2.735138e-06
6.120000e-10 2.942000e-06 2.722038e-06
6.125000e-10 2.927723e-06 2.708998e-06
6.130000e-10 2.913513e-06 2.696018e-06
6.135000e-10 2.899369e-06 2.683097e-06
6.140000e-10 2.885292e-06 2.670234e-06
6.145000e-10 2.871279e-06 2.657431e-06
6.150000e-10 2.857332e-06 2.644686e-06
6.155000e-10 2.843451e-06 2.631999e-06
6.160000e-10 2.829634e-06 2.619369e-06
6.165000e-10 2.815881e-06 2.606798e-06
6.170000e-10 2.802193e-06 2.594284e-06
6.175000e-10 2.788568e-06 2.581827e-06
6.180000e-10 2.775008e-06 2.569428e-06
6.185000e-10 2.761510e-06 2.557085e-06
6.190000e-10 2.748076e-06 2.544798e-06
6.195000e-10 2.734705e-06 2.532568e-06
6.200000e-10 2.721396e-06 2.520394e-06
6.205000e-10 2.708150e-06 2.508275e-06
6.210000e-10 2.694965e-06 2.496213e-06
6.215000e-10 2.681842e-06 2.484205e-06
6.220000e-10 2.668781e-06 2.472253e-06
6.225000e-10 2.655781e-06 2.460355e-06
6.230000e-10 2.642842e-06 2.448512e-06
6.235000e-10 2.629963e-06 2.436724e-06
6.240000e-10 2.617145e-06 2.424990e-06
6.245000e-10 2.604388e-06 2.413309e-06
6.250000e-10 2.591689e-06 2.401683e-06
6.255000e-10 2.579051e-06 2.390110e-06
6.260000e-10 2.566472e-06 2.378590e-06
6.265000e-10 2.553952e-06 2.367123e-06
6.270000e-10 2.541491e-06 2.355709e-06
6.275000e-10 2.529088e-06 2.344348e-06
6.280000e-10 2.516744e-06 2.333039e-06
6.285000e-10 2.504458e-06 2.321782e-06
6.290000e-10 2.492229e-06 2.310577e-06
6.295000e-10 2.480059e-06 2.299424e-06
6.300000e-10 2.467945e-06 2.288322e-06
6.305000e-10 2.455888e-06 2.277272e-06
6.310000e-10 2.443889e-06 2.266272e-06
6.315000e-10 2.431945e-06 2.255324e-06
6.320000e-10 2.420059e-06 2.244426e-06
6.325000e-10 2.408228e-06 2.233578e-06
6.330000e-10 2.396452e-06 2.222781e-06
6.335000e-10 2.384733e-06 2.212033e-06
6.340000e-10 2.373069e-06 2.201336e-06
6.345000e-10 2.361459e-06 2.190688e-06
6.350000e-10 2.349905e-06 2.180089e-06
6.355000e-10 2.338405e-06 2.169539e-06
6.360000e-10 2.326959e-06 2.159039e-06
6.365000e-10 2.315568e-06 2.148587e-06
6.370000e-10 2.304230e-06 2.138183e-06
6.375000e-10 2.292946e-06 2.127828e-06
6.380000e-10 2.281715e-06 2.117521e-06
6.385000e-10 2.270538e-06 2.107261e-06
6.390000e-10 2.259413e-06 2.097050e-06
6.395000e-10 2.248341e-06 2.086885e-06
6.400000e-10 2.237321e-06 2.076768e-06
6.405000e-10 2.226354e-06 2.066699e-06
6.410000e-10 2.215438e-06 2.056675e-06
6.415000e-10 2.204575e-06 2.046699e-06
6.420000e-10 2.193762e-06 2.036769e-06
6.425000e-10 2.183001e-06 2.026885e-06
6.430000e-10 2.172291e-06 2.017048e-06
6.435000e-10 2.161632e-06 2.007256e-06
6.440000e-10 2.151023e-06 1.997510e-06
6.445000e-10 2.140465e-06 1.987809e-06
6.450000e-10 2.129956e-06 1.978153e-06
6.455000e-10 2.119498e-06 1.968543e-06
6.460000e-10 2.109089e-06 1.958977e-06
6.465000e-10 2.098730e-06 1.949456e-06
6.470000e-10 2.088420e-06 1.939980e-06
6.475000e-10 2.078159e-06 1.930547e-06
6.480000e-10 2.067946e-06 1.921159e-06
6.485000e-10 2.057783e-06 1.911815e-06
6.490000e-10 2.047667e-06 1.902514e-06
6.495000e-10 2.037600e-06 1.893257e-06
6.500000e-10 2.027580e-06 1.884043e-06
6.505000e-10 2.017609e-06 1.874873e-06
6.510000e-10 2.007685e-06 1.865745e-06
6.515000e-10 1.997808e-06 1.856660e-06
6.520000e-10 1.987978e-06 1.847618e-06
6.525000e-10 1.978195e-06 1.838618e-06
6.530000e-10 1.968458e-06 1.829660e-06
6.535000e-10 1.958768e-06 1.820744e-06
6.540000e-10 1.949124e-06 1.811870e-06
6.545000e-10 1.939526e-06 1.803038e-06
6.550000e-10 1.929974e-06 1.794247e-06
6.555000e-10 1.920468e-06 1.785497e-06
6.560000e-10 1.911007e-06 1.776788e-06
6.565000e-10 1.901591e-06 1.768121e-06
6.570000e-10 1.892220e-06 1.759494e-06
6.575000e-10 1.882893e-06 1.750907e-06
6.580000e-10 1.873612e-06 1.742361e-06
6.585000e-10 1.864374e-06 1.733855e-06
6.590000e-10 1.855181e-06 1.725390e-06
6.595000e-10 1.846032e-06 1.716964e-06
6.600000e-10 1.836926e-06 1.708577e-06
6.605000e-10 1.827864e-06 1.700230e-06
6.610000e-10 1.818846e-06 1.691923e-06
6.615000e-10 1.809870e-06 1.683655e-06
6.620000e-10 1.800938e-06 1.675425e-06
6.625000e-10 1.792048e-06 1.667235e-06
6.630000e-10 1.783201e-06 1.659082e-06
6.635000e-10 1.774396e-06 1.650969e-06
6.640000e-10 1.765633e-06 1.642894e-06
6.645000e-10 1.756913e-06 1.634856e-06
6.650000e-10 1.748234e-06 1.626857e-06
6.655000e-10 1.739597e-06 1.618896e-06
6.660000e-10 1.731001e-06 1.610972e-06
6.665000e-10 1.722446e-06 1.603085e-06
6.670000e-10 1.713933e-06 1.595236e-06
6.675000e-10 1.705460e-06 1.587424e-06
6.680000e-10 1.697028e-06 1.579649e-06
6.685000e-10 1.688637e-06 1.571911e-06
6.690000e-10 1.680285e-06 1.564209e-06
6.695000e-10 1.671974e-06 1.556544e-06
6.700000e-10 1.663703e-06 1.548915e-06
6.705000e-10 1.655472e-06 1.541322e-06
6.710000e-10 1.647280e-06 1.533765e-06
6.715000e-10 1.639127e-06 1.526244e-06
6.720000e-10 1.631014e-06 1.518758e-06
6.725000e-10 1.622939e-06 1.511308e-06
6.730000e-10 1.614904e-06 1.503894e-06
6.735000e-10 1.606907e-06 1.496514e-06
6.740000e-10 1.598949e-06 1.489170e-06
6.745000e-10 1.591029e-06 1.481860e-06
6.750000e-10 1.583147e-06 1.474585e-06
6.755000e-10 1.575303e-06 1.467345e-06
6.760000e-10 1.567497e-06 1.460139e-06
6.765000e-10 1.559728e-06 1.452967e-06
6.770000e-10 1.551997e-06 1.445829e-06
6.775000e-10 1.544303e-06 1.438725e-06
6.780000e-10 1.536646e-06 1.431655e-06
6.785000e-10 1.529026e-06 1.424619e-06
6.790000e-10 1.521443e-06 1.417616e-06
6.795000e-10 1.513897e-06 1.410646e-06
6.800000e-10 1.506387e-06 1.403710e-06
6.805000e-10 1.498913e-06 1.396806e-06
6.810000e-10 1.491475e-06 1.389935e-06
6.815000e-10 1.484073e-06 1.383098e-06
6.820000e-10 1.476707e-06 1.376292e-06
6.825000e-10 1.469376e-06 1.369519e-06
6.830000e-10 1.462081e-06 1.362779e-06
6.835000e-10 1.454821e-06 1.356070e-06
6.840000e-10 1.447596e-06 1.349394e-06
6.845000e-10 1.440406e-06 1.342749e-06
6.850000e-10 1.433251e-06 1.336136e-06
6.855000e-10 1.426131e-06 1.329555e-06
6.860000e-10 1.419044e-06 1.323005e-06
6.865000e-10 1.411993e-06 1.316486e-06
6.870000e-10 1.404975e-06 1.309998e-06
6.875000e-10 1.397991e-06 1.303541e-06
6.880000e-10 1.391041e-06 1.297116e-06
6.885000e-10 1.384125e-06 1.290721e-06
6.890000e-10 1.377242e-06 1.284356e-06
6.895000e-10 1.370392e-06 1.278022e-06
6.900000e-10 1.363576e-06 1.271718e-06
6.905000e-10 1.356793e-06 1.265444e-06
6.910000e-10 1.350042e-06 1.259201e-06
6.915000e-10 1.343325e-06 1.252987e-06
6.920000e-10 1.336640e-06 1.246803e-06
6.925000e-10 1.329987e-06 1.240649e-06
6.930000e-10 1.323366e-06 1.234524e-06
6.935000e-10 1.316778e-06 1.228428e-06
6.940000e-10 1.310222e-06 1.222362e-06
6.945000e-10 1.303697e-06 1.216324e-06
6.950000e-10 1.297204e-06 1.210316e-06
6.955000e-10 1.290743e-06 1.204336e-06
6.960000e-10 1.284313e-06 1.198385e-06
6.965000e-10 1.277914e-06 1.192463e-06
6.970000e-10 1.271546e-06 1.186569e-06
6.975000e-10 1.265210e-06 1.180703e-06
6.980000e-10 1.258904e-06 1.174866e-06
6.985000e-10 1.252628e-06 1.169056e-06
6.990000e-10 1.246384e-06 1.163274e-06
6.995000e-10 1.240169e-06 1.157521e-06
7.000000e-10 1.233985e-06 1.151794e-06
7.005000e-10 1.227831e-06 1.146096e-06
7.010000e-10 1.221707e-06 1.140424e-06
7.015000e-10 1.215612e-06 1.134780e-06
7.020000e-10 1.209547e-06 1.129163e-06
7.025000e-10 1.203512e-06 1.123573e-06
7.030000e-10 1.197506e-06 1.118010e-06
7.035000e-10 1.191530e-06 1.112474e-06
7.040000e-10 1.185582e-06 1.106965e-06
7.045000e-10 1.179664e-06 1.101481e-06
7.050000e-10 1.173774e-06 1.096025e-06
7.055000e-10 1.167913e-06 1.090594e-06
7.060000e-10 1.162081e-06 1.085190e-06
7.065000e-10 1.156276e-06 1.079812e-06
7.070000e-10 1.150501e-06 1.074459e-06
7.075000e-10 1.144753e-06 1.069133e-06
7.080000e-10 1.139034e-06 1.063832e-06
7.085000e-10 1.133342e-06 1.058557e-06
7.090000e-10 1.127678e-06 1.053307e-06
7.095000e-10 1.122042e-06 1.048082e-06
7.100000e-10 1.116433e-06 1.042883e-06
7.105000e-10 1.110852e-06 1.037709e-06
7.110000e-10 1.105298e-06 1.032560e-06
7.115000e-10 1.099771e-06 1.027435e-06
7.120000e-10 1.094271e-06 1.022336e-06
7.125000e-10 1.088798e-06 1.017260e-06
7.130000e-10 1.083352e-06 1.012210e-06
7.135000e-10 1.077932e-06 1.007184e-06
7.140000e-10 1.072539e-06 1.002182e-06
7.145000e-10 1.067172e-06 9.972044e-07
7.150000e-10 1.061831e-06 9.922508e-07
7.155000e-10 1.056517e-06 9.873212e-07
7.160000e-10 1.051228e-06 9.824154e-07
7.165000e-10 1.045965e-06 9.775333e-07
7.170000e-10 1.040728e-06 9.726749e-07
7.175000e-10 1.035517e-06 9.678399e-07
7.180000e-10 1.030331e-06 9.630284e-07
7.185000e-10 1.025171e-06 9.582402e-07
7.190000e-10 1.020036e-06 9.534752e-07
7.195000e-10 1.014926e-06 9.487332e-07
7.200000e-10 1.009841e-06 9.440142e-07
7.205000e-10 1.004781e-06 9.393181e-07
7.210000e-10 9.997454e-07 9.346447e-07
7.215000e-10 9.947348e-07 9.299940e-07
7.220000e-10 9.897488e-07 9.253658e-07
7.225000e-10 9.847871e-07 9.207601e-07
7.230000e-10 9.798498e-07 9.161767e-07
7.235000e-10 9.749368e-07 9.116155e-07
7.240000e-10 9.700478e-07 9.070765e-07
7.245000e-10 9.651827e-07 9.025595e-07
7.250000e-10 9.603416e-07 8.980644e-07
7.255000e-10 9.555242e-07 8.935912e-07
7.260000e-10 9.507304e-07 8.891397e-07
7.265000e-10 9.459602e-07 8.847097e-07
7.270000e-10 9.412134e-07 8.803013e-07
7.275000e-10 9.364899e-07 8.759144e-07
7.280000e-10 9.317896e-07 8.715487e-07
7.285000e-10 9.271123e-07 8.672042e-07
7.290000e-10 9.224581e-07 8.628809e-07
7.295000e-10 9.178267e-07 8.585786e-07
7.300000e-10 9.132180e-07 8.542972e-07
7.305000e-10 9.086320e-07 8.500367e-07
7.310000e-10 9.040686e-07 8.457968e-07
7.315000e-10 8.995275e-07 8.415776e-07
7.320000e-10 8.950088e-07 8.373789e-07
7.325000e-10 8.905123e-07 8.332007e-07
7.330000e-10 8.860380e-07 8.290428e-07
7.335000e-10 8.815856e-07 8.249052e-07
7.340000e-10 8.771552e-07 8.207877e-07
7.345000e-10 8.727465e-07 8.166902e-07
7.350000e-10 8.683595e-07 8.126127e-07
7.355000e-10 8.639942e-07 8.085551e-07
7.360000e-10 8.596503e-07 8.045173e-07
7.365000e-10 8.553278e-07 8.004991e-07
7.370000e-10 8.510266e-07 7.965005e-07
7.375000e-10 8.467466e-07 7.925215e-07
7.380000e-10 8.424876e-07 7.885618e-07
7.385000e-10 8.382496e-07 7.846215e-07
7.390000e-10 8.340325e-07 7.807003e-07
7.395000e-10 8.298362e-07 7.767983e-07
7.400000e-10 8.256606e-07 7.729154e-07
7.405000e-10 8.215056e-07 7.690514e-07
7.410000e-10 8.173710e-07 7.652063e-07
7.415000e-10 8.132568e-07 7.613799e-07
7.420000e-10 8.091630e-07 7.575723e-07
7.425000e-10 8.050893e-07 7.537832e-07
7.430000e-10 8.010357e-07 7.500127e-07
7.435000e-10 7.970021e-07 7.462605e-07
7.440000e-10 7.929884e-07 7.425267e-07
7.445000e-10 7.889945e-07 7.388112e-07
7.450000e-10 7.850203e-07 7.351138e-07
7.455000e-10 7.810658e-07 7.314345e-07
7.460000e-10 7.771307e-07 7.277732e-07
7.465000e-10 7.732151e-07 7.241298e-07
7.470000e-10 7.693189e-07 7.205043e-07
7.475000e-10 7.654419e-07 7.168965e-07
7.480000e-10 7.615840e-07 7.133063e-07
7.485000e-10 7.577452e-07 7.097337e-07
7.490000e-10 7.539254e-07 7.061786e-07
7.495000e-10 7.501244e-07 7.026409e-07
7.500000e-10 7.463422e-07 6.991205e-07
7.505000e-10 7.425788e-07 6.956174e-07
7.510000e-10 7.388339e-07 6.921314e-07
7.515000e-10 7.351076e-07 6.886626e-07
7.520000e-10 7.313997e-07 6.852107e-07
7.525000e-10 7.277101e-07 6.817757e-07
7.530000e-10 7.240388e-07 6.783576e-07
7.535000e-10 7.203856e-07 6.749562e-07
7.540000e-10 7.167506e-07 6.715715e-07
7.545000e-10 7.131335e-07 6.682034e-07
7.550000e-10 7.095343e-07 6.648519e-07
7.555000e-10 7.059529e-07 6.615168e-07
7.560000e-10 7.023893e-07 6.581980e-07
7.565000e-10 6.988433e-07 6.548955e-07
7.570000e-10 6.953149e-07 6.516093e-07
7.575000e-10 6.918040e-07 6.483391e-07
7.580000e-10 6.883104e-07 6.450851e-07
7.585000e-10 6.848342e-07 6.418470e-07
7.590000e-10 6.813752e-07 6.386248e-07
7.595000e-10 6.779333e-07 6.354185e-07
7.600000e-10 6.745085e-07 6.322279e-07
7.605000e-10 6.711007e-07 6.290529e-07
7.610000e-10 6.677097e-07 6.258936e-07
7.615000e-10 6.643356e-07 6.227498e-07
7.620000e-10 6.609782e-07 6.196215e-07
7.625000e-10 6.576375e-07 6.165085e-07
7.630000e-10 6.543134e-07 6.134109e-07
7.635000e-10 6.510057e-07 6.103285e-07
7.640000e-10 6.477144e-07 6.072613e-07
7.645000e-10 6.444395e-07 6.042091e-07
7.650000e-10 6.411809e-07 6.011720e-07
7.655000e-10 6.379384e-07 5.981498e-07
7.660000e-10 6.347120e-07 5.951425e-07
7.665000e-10 6.315016e-07 5.921500e-07
7.670000e-10 6.283072e-07 5.891722e-07
7.675000e-10 6.251286e-07 5.862092e-07
7.680000e-10 6.219659e-07 5.832606e-07
7.685000e-10 6.188188e-07 5.803267e-07
7.690000e-10 6.156874e-07 5.774071e-07
7.695000e-10 6.125715e-07 5.745020e-07
7.700000e-10 6.094712e-07 5.716112e-07
7.705000e-10 6.063862e-07 5.687346e-07
7.710000e-10 6.033166e-07 5.658722e-07
7.715000e-10 6.002622e-07 5.630240e-07
7.720000e-10 5.972230e-07 5.601897e-07
7.725000e-10 5.941990e-07 5.573695e-07
7.730000e-10 5.911900e-07 5.545632e-07
7.735000e-10 5.881959e-07 5.517707e-07
7.740000e-10 5.852168e-07 5.489920e-07
7.745000e-10 5.822524e-07 5.462270e-07
7.750000e-10 5.793029e-07 5.434756e-07
7.755000e-10 5.763680e-07 5.407378e-07
7.760000e-10 5.734477e-07 5.380136e-07
7.765000e-10 5.705419e-07 5.353028e-07
7.770000e-10 5.676506e-07 5.326054e-07
7.775000e-10 5.647737e-07 5.299213e-07
7.780000e-10 5.619112e-07 5.272505e-07
7.785000e-10 5.590629e-07 5.245928e-07
7.790000e-10 5.562288e-07 5.219483e-07
7.795000e-10 5.534088e-07 5.193169e-07
7.800000e-10 5.506028e-07 5.166985e-07
7.805000e-10 5.478109e-07 5.140930e-07
7.810000e-10 5.450328e-07 5.115004e-07
7.815000e-10 5.422686e-07 5.089206e-07
7.820000e-10 5.395182e-07 5.063536e-07
7.825000e-10 5.367815e-07 5.037993e-07
7.830000e-10 5.340584e-07 5.012576e-07
7.835000e-10 5.313489e-07 4.987285e-07
7.840000e-10 5.286530e-07 4.962119e-07
7.845000e-10 5.259705e-07 4.937078e-07
7.850000e-10 5.233013e-07 4.912160e-07
7.855000e-10 5.206455e-07 4.887366e-07
7.860000e-10 5.180029e-07 4.862695e-07
7.865000e-10 5.153736e-07 4.838146e-07
7.870000e-10 5.127573e-07 4.813719e-07
7.875000e-10 5.101541e-07 4.789412e-07
7.880000e-10 5.075639e-07 4.765226e-07
7.885000e-10 5.049866e-07 4.741160e-07
7.890000e-10 5.024222e-07 4.717213e-07
7.895000e-10 4.998706e-07 4.693384e-07
7.900000e-10 4.973318e-07 4.669674e-07
7.905000e-10 4.948056e-07 4.646082e-07
7.910000e-10 4.922921e-07 4.622606e-07
7.915000e-10 4.897911e-07 4.599247e-07
7.920000e-10 4.873026e-07 4.576003e-07
7.925000e-10 4.848266e-07 4.552875e-07
7.930000e-10 4.823629e-07 4.529862e-07
7.935000e-10 4.799115e-07 4.506963e-07
7.940000e-10 4.774724e-07 4.484177e-07
7.945000e-10 4.750455e-07 4.461504e-07
7.950000e-10 4.726308e-07 4.438944e-07
7.955000e-10 4.702281e-07 4.416496e-07
7.960000e-10 4.678374e-07 4.394160e-07
7.965000e-10 4.654587e-07 4.371934e-07
7.970000e-10 4.630918e-07 4.349819e-07
7.975000e-10 4.607369e-07 4.327814e-07
7.980000e-10 4.583937e-07 4.305918e-07
7.985000e-10 4.560622e-07 4.284130e-07
7.990000e-10 4.537424e-07 4.262451e-07
7.995000e-10 4.514342e-07 4.240880e-07
8.000000e-10 4.491376e-07 4.219416e-07
8.005000e-10 4.468525e-07 4.198058e-07
8.010000e-10 4.445788e-07 4.176807e-07
8.015000e-10 4.423165e-07 4.155662e-07
8.020000e-10 4.400655e-07 4.134621e-07
8.025000e-10 4.378258e-07 4.113685e-07
8.030000e-10 4.355973e-07 4.092854e-07
8.035000e-10 4.333800e-07 4.072126e-07
8.040000e-10 4.311738e-07 4.051501e-07
8.045000e-10 4.289787e-07 4.030978e-07
8.050000e-10 4.267946e-07 4.010558e-07
8.055000e-10 4.246214e-07 3.990240e-07
8.060000e-10 4.224591e-07 3.970022e-07
8.065000e-10 4.203076e-07 3.949906e-07
8.070000e-10 4.181669e-07 3.929889e-07
8.075000e-10 4.160370e-07 3.909972e-07
8.080000e-10 4.139177e-07 3.890154e-07
8.085000e-10 4.118091e-07 3.870435e-07
8.090000e-10 4.097111e-07 3.850814e-07
8.095000e-10 4.076236e-07 3.831291e-07
8.100000e-10 4.055465e-07 3.811866e-07
8.105000e-10 4.034799e-07 3.792537e-07
8.110000e-10 4.014236e-07 3.773304e-07
8.115000e-10 3.993777e-07 3.754167e-07
8.120000e-10 3.973420e-07 3.735126e-07
8.125000e-10 3.953166e-07 3.716180e-07
8.130000e-10 3.933013e-07 3.697328e-07
8.135000e-10 3.912962e-07 3.678570e-07
8.140000e-10 3.893011e-07 3.659905e-07
8.145000e-10 3.873160e-07 3.641334e-07
8.150000e-10 3.853409e-07 3.622855e-07
8.155000e-10 3.833757e-07 3.604469e-07
8.160000e-10 3.814204e-07 3.586174e-07
8.165000e-10 3.794750e-07 3.567971e-07
8.170000e-10 3.775393e-07 3.549858e-07
8.175000e-10 3.756133e-07 3.531836e-07
8.180000e-10 3.736970e-07 3.513904e-07
8.185000e-10 3.717903e-07 3.496061e-07
8.190000e-10 3.698933e-07 3.478308e-07
8.195000e-10 3.680057e-07 3.460643e-07
8.200000e-10 3.661277e-07 3.443066e-07
8.205000e-10 3.642591e-07 3.425578e-07
8.210000e-10 3.623999e-07 3.408176e-07
8.215000e-10 3.605500e-07 3.390862e-07
8.220000e-10 3.587094e-07 3.373634e-07
8.225000e-10 3.568782e-07 3.356492e-07
8.230000e-10 3.550561e-07 3.339435e-07
8.235000e-10 3.532432e-07 3.322465e-07
8.240000e-10 3.514394e-07 3.305578e-07
8.245000e-10 3.496447e-07 3.288777e-07
8.250000e-10 3.478590e-07 3.272059e-07
8.255000e-10 3.460823e-07 3.255425e-07
8.260000e-10 3.443146e-07 3.238874e-07
8.265000e-10 3.425557e-07 3.222406e-07
8.270000e-10 3.408057e-07 3.206020e-07
8.275000e-10 3.390645e-07 3.189717e-07
8.280000e-10 3.373321e-07 3.173495e-07
8.285000e-10 3.356085e-07 3.157354e-07
8.290000e-10 3.338935e-07 3.141294e-07
8.295000e-10 3.321871e-07 3.125314e-07
8.300000e-10 3.304893e-07 3.109414e-07
8.305000e-10 3.288001e-07 3.093594e-07
8.310000e-10 3.271194e-07 3.077853e-07
8.315000e-10 3.254472e-07 3.062191e-07
8.320000e-10 3.237834e-07 3.046607e-07
8.325000e-10 3.221280e-07 3.031102e-07
8.330000e-10 3.204810e-07 3.015674e-07
8.335000e-10 3.188422e-07 3.000323e-07
8.340000e-10 3.172117e-07 2.985050e-07
8.345000e-10 3.155894e-07 2.969853e-07
8.350000e-10 3.139753e-07 2.954732e-07
8.355000e-10 3.123694e-07 2.939686e-07
8.360000e-10 3.107715e-07 2.924717e-07
8.365000e-10 3.091817e-07 2.909822e-07
8.370000e-10 3.076000e-07 2.895002e-07
8.375000e-10 3.060262e-07 2.880256e-07
8.380000e-10 3.044603e-07 2.865584e-07
8.385000e-10 3.029024e-07 2.850986e-07
8.390000e-10 3.013523e-07 2.836461e-07
8.395000e-10 2.998101e-07 2.822009e-07
8.400000e-10 2.982756e-07 2.807630e-07
8.405000e-10 2.967489e-07 2.793322e-07
8.410000e-10 2.952298e-07 2.779087e-07
8.415000e-10 2.937185e-07 2.764923e-07
8.420000e-10 2.922148e-07 2.750829e-07
8.425000e-10 2.907187e-07 2.736807e-07
8.430000e-10 2.892301e-07 2.722855e-07
8.435000e-10 2.877491e-07 2.708973e-07
8.440000e-10 2.862755e-07 2.695161e-07
8.445000e-10 2.848094e-07 2.681419e-07
8.450000e-10 2.833507e-07 2.667745e-07
8.455000e-10 2.818993e-07 2.654140e-07
8.460000e-10 2.804553e-07 2.640603e-07
8.465000e-10 2.790186e-07 2.627134e-07
8.470000e-10 2.775892e-07 2.613733e-07
8.475000e-10 2.761670e-07 2.600400e-07
8.480000e-10 2.747520e-07 2.587133e-07
8.485000e-10 2.733441e-07 2.573933e-07
8.490000e-10 2.719433e-07 2.560799e-07
8.495000e-10 2.705497e-07 2.547732e-07
8.500000e-10 2.691631e-07 2.534730e-07
8.505000e-10 2.677834e-07 2.521793e-07
8.510000e-10 2.664108e-07 2.508922e-07
8.515000e-10 2.650451e-07 2.496115e-07
8.520000e-10 2.636864e-07 2.483373e-07
8.525000e-10 2.623345e-07 2.470695e-07
8.530000e-10 2.609894e-07 2.458080e-07
8.535000e-10 2.596512e-07 2.445530e-07
8.540000e-10 2.583197e-07 2.433042e-07
8.545000e-10 2.569950e-07 2.420617e-07
8.550000e-10 2.556769e-07 2.408255e-07
8.555000e-10 2.543656e-07 2.395954e-07
8.560000e-10 2.530608e-07 2.383716e-07
8.565000e-10 2.517627e-07 2.371540e-07
8.570000e-10 2.504712e-07 2.359424e-07
8.575000e-10 2.491862e-07 2.347370e-07
8.580000e-10 2.479077e-07 2.335376e-07
8.585000e-10 2.466357e-07 2.323443e-07
8.590000e-10 2.453701e-07 2.311570e-07
8.595000e-10 2.441110e-07 2.299757e-07
8.600000e-10 2.428582e-07 2.288003e-07
8.605000e-10 2.416118e-07 2.276309e-07
8.610000e-10 2.403717e-07 2.264673e-07
8.615000e-10 2.391378e-07 2.253096e-07
8.620000e-10 2.379102e-07 2.241578e-07
8.625000e-10 2.366889e-07 2.230117e-07
8.630000e-10 2.354737e-07 2.218714e-07
8.635000e-10 2.342647e-07 2.207369e-07
8.640000e-10 2.330619e-07 2.196081e-07
8.645000e-10 2.318651e-07 2.184850e-07
8.650000e-10 2.306744e-07 2.173675e-07
8.655000e-10 2.294897e-07 2.162557e-07
8.660000e-10 2.283111e-07 2.151495e-07
8.665000e-10 2.271384e-07 2.140489e-07
8.670000e-10 2.259717e-07 2.129538e-07
8.675000e-10 2.248109e-07 2.118643e-07
8.680000e-10 2.236559e-07 2.107802e-07
8.685000e-10 2.225069e-07 2.097017e-07
8.690000e-10 2.213637e-07 2.086285e-07
8.695000e-10 2.202262e-07 2.075608e-07
8.700000e-10 2.190946e-07 2.064985e-07
8.705000e-10 2.179687e-07 2.054415e-07
8.710000e-10 2.168485e-07 2.043899e-07
8.715000e-10 2.157340e-07 2.033436e-07
8.720000e-10 2.146251e-07 2.023025e-07
8.725000e-10 2.135219e-07 2.012668e-07
8.730000e-10 2.124243e-07 2.002362e-07
8.735000e-10 2.113322e-07 1.992109e-07
8.740000e-10 2.102457e-07 1.981907e-07
8.745000e-10 2.091648e-07 1.971757e-07
8.750000e-10 2.080893e-07 1.961659e-07
8.755000e-10 2.070193e-07 1.951611e-07
8.760000e-10 2.059547e-07 1.941614e-07
8.765000e-10 2.048955e-07 1.931667e-07
8.770000e-10 2.038417e-07 1.921771e-07
8.775000e-10 2.027933e-07 1.911925e-07
8.780000e-10 2.017502e-07 1.902129e-07
8.785000e-10 2.007123e-07 1.892382e-07
8.790000e-10 1.996798e-07 1.882685e-07
8.795000e-10 1.986525e-07 1.873036e-07
8.800000e-10 1.976305e-07 1.863437e-07
8.805000e-10 1.966136e-07 1.853885e-07
8.810000e-10 1.956019e-07 1.844383e-07
8.815000e-10 1.945954e-07 1.834928e-07
8.820000e-10 1.935939e-07 1.825521e-07
8.825000e-10 1.925976e-07 1.816162e-07
8.830000e-10 1.916063e-07 1.806850e-07
8.835000e-10 1.906201e-07 1.797585e-07
8.840000e-10 1.896389e-07 1.788367e-07
8.845000e-10 1.886627e-07 1.779196e-07
8.850000e-10 1.876914e-07 1.770071e-07
8.855000e-10 1.867251e-07 1.760992e-07
8.860000e-10 1.857637e-07 1.751960e-07
8.865000e-10 1.848072e-07 1.742973e-07
8.870000e-10 1.838556e-07 1.734031e-07
8.875000e-10 1.829088e-07 1.725135e-07
8.880000e-10 1.819668e-07 1.716284e-07
8.885000e-10 1.810296e-07 1.707478e-07
8.890000e-10 1.800972e-07 1.698716e-07
8.895000e-10 1.791696e-07 1.689999e-07
8.900000e-10 1.782466e-07 1.681326e-07
8.905000e-10 1.773284e-07 1.672697e-07
8.910000e-10 1.764149e-07 1.664111e-07
8.915000e-10 1.755060e-07 1.655570e-07
8.920000e-10 1.746017e-07 1.647071e-07
8.925000e-10 1.737020e-07 1.638615e-07
8.930000e-10 1.728069e-07 1.630203e-07
8.935000e-10 1.719164e-07 1.621833e-07
8.940000e-10 1.710304e-07 1.613505e-07
8.945000e-10 1.701490e-07 1.605220e-07
8.950000e-10 1.692720e-07 1.596977e-07
8.955000e-10 1.683995e-07 1.588775e-07
8.960000e-10 1.675314e-07 1.580615e-07
8.965000e-10 1.666678e-07 1.572497e-07
8.970000e-10 1.658085e-07 1.564419e-07
8.975000e-10 1.649537e-07 1.556383e-07
8.980000e-10 1.641032e-07 1.548387e-07
8.985000e-10 1.632570e-07 1.540432e-07
8.990000e-10 1.624152e-07 1.532518e-07
8.995000e-10 1.615776e-07 1.524643e-07
9.000000e-10 1.607444e-07 1.516809e-07
9.005000e-10 1.599153e-07 1.509014e-07
9.010000e-10 1.590905e-07 1.501259e-07
9.015000e-10 1.582699e-07 1.493543e-07
9.020000e-10 1.574535e-07 1.485866e-07
9.025000e-10 1.566413e-07 1.478229e-07
9.030000e-10 1.558332e-07 1.470630e-07
9.035000e-10 1.550292e-07 1.463069e-07
9.040000e-10 1.542293e-07 1.455547e-07
9.045000e-10 1.534335e-07 1.448064e-07
9.050000e-10 1.526418e-07 1.440618e-07
9.055000e-10 1.518541e-07 1.433210e-07
9.060000e-10 1.510705e-07 1.425840e-07
9.065000e-10 1.502908e-07 1.418507e-07
9.070000e-10 1.495151e-07 1.411212e-07
9.075000e-10 1.487434e-07 1.403953e-07
9.080000e-10 1.479756e-07 1.396732e-07
9.085000e-10 1.472117e-07 1.389547e-07
9.090000e-10 1.464518e-07 1.382399e-07
9.095000e-10 1.456957e-07 1.375287e-07
9.100000e-10 1.449435e-07 1.368211e-07
9.105000e-10 1.441951e-07 1.361171e-07
9.110000e-10 1.434505e-07 1.354167e-07
9.115000e-10 1.427098e-07 1.347199e-07
9.120000e-10 1.419728e-07 1.340266e-07
9.125000e-10 1.412396e-07 1.333368e-07
9.130000e-10 1.405101e-07 1.326505e-07
9.135000e-10 1.397844e-07 1.319677e-07
9.140000e-10 1.390624e-07 1.312884e-07
9.145000e-10 1.383441e-07 1.306126e-07
9.150000e-10 1.376294e-07 1.299402e-07
9.155000e-10 1.369184e-07 1.292712e-07
9.160000e-10 1.362110e-07 1.286056e-07
9.165000e-10 1.355073e-07 1.279434e-07
9.170000e-10 1.348071e-07 1.272846e-07
9.175000e-10 1.341105e-07 1.266292e-07
9.180000e-10 1.334175e-07 1.259770e-07
9.185000e-10 1.327281e-07 1.253282e-07
9.190000e-10 1.320421e-07 1.246827e-07
9.195000e-10 1.313597e-07 1.240405e-07
9.200000e-10 1.306807e-07 1.234015e-07
9.205000e-10 1.300053e-07 1.227658e-07
9.210000e-10 1.293332e-07 1.221334e-07
9.215000e-10 1.286647e-07 1.215041e-07
9.220000e-10 1.279995e-07 1.208781e-07
9.225000e-10 1.273377e-07 1.202552e-07
9.230000e-10 1.266794e-07 1.196356e-07
9.235000e-10 1.260244e-07 1.190191e-07
9.240000e-10 1.253727e-07 1.184057e-07
9.245000e-10 1.247244e-07 1.177954e-07
9.250000e-10 1.240794e-07 1.171883e-07
9.255000e-10 1.234377e-07 1.165842e-07
9.260000e-10 1.227993e-07 1.159833e-07
9.265000e-10 1.221642e-07 1.153854e-07
9.270000e-10 1.215323e-07 1.147905e-07
9.275000e-10 1.209036e-07 1.141987e-07
9.280000e-10 1.202782e-07 1.136099e-07
9.285000e-10 1.196560e-07 1.130241e-07
9.290000e-10 1.190369e-07 1.124413e-07
9.295000e-10 1.184211e-07 1.118614e-07
9.300000e-10 1.178083e-07 1.112846e-07
9.305000e-10 1.171988e-07 1.107106e-07
9.310000e-10 1.165923e-07 1.101396e-07
9.315000e-10 1.159890e-07 1.095715e-07
9.320000e-10 1.153887e-07 1.090063e-07
9.325000e-10 1.147915e-07 1.084440e-07
9.330000e-10 1.141974e-07 1.078845e-07
9.335000e-10 1.136063e-07 1.073279e-07
9.340000e-10 1.130183e-07 1.067741e-07
9.345000e-10 1.124332e-07 1.062232e-07
9.350000e-10 1.118512e-07 1.056751e-07
9.355000e-10 1.112721e-07 1.051298e-07
9.360000e-10 1.106960e-07 1.045872e-07
9.365000e-10 1.101229e-07 1.040475e-07
9.370000e-10 1.095527e-07 1.035105e-07
9.375000e-10 1.089854e-07 1.029762e-07
9.380000e-10 1.084211e-07 1.024446e-07
9.385000e-10 1.078596e-07 1.019158e-07
9.390000e-10 1.073010e-07 1.013897e-07
9.395000e-10 1.067453e-07 1.008662e-07
9.400000e-10 1.061924e-07 1.003455e-07
9.405000e-10 1.056424e-07 9.982736e-08
9.410000e-10 1.050952e-07 9.931190e-08
9.415000e-10 1.045508e-07 9.879907e-08
9.420000e-10 1.040091e-07 9.828886e-08
9.425000e-10 1.034703e-07 9.778126e-08
9.430000e-10 1.029342e-07 9.727625e-08
9.435000e-10 1.024009e-07 9.677382e-08
9.440000e-10 1.018703e-07 9.627396e-08
9.445000e-10 1.013424e-07 9.577666e-08
9.450000e-10 1.008173e-07 9.528189e-08
9.455000e-10 1.002948e-07 9.478966e-08
9.460000e-10 9.977505e-08 9.429994e-08
9.465000e-10 9.925794e-08 9.381273e-08
9.470000e-10 9.874349e-08 9.332800e-08
9.475000e-10 9.823168e-08 9.284576e-08
9.480000e-10 9.772249e-08 9.236598e-08
9.485000e-10 9.721592e-08 9.188865e-08
9.490000e-10 9.671195e-08 9.141377e-08
9.495000e-10 9.621056e-08 9.094131e-08
9.500000e-10 9.571176e-08 9.047127e-08
9.505000e-10 9.521551e-08 9.000364e-08
9.510000e-10 9.472181e-08 8.953840e-08
9.515000e-10 9.423065e-08 8.907553e-08
9.520000e-10 9.374201e-08 8.861504e-08
9.525000e-10 9.325589e-08 8.815690e-08
9.530000e-10 9.277225e-08 8.770111e-08
9.535000e-10 9.229111e-08 8.724765e-08
9.540000e-10 9.181243e-08 8.679650e-08
9.545000e-10 9.133622e-08 8.634767e-08
9.550000e-10 9.086245e-08 8.590114e-08
9.555000e-10 9.039112e-08 8.545689e-08
9.560000e-10 8.992221e-08 8.501491e-08
9.565000e-10 8.945571e-08 8.457520e-08
9.570000e-10 8.899161e-08 8.413774e-08
9.575000e-10 8.852989e-08 8.370252e-08
9.580000e-10 8.807055e-08 8.326953e-08
9.585000e-10 8.761357e-08 8.283875e-08
9.590000e-10 8.715893e-08 8.241019e-08
9.595000e-10 8.670664e-08 8.198381e-08
9.600000e-10 8.625667e-08 8.155962e-08
9.605000e-10 8.580901e-08 8.113760e-08
9.610000e-10 8.536366e-08 8.071775e-08
9.615000e-10 8.492060e-08 8.030004e-08
9.620000e-10 8.447981e-08 7.988448e-08
9.625000e-10 8.404130e-08 7.947104e-08
9.630000e-10 8.360504e-08 7.905973e-08
9.635000e-10 8.317102e-08 7.865052e-08
9.640000e-10 8.273923e-08 7.824341e-08
9.645000e-10 8.230967e-08 7.783838e-08
9.650000e-10 8.188232e-08 7.743543e-08
9.655000e-10 8.145716e-08 7.703455e-08
9.660000e-10 8.103420e-08 7.663572e-08
9.665000e-10 8.061341e-08 7.623893e-08
9.670000e-10 8.019478e-08 7.584418e-08
9.675000e-10 7.977831e-08 7.545146e-08
9.680000e-10 7.936399e-08 7.506074e-08
9.685000e-10 7.895179e-08 7.467204e-08
9.690000e-10 7.854172e-08 7.428532e-08
9.695000e-10 7.813376e-08 7.390059e-08
9.700000e-10 7.772790e-08 7.351783e-08
9.705000e-10 7.732413e-08 7.313703e-08
9.710000e-10 7.692244e-08 7.275819e-08
9.715000e-10 7.652281e-08 7.238129e-08
9.720000e-10 7.612525e-08 7.200632e-08
9.725000e-10 7.572973e-08 7.163328e-08
9.730000e-10 7.533625e-08 7.126215e-08
9.735000e-10 7.494479e-08 7.089293e-08
9.740000e-10 7.455535e-08 7.052560e-08
9.745000e-10 7.416792e-08 7.016015e-08
9.750000e-10 7.378248e-08 6.979659e-08
9.755000e-10 7.339903e-08 6.943488e-08
9.760000e-10 7.301756e-08 6.907504e-08
9.765000e-10 7.263804e-08 6.871704e-08
9.770000e-10 7.226049e-08 6.836088e-08
9.775000e-10 7.188488e-08 6.800654e-08
9.780000e-10 7.151120e-08 6.765403e-08
9.785000e-10 7.113945e-08 6.730333e-08
9.790000e-10 7.076962e-08 6.695443e-08
9.795000e-10 7.040169e-08 6.660731e-08
9.800000e-10 7.003566e-08 6.626199e-08
9.805000e-10 6.967152e-08 6.591843e-08
9.810000e-10 6.930925e-08 6.557664e-08
9.815000e-10 6.894885e-08 6.523661e-08
9.820000e-10 6.859031e-08 6.489832e-08
9.825000e-10 6.823362e-08 6.456177e-08
9.830000e-10 6.787877e-08 6.422695e-08
9.835000e-10 6.752574e-08 6.389384e-08
9.840000e-10 6.717454e-08 6.356245e-08
9.845000e-10 6.682514e-08 6.323277e-08
9.850000e-10 6.647755e-08 6.290477e-08
9.855000e-10 6.613176e-08 6.257847e-08
9.860000e-10 6.578774e-08 6.225384e-08
9.865000e-10 6.544550e-08 6.193088e-08
9.870000e-10 6.510503e-08 6.160957e-08
9.875000e-10 6.476631e-08 6.128992e-08
9.880000e-10 6.442934e-08 6.097192e-08
9.885000e-10 6.409410e-08 6.065555e-08
9.890000e-10 6.376060e-08 6.034080e-08
9.895000e-10 6.342882e-08 6.002767e-08
9.900000e-10 6.309875e-08 5.971616e-08
9.905000e-10 6.277038e-08 5.940624e-08
9.910000e-10 6.244371e-08 5.909792e-08
9.915000e-10 6.211872e-08 5.879118e-08
9.920000e-10 6.179541e-08 5.848603e-08
9.925000e-10 6.147377e-08 5.818244e-08
9.930000e-10 6.115379e-08 5.788041e-08
9.935000e-10 6.083547e-08 5.757994e-08
9.940000e-10 6.051878e-08 5.728101e-08
9.945000e-10 6.020373e-08 5.698362e-08
9.950000e-10 5.989031e-08 5.668776e-08
9.955000e-10 5.957850e-08 5.639342e-08
9.960000e-10 5.926831e-08 5.610060e-08
9.965000e-10 5.895971e-08 5.580928e-08
9.970000e-10 5.865271e-08 5.551947e-08
9.975000e-10 5.834730e-08 5.523114e-08
9.980000e-10 5.804346e-08 5.494430e-08
9.985000e-10 5.774119e-08 5.465893e-08
9.990000e-10 5.744049e-08 5.437504e-08
9.995000e-10 5.714133e-08 5.409260e-08
1.000000e-09 5.684373e-08 5.381162e-08
1.000500e-09 5.654766e-08 5.353209e-08
1.001000e-09 5.625311e-08 5.325400e-08
1.001500e-09 5.596010e-08 5.297733e-08
1.002000e-09 5.566859e-08 5.270210e-08
1.002500e-09 5.537859e-08 5.242827e-08
1.003000e-09 5.509009e-08 5.215586e-08
1.003500e-09 5.480308e-08 5.188486e-08
1.004000e-09 5.451755e-08 5.161524e-08
1.004500e-09 5.423350e-08 5.134702e-08
1.005000e-09 5.395092e-08 5.108018e-08
1.005500e-09 5.366980e-08 5.081471e-08
1.006000e-09 5.339013e-08 5.055062e-08
1.006500e-09 5.311191e-08 5.028788e-08
1.007000e-09 5.283512e-08 5.002649e-08
1.007500e-09 5.255977e-08 4.976645e-08
1.008000e-09 5.228584e-08 4.950776e-08
1.008500e-09 5.201333e-08 4.925039e-08
1.009000e-09 5.174222e-08 4.899435e-08
1.009500e-09 5.147252e-08 4.873963e-08
1.010000e-09 5.120421e-08 4.848623e-08
1.010500e-09 5.093729e-08 4.823413e-08
1.011000e-09 5.067175e-08 4.798333e-08
1.011500e-09 5.040758e-08 4.773382e-08
1.012000e-09 5.014478e-08 4.748560e-08
1.012500e-09 4.988334e-08 4.723866e-08
1.013000e-09 4.962325e-08 4.699299e-08
1.013500e-09 4.936451e-08 4.674859e-08
1.014000e-09 4.910710e-08 4.650545e-08
1.014500e-09 4.885103e-08 4.626356e-08
1.015000e-09 4.859628e-08 4.602292e-08
1.015500e-09 4.834285e-08 4.578352e-08
1.016000e-09 4.809073e-08 4.554536e-08
1.016500e-09 4.783992e-08 4.530842e-08
1.017000e-09 4.759040e-08 4.507271e-08
1.017500e-09 4.734218e-08 4.483821e-08
1.018000e-09 4.709524e-08 4.460493e-08
1.018500e-09 4.684958e-08 4.437284e-08
1.019000e-09 4.660519e-08 4.414195e-08
1.019500e-09 4.636206e-08 4.391226e-08
1.020000e-09 4.612020e-08 4.368375e-08
1.020500e-09 4.587958e-08 4.345642e-08
1.021000e-09 4.564021e-08 4.323026e-08
1.021500e-09 4.540208e-08 4.300527e-08
1.022000e-09 4.516519e-08 4.278144e-08
1.022500e-09 4.492952e-08 4.255877e-08
1.023000e-09 4.469507e-08 4.233724e-08
1.023500e-09 4.446183e-08 4.211686e-08
1.024000e-09 4.422980e-08 4.189762e-08
1.024500e-09 4.399898e-08 4.167951e-08
1.025000e-09 4.376935e-08 4.146252e-08
1.025500e-09 4.354091e-08 4.124665e-08
1.026000e-09 4.331365e-08 4.103190e-08
1.026500e-09 4.308757e-08 4.081826e-08
1.027000e-09 4.286266e-08 4.060572e-08
1.027500e-09 4.263891e-08 4.039428e-08
1.028000e-09 4.241633e-08 4.018393e-08
1.028500e-09 4.219490e-08 3.997467e-08
1.029000e-09 4.197461e-08 3.976649e-08
1.029500e-09 4.175547e-08 3.955938e-08
1.030000e-09 4.153746e-08 3.935335e-08
1.030500e-09 4.132058e-08 3.914838e-08
1.031000e-09 4.110483e-08 3.894446e-08
1.031500e-09 4.089019e-08 3.874160e-08
1.032000e-09 4.067667e-08 3.853979e-08
1.032500e-09 4.046425e-08 3.833902e-08
1.033000e-09 4.025294e-08 3.813929e-08
1.033500e-09 4.004272e-08 3.794059e-08
1.034000e-09 3.983359e-08 3.774292e-08
1.034500e-09 3.962554e-08 3.754627e-08
1.035000e-09 3.941857e-08 3.735064e-08
1.035500e-09 3.921268e-08 3.715602e-08
1.036000e-09 3.900785e-08 3.696240e-08
1.036500e-09 3.880409e-08 3.676978e-08
1.037000e-09 3.860138e-08 3.657816e-08
1.037500e-09 3.839972e-08 3.638753e-08
1.038000e-09 3.819911e-08 3.619789e-08
1.038500e-09 3.799954e-08 3.600923e-08
1.039000e-09 3.780100e-08 3.582154e-08
1.039500e-09 3.760349e-08 3.563482e-08
1.040000e-09 3.740701e-08 3.544907e-08
1.040500e-09 3.721155e-08 3.526428e-08
1.041000e-09 3.701710e-08 3.508044e-08
1.041500e-09 3.682366e-08 3.489756e-08
1.042000e-09 3.663122e-08 3.471562e-08
1.042500e-09 3.643978e-08 3.453462e-08
1.043000e-09 3.624934e-08 3.435456e-08
1.043500e-09 3.605988e-08 3.417543e-08
1.044000e-09 3.587141e-08 3.399723e-08
1.044500e-09 3.568391e-08 3.381994e-08
1.045000e-09 3.549739e-08 3.364358e-08
1.045500e-09 3.531184e-08 3.346813e-08
1.046000e-09 3.512724e-08 3.329359e-08
1.046500e-09 3.494361e-08 3.311994e-08
1.047000e-09 3.476093e-08 3.294720e-08
1.047500e-09 3.457920e-08 3.277536e-08
1.048000e-09 3.439841e-08 3.260440e-08
1.048500e-09 3.421856e-08 3.243432e-08
1.049000e-09 3.403964e-08 3.226513e-08
1.049500e-09 3.386165e-08 3.209681e-08
1.050000e-09 3.368459e-08 3.192937e-08
1.050500e-09 3.350844e-08 3.176279e-08
1.051000e-09 3.333321e-08 3.159707e-08
1.051500e-09 3.315889e-08 3.143221e-08
1.052000e-09 3.298548e-08 3.126821e-08
1.052500e-09 3.281296e-08 3.110505e-08
1.053000e-09 3.264134e-08 3.094274e-08
1.053500e-09 3.247062e-08 3.078127e-08
1.054000e-09 3.230078e-08 3.062063e-08
1.054500e-09 3.213182e-08 3.046083e-08
1.055000e-09 3.196374e-08 3.030186e-08
1.055500e-09 3.179653e-08 3.014370e-08
1.056000e-09 3.163019e-08 2.998637e-08
1.056500e-09 3.146472e-08 2.982985e-08
1.057000e-09 3.130010e-08 2.967415e-08
1.057500e-09 3.113634e-08 2.951925e-08
1.058000e-09 3.097343e-08 2.936515e-08
1.058500e-09 3.081137e-08 2.921185e-08
1.059000e-09 3.065015e-08 2.905935e-08
1.059500e-09 3.048976e-08 2.890763e-08
1.060000e-09 3.033021e-08 2.875670e-08
1.060500e-09 3.017149e-08 2.860656e-08
1.061000e-09 3.001360e-08 2.845719e-08
1.061500e-09 2.985652e-08 2.830860e-08
1.062000e-09 2.970027e-08 2.816077e-08
1.062500e-09 2.954482e-08 2.801371e-08
1.063000e-09 2.939018e-08 2.786742e-08
1.063500e-09 2.923635e-08 2.772188e-08
1.064000e-09 2.908331e-08 2.757710e-08
1.064500e-09 2.893107e-08 2.743307e-08
1.065000e-09 2.877963e-08 2.728978e-08
1.065500e-09 2.862897e-08 2.714724e-08
1.066000e-09 2.847909e-08 2.700543e-08
1.066500e-09 2.832999e-08 2.686437e-08
1.067000e-09 2.818167e-08 2.672403e-08
1.067500e-09 2.803412e-08 2.658442e-08
1.068000e-09 2.788733e-08 2.644554e-08
1.068500e-09 2.774131e-08 2.630737e-08
1.069000e-09 2.759605e-08 2.616992e-08
1.069500e-09 2.745155e-08 2.603319e-08
1.070000e-09 2.730779e-08 2.589716e-08
1.070500e-09 2.716479e-08 2.576184e-08
1.071000e-09 2.702252e-08 2.562722e-08
1.071500e-09 2.688100e-08 2.549330e-08
1.072000e-09 2.674022e-08 2.536008e-08
1.072500e-09 2.660016e-08 2.522754e-08
1.073000e-09 2.646084e-08 2.509570e-08
1.073500e-09 2.632224e-08 2.496453e-08
1.074000e-09 2.618436e-08 2.483405e-08
1.074500e-09 2.604720e-08 2.470425e-08
1.075000e-09 2.591075e-08 2.457512e-08
1.075500e-09 2.577501e-08 2.444666e-08
1.076000e-09 2.563998e-08 2.431886e-08
1.076500e-09 2.550565e-08 2.419173e-08
1.077000e-09 2.537202e-08 2.406526e-08
1.077500e-09 2.523909e-08 2.393944e-08
1.078000e-09 2.510685e-08 2.381428e-08
1.078500e-09 2.497529e-08 2.368977e-08
1.079000e-09 2.484442e-08 2.356590e-08
1.079500e-09 2.471424e-08 2.344268e-08
1.080000e-09 2.458473e-08 2.332010e-08
1.080500e-09 2.445589e-08 2.319815e-08
1.081000e-09 2.432773e-08 2.307684e-08
1.081500e-09 2.420023e-08 2.295616e-08
1.082000e-09 2.407339e-08 2.283610e-08
1.082500e-09 2.394722e-08 2.271667e-08
1.083000e-09 2.382170e-08 2.259785e-08
1.083500e-09 2.369684e-08 2.247966e-08
1.084000e-09 2.357263e-08 2.236208e-08
1.084500e-09 2.344906e-08 2.224511e-08
1.085000e-09 2.332614e-08 2.212874e-08
1.085500e-09 2.320386e-08 2.201298e-08
1.086000e-09 2.308221e-08 2.189782e-08
1.086500e-09 2.296120e-08 2.178326e-08
1.087000e-09 2.284082e-08 2.166930e-08
1.087500e-09 2.272107e-08 2.155593e-08
1.088000e-09 2.260194e-08 2.144314e-08
1.088500e-09 2.248343e-08 2.133095e-08
1.089000e-09 2.236553e-08 2.121933e-08
1.089500e-09 2.224826e-08 2.110830e-08
1.090000e-09 2.213159e-08 2.099784e-08
1.090500e-09 2.201553e-08 2.088796e-08
1.091000e-09 2.190007e-08 2.077865e-08
1.091500e-09 2.178522e-08 2.066990e-08
1.092000e-09 2.167097e-08 2.056172e-08
1.092500e-09 2.155731e-08 2.045411e-08
1.093000e-09 2.144424e-08 2.034705e-08
1.093500e-09 2.133177e-08 2.024055e-08
1.094000e-09 2.121987e-08 2.013460e-08
1.094500e-09 2.110857e-08 2.002920e-08
1.095000e-09 2.099784e-08 1.992436e-08
1.095500e-09 2.088769e-08 1.982005e-08
1.096000e-09 2.077811e-08 1.971629e-08
1.096500e-09 2.066911e-08 1.961307e-08
1.097000e-09 2.056067e-08 1.951039e-08
1.097500e-09 2.045280e-08 1.940823e-08
1.098000e-09 2.034549e-08 1.930662e-08
1.098500e-09 2.023874e-08 1.920552e-08
1.099000e-09 2.013255e-08 1.910496e-08
1.099500e-09 2.002691e-08 1.900492e-08
1.100000e-09 1.992182e-08 1.890539e-08
1.100500e-09 1.981728e-08 1.880639e-08
1.101000e-09 1.971328e-08 1.870790e-08
1.101500e-09 1.960983e-08 1.860992e-08
1.102000e-09 1.950692e-08 1.851246e-08
1.102500e-09 1.940454e-08 1.841550e-08
1.103000e-09 1.930270e-08 1.831904e-08
1.103500e-09 1.920139e-08 1.822309e-08
1.104000e-09 1.910060e-08 1.812763e-08
1.104500e-09 1.900035e-08 1.803268e-08
1.105000e-09 1.890061e-08 1.793821e-08
1.105500e-09 1.880140e-08 1.784424e-08
1.106000e-09 1.870270e-08 1.775076e-08
1.106500e-09 1.860452e-08 1.765776e-08
1.107000e-09 1.850685e-08 1.756525e-08
1.107500e-09 1.840969e-08 1.747322e-08
1.108000e-09 1.831304e-08 1.738166e-08
1.108500e-09 1.821689e-08 1.729059e-08
1.109000e-09 1.812124e-08 1.719999e-08
1.109500e-09 1.802610e-08 1.710986e-08
1.110000e-09 1.793145e-08 1.702019e-08
1.110500e-09 1.783729e-08 1.693100e-08
1.111000e-09 1.774362e-08 1.684227e-08
1.111500e-09 1.765045e-08 1.675400e-08
1.112000e-09 1.755776e-08 1.666620e-08
1.112500e-09 1.746555e-08 1.657884e-08
1.113000e-09 1.737382e-08 1.649195e-08
1.113500e-09 1.728258e-08 1.640551e-08
1.114000e-09 1.719181e-08 1.631951e-08
1.114500e-09 1.710151e-08 1.623397e-08
1.115000e-09 1.701169e-08 1.614887e-08
1.115500e-09 1.692233e-08 1.606421e-08
1.116000e-09 1.683344e-08 1.597999e-08
1.116500e-09 1.674502e-08 1.589622e-08
1.117000e-09 1.665705e-08 1.581288e-08
1.117500e-09 1.656955e-08 1.572997e-08
1.118000e-09 1.648250e-08 1.564749e-08
1.118500e-09 1.639591e-08 1.556545e-08
1.119000e-09 1.630977e-08 1.548383e-08
1.119500e-09 1.622408e-08 1.540264e-08
1.120000e-09 1.613884e-08 1.532187e-08
1.120500e-09 1.605404e-08 1.524152e-08
1.121000e-09 1.596968e-08 1.516159e-08
1.121500e-09 1.588577e-08 1.508208e-08
1.122000e-09 1.580229e-08 1.500298e-08
1.122500e-09 1.571925e-08 1.492429e-08
1.123000e-09 1.563665e-08 1.484601e-08
1.123500e-09 1.555447e-08 1.476815e-08
1.124000e-09 1.547273e-08 1.469068e-08
1.124500e-09 1.539141e-08 1.461362e-08
1.125000e-09 1.531052e-08 1.453697e-08
1.125500e-09 1.523005e-08 1.446071e-08
1.126000e-09 1.515000e-08 1.438485e-08
1.126500e-09 1.507036e-08 1.430938e-08
1.127000e-09 1.499115e-08 1.423431e-08
1.127500e-09 1.491235e-08 1.415963e-08
1.128000e-09 1.483396e-08 1.408534e-08
1.128500e-09 1.475598e-08 1.401144e-08
1.129000e-09 1.467840e-08 1.393792e-08
1.129500e-09 1.460124e-08 1.386478e-08
1.130000e-09 1.452447e-08 1.379203e-08
1.130500e-09 1.444811e-08 1.371965e-08
1.131000e-09 1.437215e-08 1.364766e-08
1.131500e-09 1.429658e-08 1.357604e-08
1.132000e-09 1.422141e-08 1.350479e-08
1.132500e-09 1.414663e-08 1.343391e-08
1.133000e-09 1.407224e-08 1.336341e-08
1.133500e-09 1.399824e-08 1.329327e-08
1.134000e-09 1.392463e-08 1.322349e-08
1.134500e-09 1.385141e-08 1.315409e-08
1.135000e-09 1.377856e-08 1.308504e-08
1.135500e-09 1.370610e-08 1.301635e-08
1.136000e-09 1.363402e-08 1.294802e-08
1.136500e-09 1.356231e-08 1.288005e-08
1.137000e-09 1.349098e-08 1.281243e-08
1.137500e-09 1.342002e-08 1.274517e-08
1.138000e-09 1.334943e-08 1.267826e-08
1.138500e-09 1.327921e-08 1.261169e-08
1.139000e-09 1.320936e-08 1.254548e-08
1.139500e-09 1.313987e-08 1.247960e-08
1.140000e-09 1.307075e-08 1.241408e-08
1.140500e-09 1.300199e-08 1.234889e-08
1.141000e-09 1.293359e-08 1.228405e-08
1.141500e-09 1.286554e-08 1.221954e-08
1.142000e-09 1.279786e-08 1.215537e-08
1.142500e-09 1.273052e-08 1.209153e-08
1.143000e-09 1.266354e-08 1.202803e-08
1.143500e-09 1.259691e-08 1.196486e-08
1.144000e-09 1.253063e-08 1.190202e-08
1.144500e-09 1.246469e-08 1.183951e-08
1.145000e-09 1.239910e-08 1.177732e-08
1.145500e-09 1.233385e-08 1.171546e-08
1.146000e-09 1.226895e-08 1.165392e-08
1.146500e-09 1.220438e-08 1.159270e-08
1.147000e-09 1.214015e-08 1.153181e-08
1.147500e-09 1.207626e-08 1.147123e-08
1.148000e-09 1.201270e-08 1.141096e-08
1.148500e-09 1.194948e-08 1.135101e-08
1.149000e-09 1.188659e-08 1.129138e-08
1.149500e-09 1.182402e-08 1.123205e-08
1.150000e-09 1.176178e-08 1.117304e-08
1.150500e-09 1.169987e-08 1.111433e-08
1.151000e-09 1.163828e-08 1.105593e-08
1.151500e-09 1.157702e-08 1.099784e-08
1.152000e-09 1.151607e-08 1.094005e-08
1.152500e-09 1.145545e-08 1.088256e-08
1.153000e-09 1.139514e-08 1.082537e-08
1.153500e-09 1.133515e-08 1.076848e-08
1.154000e-09 1.127547e-08 1.071189e-08
1.154500e-09 1.121611e-08 1.065559e-08
1.155000e-09 1.115705e-08 1.059959e-08
1.155500e-09 1.109830e-08 1.054388e-08
1.156000e-09 1.103987e-08 1.048846e-08
1.156500e-09 1.098174e-08 1.043333e-08
1.157000e-09 1.092391e-08 1.037849e-08
1.157500e-09 1.086638e-08 1.032393e-08
1.158000e-09 1.080916e-08 1.026966e-08
1.158500e-09 1.075224e-08 1.021568e-08
1.159000e-09 1.069561e-08 1.016197e-08
1.159500e-09 1.063928e-08 1.010855e-08
1.160000e-09 1.058325e-08 1.005540e-08
1.160500e-09 1.052751e-08 1.000254e-08
1.161000e-09 1.047206e-08 9.949948e-09
1.161500e-09 1.041690e-08 9.897633e-09
1.162000e-09 1.036203e-08 9.845591e-09
1.162500e-09 1.030745e-08 9.793821e-09
1.163000e-09 1.025316e-08 9.742322e-09
1.163500e-09 1.019915e-08 9.691093e-09
1.164000e-09 1.014542e-08 9.640131e-09
1.164500e-09 1.009197e-08 9.589435e-09
1.165000e-09 1.003881e-08 9.539005e-09
1.165500e-09 9.985917e-09 9.488838e-09
1.166000e-09 9.933307e-09 9.438934e-09
1.166500e-09 9.880972e-09 9.389290e-09
1.167000e-09 9.828911e-09 9.339907e-09
1.167500e-09 9.777123e-09 9.290781e-09
1.168000e-09 9.725607e-09 9.241912e-09
1.168500e-09 9.674361e-09 9.193299e-09
1.169000e-09 9.623383e-09 9.144941e-09
1.169500e-09 9.572672e-09 9.096835e-09
1.170000e-09 9.522228e-09 9.048981e-09
1.170500e-09 9.472047e-09 9.001377e-09
1.171000e-09 9.422130e-09 8.954022e-09
1.171500e-09 9.372475e-09 8.906915e-09
1.172000e-09 9.323079e-09 8.860054e-09
1.172500e-09 9.273943e-09 8.813438e-09
1.173000e-09 9.225064e-09 8.767067e-09
1.173500e-09 9.176442e-09 8.720938e-09
1.174000e-09 9.128074e-09 8.675050e-09
1.174500e-09 9.079960e-09 8.629402e-09
1.175000e-09 9.032099e-09 8.583994e-09
1.175500e-09 8.984488e-09 8.538822e-09
1.176000e-09 8.937127e-09 8.493888e-09
1.176500e-09 8.890015e-09 8.449188e-09
1.177000e-09 8.843149e-09 8.404722e-09
1.177500e-09 8.796529e-09 8.360489e-09
1.178000e-09 8.750154e-09 8.316488e-09
1.178500e-09 8.704022e-09 8.272717e-09
1.179000e-09 8.658132e-09 8.229175e-09
1.179500e-09 8.612483e-09 8.185860e-09
1.180000e-09 8.567073e-09 8.142773e-09
1.180500e-09 8.521901e-09 8.099911e-09
1.181000e-09 8.476966e-09 8.057273e-09
1.181500e-09 8.432267e-09 8.014859e-09
1.182000e-09 8.387802e-09 7.972667e-09
1.182500e-09 8.343571e-09 7.930695e-09
1.183000e-09 8.299572e-09 7.888944e-09
1.183500e-09 8.255803e-09 7.847411e-09
1.184000e-09 8.212265e-09 7.806095e-09
1.184500e-09 8.168954e-09 7.764996e-09
1.185000e-09 8.125871e-09 7.724112e-09
1.185500e-09 8.083014e-09 7.683442e-09
1.186000e-09 8.040382e-09 7.642985e-09
1.186500e-09 7.997974e-09 7.602740e-09
1.187000e-09 7.955788e-09 7.562705e-09
1.187500e-09 7.913823e-09 7.522881e-09
1.188000e-09 7.872079e-09 7.483265e-09
1.188500e-09 7.830554e-09 7.443856e-09
1.189000e-09 7.789246e-09 7.404654e-09
1.189500e-09 7.748156e-09 7.365657e-09
1.190000e-09 7.707281e-09 7.326864e-09
1.190500e-09 7.666621e-09 7.288275e-09
1.191000e-09 7.626174e-09 7.249888e-09
1.191500e-09 7.585940e-09 7.211701e-09
1.192000e-09 7.545916e-09 7.173715e-09
1.192500e-09 7.506103e-09 7.135928e-09
1.193000e-09 7.466499e-09 7.098339e-09
1.193500e-09 7.427103e-09 7.060947e-09
1.194000e-09 7.387913e-09 7.023751e-09
1.194500e-09 7.348930e-09 6.986749e-09
1.195000e-09 7.310151e-09 6.949942e-09
1.195500e-09 7.271575e-09 6.913327e-09
1.196000e-09 7.233202e-09 6.876905e-09
1.196500e-09 7.195031e-09 6.840673e-09
1.197000e-09 7.157060e-09 6.804631e-09
1.197500e-09 7.119289e-09 6.768778e-09
1.198000e-09 7.081715e-09 6.733113e-09
1.198500e-09 7.044339e-09 6.697634e-09
1.199000e-09 7.007160e-09 6.662342e-09
1.199500e-09 6.970176e-09 6.627235e-09
1.200000e-09 6.933386e-09 6.592311e-09
