0.000000e+00 0 0
5.000000e-13 0 0
1.000000e-12 0 0
1.500000e-12 0 0
2.000000e-12 0 0
2.500000e-12 0 0
3.000000e-12 0 0
3.500000e-12 0 0
4.000000e-12 0 0
4.500000e-12 0 0
5.000000e-12 0 0
5.500000e-12 0 0
6.000000e-12 0 0
6.500000e-12 0 0
7.000000e-12 0 0
7.500000e-12 0 0
8.000000e-12 0 0
8.500000e-12 0 0
9.000000e-12 0 0
9.500000e-12 0 0
1.000000e-11 0 0
1.050000e-11 0 0
1.100000e-11 0 0
1.150000e-11 0 0
1.200000e-11 0 0
1.250000e-11 0 0
1.300000e-11 0 0
1.350000e-11 0 0
1.400000e-11 0 0
1.450000e-11 0 0
1.500000e-11 0 0
1.550000e-11 0 0
1.600000e-11 0 0
1.650000e-11 0 0
1.700000e-11 0 0
1.750000e-11 0 0
1.800000e-11 0 0
1.850000e-11 0 0
1.900000e-11 0 0
1.950000e-11 0 0
2.000000e-11 0 0
2.050000e-11 0 0
2.100000e-11 0 0
2.150000e-11 0 0
2.200000e-11 0 0
2.250000e-11 0 0
2.300000e-11 0 0
2.350000e-11 0 0
2.400000e-11 0 0
2.450000e-11 0 0
2.500000e-11 0 0
2.550000e-11 0 0
2.600000e-11 0 0
2.650000e-11 0 0
2.700000e-11 0 0
2.750000e-11 0 0
2.800000e-11 0 0
2.850000e-11 0 0
2.900000e-11 0 0
2.950000e-11 0 0
3.000000e-11 0 0
3.050000e-11 0 0
3.100000e-11 0 0
3.150000e-11 0 0
3.200000e-11 0 0
3.250000e-11 0 0
3.300000e-11 0 0
3.350000e-11 0 0
3.400000e-11 0 0
3.450000e-11 0 0
3.500000e-11 0 0
3.550000e-11 0 0
3.600000e-11 0 0
3.650000e-11 0 0
3.700000e-11 0 0
3.750000e-11 0 0
3.800000e-11 0 0
3.850000e-11 0 0
3.900000e-11 0 0
3.950000e-11 0 0
4.000000e-11 0 0
4.050000e-11 0 0
4.100000e-11 0 0
4.150000e-11 0 0
4.200000e-11 0 0
4.250000e-11 0 0
4.300000e-11 0 0
4.350000e-11 0 0
4.400000e-11 0 0
4.450000e-11 0 0
4.500000e-11 0 0
4.550000e-11 0 0
4.600000e-11 0 0
4.650000e-11 0 0
4.700000e-11 0 0
4.750000e-11 0 0
4.800000e-11 0 0
4.850000e-11 0 0
4.900000e-11 0 0
4.950000e-11 0 0
5.000000e-11 0 0
5.050000e-11 0 0
5.100000e-11 0 0
5.150000e-11 0 0
5.200000e-11 0 0
5.250000e-11 0 0
5.300000e-11 0 0
5.350000e-11 0 0
5.400000e-11 0 0
5.450000e-11 0 0
5.500000e-11 0 0
5.550000e-11 0 0
5.600000e-11 0 0
5.650000e-11 0 0
5.700000e-11 0 0
5.750000e-11 0 0
5.800000e-11 0 0
5.850000e-11 0 0
5.900000e-11 0 0
5.950000e-11 0 0
6.000000e-11 0 0
6.050000e-11 0 0
6.100000e-11 0 0
6.150000e-11 0 0
6.200000e-11 0 0
6.250000e-11 0 0
6.300000e-11 0 0
6.350000e-11 0 0
6.400000e-11 0 0
6.450000e-11 0 0
6.500000e-11 0 0
6.550000e-11 0 0
6.600000e-11 0 0
6.650000e-11 0 0
6.700000e-11 0 0
6.750000e-11 0 0
6.800000e-11 0 0
6.850000e-11 0 0
6.900000e-11 0 0
6.950000e-11 0 0
7.000000e-11 0 0
7.050000e-11 0 0
7.100000e-11 0 0
7.150000e-11 0 0
7.200000e-11 0 0
7.250000e-11 0 0
7.300000e-11 0 0
7.350000e-11 0 0
7.400000e-11 0 0
7.450000e-11 0 0
7.500000e-11 0 0
7.550000e-11 0 0
7.600000e-11 0 0
7.650000e-11 0 0
7.700000e-11 0 0
7.750000e-11 0 0
7.800000e-11 0 0
7.850000e-11 0 0
7.900000e-11 0 0
7.950000e-11 0 0
8.000000e-11 0 0
8.050000e-11 0 0
8.100000e-11 0 0
8.150000e-11 0 0
8.200000e-11 0 0
8.250000e-11 0 0
8.300000e-11 0 0
8.350000e-11 0 0
8.400000e-11 0 0
8.450000e-11 0 0
8.500000e-11 0 0
8.550000e-11 0 0
8.600000e-11 0 0
8.650000e-11 0 0
8.700000e-11 0 0
8.750000e-11 0 0
8.800000e-11 0 0
8.850000e-11 0 0
8.900000e-11 0 0
8.950000e-11 0 0
9.000000e-11 0 0
9.050000e-11 0 0
9.100000e-11 0 0
9.150000e-11 0 0
9.200000e-11 0 0
9.250000e-11 0 0
9.300000e-11 0 0
9.350000e-11 0 0
9.400000e-11 0 0
9.450000e-11 0 0
9.500000e-11 0 0
9.550000e-11 0 0
9.600000e-11 0 0
9.650000e-11 0 0
9.700000e-11 0 0
9.750000e-11 0 0
9.800000e-11 0 0
9.850000e-11 0 0
9.900000e-11 0 0
9.950000e-11 0 0
1.000000e-10 0 0
1.005000e-10 0 0
1.010000e-10 0 0
1.015000e-10 0 0
1.020000e-10 0 0
1.025000e-10 0 0
1.030000e-10 0 0
1.035000e-10 0 0
1.040000e-10 0 0
1.045000e-10 0 0
1.050000e-10 0 0
1.055000e-10 0 0
1.060000e-10 0 0
1.065000e-10 0 0
1.070000e-10 0 0
1.075000e-10 0 0
1.080000e-10 0 0
1.085000e-10 0 0
1.090000e-10 0 0
1.095000e-10 0 0
1.100000e-10 0 0
1.105000e-10 0 0
1.110000e-10 0 0
1.115000e-10 0 0
1.120000e-10 0 0
1.125000e-10 0 0
1.130000e-10 0 0
1.135000e-10 0 0
1.140000e-10 0 0
1.145000e-10 0 0
1.150000e-10 0 0
1.155000e-10 0 0
1.160000e-10 0 0
1.165000e-10 0 0
1.170000e-10 0 0
1.175000e-10 0 0
1.180000e-10 0 0
1.185000e-10 0 0
1.190000e-10 0 0
1.195000e-10 0 0
1.200000e-10 0 0
1.205000e-10 0 0
1.210000e-10 0 0
1.215000e-10 0 0
1.220000e-10 0 0
1.225000e-10 0 0
1.230000e-10 0 0
1.235000e-10 0 0
1.240000e-10 0 0
1.245000e-10 0 0
1.250000e-10 0 0
1.255000e-10 0 0
1.260000e-10 0 0
1.265000e-10 0 0
1.270000e-10 0 0
1.275000e-10 0 0
1.280000e-10 0 0
1.285000e-10 0 0
1.290000e-10 0 0
1.295000e-10 0 0
1.300000e-10 0 0
1.305000e-10 0 0
1.310000e-10 0 0
1.315000e-10 0 0
1.320000e-10 0 0
1.325000e-10 0 0
1.330000e-10 0 0
1.335000e-10 0 0
1.340000e-10 0 0
1.345000e-10 0 0
1.350000e-10 0 0
1.355000e-10 0 0
1.360000e-10 0 0
1.365000e-10 0 0
1.370000e-10 0 0
1.375000e-10 0 0
1.380000e-10 0 0
1.385000e-10 0 0
1.390000e-10 0 0
1.395000e-10 0 0
1.400000e-10 0 0
1.405000e-10 0 0
1.410000e-10 0 0
1.415000e-10 0 0
1.420000e-10 0 0
1.425000e-10 0 0
1.430000e-10 0 0
1.435000e-10 0 0
1.440000e-10 0 0
1.445000e-10 0 0
1.450000e-10 0 0
1.455000e-10 0 0
1.460000e-10 0 0
1.465000e-10 0 0
1.470000e-10 0 0
1.475000e-10 0 0
1.480000e-10 0 0
1.485000e-10 0 0
1.490000e-10 0 0
1.495000e-10 0 0
1.500000e-10 0 0
1.505000e-10 0 0
1.510000e-10 0 0
1.515000e-10 0 0
1.520000e-10 0 0
1.525000e-10 0 0
1.530000e-10 0 0
1.535000e-10 0 0
1.540000e-10 0 0
1.545000e-10 0 0
1.550000e-10 0 0
1.555000e-10 0 0
1.560000e-10 0 0
1.565000e-10 0 0
1.570000e-10 0 0
1.575000e-10 0 0
1.580000e-10 0 0
1.585000e-10 0 0
1.590000e-10 0 0
1.595000e-10 0 0
1.600000e-10 0 0
1.605000e-10 0 0
1.610000e-10 0 0
1.615000e-10 0 0
1.620000e-10 0 0
1.625000e-10 0 0
1.630000e-10 0 0
1.635000e-10 0 0
1.640000e-10 0 0
1.645000e-10 0 0
1.650000e-10 0 0
1.655000e-10 0 0
1.660000e-10 0 0
1.665000e-10 0 0
1.670000e-10 0 0
1.675000e-10 0 0
1.680000e-10 0 0
1.685000e-10 0 0
1.690000e-10 0 0
1.695000e-10 0 0
1.700000e-10 0 0
1.705000e-10 0 0
1.710000e-10 0 0
1.715000e-10 0 0
1.720000e-10 0 0
1.725000e-10 0 0
1.730000e-10 0 0
1.735000e-10 0 0
1.740000e-10 0 0
1.745000e-10 0 0
1.750000e-10 0 0
1.755000e-10 0 0
1.760000e-10 0 0
1.765000e-10 0 0
1.770000e-10 0 0
1.775000e-10 0 0
1.780000e-10 0 0
1.785000e-10 0 0
1.790000e-10 0 0
1.795000e-10 0 0
1.800000e-10 0 0
1.805000e-10 0 0
1.810000e-10 0 0
1.815000e-10 0 0
1.820000e-10 0 0
1.825000e-10 0 0
1.830000e-10 0 0
1.835000e-10 0 0
1.840000e-10 0 0
1.845000e-10 0 0
1.850000e-10 0 0
1.855000e-10 0 0
1.860000e-10 0 0
1.865000e-10 0 0
1.870000e-10 0 0
1.875000e-10 0 0
1.880000e-10 0 0
1.885000e-10 0 0
1.890000e-10 0 0
1.895000e-10 0 0
1.900000e-10 0 0
1.905000e-10 0 0
1.910000e-10 0 0
1.915000e-10 0 0
1.920000e-10 0 0
1.925000e-10 0 0
1.930000e-10 0 0
1.935000e-10 0 0
1.940000e-10 0 0
1.945000e-10 0 0
1.950000e-10 0 0
1.955000e-10 0 0
1.960000e-10 0 0
1.965000e-10 0 0
1.970000e-10 0 0
1.975000e-10 0 0
1.980000e-10 0 0
1.985000e-10 0 0
1.990000e-10 0 0
1.995000e-10 0 0
2.000000e-10 0 0
2.005000e-10 0 0
2.010000e-10 0 0
2.015000e-10 0 0
2.020000e-10 0 0
2.025000e-10 0 0
2.030000e-10 0 0
2.035000e-10 0 0
2.040000e-10 0 0
2.045000e-10 0 0
2.050000e-10 0 0
2.055000e-10 0 0
2.060000e-10 0 0
2.065000e-10 0 0
2.070000e-10 0 0
2.075000e-10 0 0
2.080000e-10 0 0
2.085000e-10 0 0
2.090000e-10 0 0
2.095000e-10 0 0
2.100000e-10 0 0
2.105000e-10 0 0
2.110000e-10 0 0
2.115000e-10 0 0
2.120000e-10 0 0
2.125000e-10 0 0
2.130000e-10 0 0
2.135000e-10 0 0
2.140000e-10 0 0
2.145000e-10 0 0
2.150000e-10 0 0
2.155000e-10 0 0
2.160000e-10 0 0
2.165000e-10 0 0
2.170000e-10 0 0
2.175000e-10 0 0
2.180000e-10 0 0
2.185000e-10 0 0
2.190000e-10 0 0
2.195000e-10 0 0
2.200000e-10 0 0
2.205000e-10 0 0
2.210000e-10 0 0
2.215000e-10 0 0
2.220000e-10 0 0
2.225000e-10 0 0
2.230000e-10 0 0
2.235000e-10 0 0
2.240000e-10 0 0
2.245000e-10 0 0
2.250000e-10 0 0
2.255000e-10 0 0
2.260000e-10 0 0
2.265000e-10 0 0
2.270000e-10 0 0
2.275000e-10 0 0
2.280000e-10 0 0
2.285000e-10 0 0
2.290000e-10 0 0
2.295000e-10 0 0
2.300000e-10 0 0
2.305000e-10 0 0
2.310000e-10 0 0
2.315000e-10 0 0
2.320000e-10 0 0
2.325000e-10 0 0
2.330000e-10 0 0
2.335000e-10 0 0
2.340000e-10 0 0
2.345000e-10 0 0
2.350000e-10 0 0
2.355000e-10 0 0
2.360000e-10 0 0
2.365000e-10 0 0
2.370000e-10 0 0
2.375000e-10 0 0
2.380000e-10 0 0
2.385000e-10 0 0
2.390000e-10 0 0
2.395000e-10 0 0
2.400000e-10 0 0
2.405000e-10 0 0
2.410000e-10 0 0
2.415000e-10 0 0
2.420000e-10 0 0
2.425000e-10 0 0
2.430000e-10 0 0
2.435000e-10 0 0
2.440000e-10 0 0
2.445000e-10 0 0
2.450000e-10 0 0
2.455000e-10 0 0
2.460000e-10 0 0
2.465000e-10 0 0
2.470000e-10 0 0
2.475000e-10 0 0
2.480000e-10 0 0
2.485000e-10 0 0
2.490000e-10 0 0
2.495000e-10 0 0
2.505000e-10 0.000000e+00 0
2.510000e-10 1.115180e-05 0
2.515000e-10 1.568365e-05 0
2.520000e-10 1.910205e-05 0
2.525000e-10 2.193495e-05 0
2.530000e-10 2.438815e-05 0
2.535000e-10 2.656787e-05 0
2.540000e-10 2.853759e-05 0
2.545000e-10 3.033895e-05 0
2.550000e-10 3.200104e-05 0
2.555000e-10 3.354518e-05 0
2.560000e-10 3.498756e-05 0
2.565000e-10 3.634086e-05 0
2.570000e-10 3.761521e-05 0
2.575000e-10 3.881889e-05 0
2.580000e-10 3.995876e-05 0
2.585000e-10 4.104059e-05 0
2.590000e-10 4.206930e-05 0
2.595000e-10 4.304913e-05 0
2.600000e-10 4.398374e-05 0
2.605000e-10 4.487636e-05 0
2.610000e-10 4.572982e-05 0
2.615000e-10 4.654665e-05 0
2.620000e-10 4.732910e-05 0
2.625000e-10 4.807920e-05 0
2.630000e-10 4.879877e-05 0
2.635000e-10 4.948947e-05 0
2.640000e-10 5.015281e-05 0
2.645000e-10 5.079017e-05 0
2.650000e-10 5.140281e-05 0
2.655000e-10 5.199191e-05 0
2.660000e-10 5.255853e-05 0
2.665000e-10 5.310368e-05 0
2.670000e-10 5.362828e-05 0
2.675000e-10 5.413319e-05 0
2.680000e-10 5.461921e-05 0
2.685000e-10 5.508710e-05 0
2.690000e-10 5.553756e-05 0
2.695000e-10 5.597124e-05 0
2.700000e-10 5.638878e-05 0
2.705000e-10 5.679076e-05 0
2.710000e-10 5.717772e-05 0
2.715000e-10 5.755020e-05 0
2.720000e-10 5.790868e-05 0
2.725000e-10 5.825363e-05 0
2.730000e-10 5.858551e-05 0
2.735000e-10 5.890472e-05 0
2.740000e-10 5.921168e-05 0
2.745000e-10 5.950676e-05 0
2.750000e-10 5.979033e-05 0
2.755000e-10 6.006275e-05 0
2.760000e-10 6.032433e-05 0
2.765000e-10 6.057541e-05 0
2.770000e-10 6.081628e-05 0
2.775000e-10 6.104725e-05 0
2.780000e-10 6.126858e-05 0
2.785000e-10 6.148055e-05 0
2.790000e-10 6.168341e-05 0
2.795000e-10 6.187742e-05 0
2.800000e-10 6.206281e-05 0
2.805000e-10 6.223982e-05 0.000000e+00
2.810000e-10 6.240866e-05 8.363847e-06
2.815000e-10 6.256956e-05 1.176273e-05
2.820000e-10 6.272270e-05 1.432654e-05
2.825000e-10 6.286830e-05 1.645121e-05
2.830000e-10 6.300654e-05 1.829111e-05
2.835000e-10 6.313762e-05 1.992590e-05
2.840000e-10 6.326170e-05 2.140319e-05
2.845000e-10 6.337897e-05 2.275421e-05
2.850000e-10 6.348959e-05 2.400078e-05
2.855000e-10 6.359373e-05 2.515888e-05
2.860000e-10 6.369153e-05 2.624067e-05
2.865000e-10 6.378316e-05 2.725565e-05
2.870000e-10 6.386875e-05 2.821141e-05
2.875000e-10 6.394846e-05 2.911417e-05
2.880000e-10 6.402243e-05 2.996907e-05
2.885000e-10 6.409078e-05 3.078044e-05
2.890000e-10 6.415365e-05 3.155198e-05
2.895000e-10 6.421117e-05 3.228685e-05
2.900000e-10 6.426345e-05 3.298780e-05
2.905000e-10 6.431063e-05 3.365727e-05
2.910000e-10 6.435281e-05 3.429737e-05
2.915000e-10 6.439012e-05 3.490999e-05
2.920000e-10 6.442265e-05 3.549683e-05
2.925000e-10 6.445052e-05 3.605940e-05
2.930000e-10 6.447383e-05 3.659908e-05
2.935000e-10 6.449269e-05 3.711710e-05
2.940000e-10 6.450720e-05 3.761461e-05
2.945000e-10 6.451744e-05 3.809263e-05
2.950000e-10 6.452352e-05 3.855211e-05
2.955000e-10 6.452553e-05 3.899393e-05
2.960000e-10 6.452355e-05 3.941890e-05
2.965000e-10 6.451768e-05 3.982776e-05
2.970000e-10 6.450799e-05 4.022121e-05
2.975000e-10 6.449458e-05 4.059989e-05
2.980000e-10 6.447753e-05 4.096441e-05
2.985000e-10 6.445690e-05 4.131532e-05
2.990000e-10 6.443279e-05 4.165317e-05
2.995000e-10 6.440526e-05 4.197843e-05
3.000000e-10 6.437440e-05 4.229159e-05
3.005000e-10 6.434026e-05 4.259307e-05
3.010000e-10 6.430293e-05 4.288329e-05
3.015000e-10 6.426247e-05 4.316265e-05
3.020000e-10 6.421895e-05 4.343151e-05
3.025000e-10 6.417243e-05 4.369022e-05
3.030000e-10 6.412299e-05 4.393913e-05
3.035000e-10 6.407067e-05 4.417854e-05
3.040000e-10 6.401555e-05 4.440876e-05
3.045000e-10 6.395768e-05 4.463007e-05
3.050000e-10 6.389713e-05 4.484275e-05
3.055000e-10 6.383395e-05 4.504706e-05
3.060000e-10 6.376819e-05 4.524325e-05
3.065000e-10 6.369992e-05 4.543156e-05
3.070000e-10 6.362918e-05 4.561221e-05
3.075000e-10 6.355604e-05 4.578543e-05
3.080000e-10 6.348053e-05 4.595143e-05
3.085000e-10 6.340272e-05 4.611041e-05
3.090000e-10 6.332265e-05 4.626256e-05
3.095000e-10 6.324037e-05 4.640807e-05
3.100000e-10 6.315593e-05 4.654711e-05
3.105000e-10 6.306937e-05 4.667987e-05
3.110000e-10 6.298075e-05 4.680650e-05
3.115000e-10 6.289010e-05 4.692717e-05
3.120000e-10 6.279748e-05 4.704203e-05
3.125000e-10 6.270292e-05 4.715122e-05
3.130000e-10 6.260646e-05 4.725491e-05
3.135000e-10 6.250815e-05 4.735321e-05
3.140000e-10 6.240804e-05 4.744628e-05
3.145000e-10 6.230615e-05 4.753423e-05
3.150000e-10 6.220253e-05 4.761719e-05
3.155000e-10 6.209721e-05 4.769529e-05
3.160000e-10 6.199024e-05 4.776865e-05
3.165000e-10 6.188165e-05 4.783737e-05
3.170000e-10 6.177148e-05 4.790156e-05
3.175000e-10 6.165976e-05 4.796135e-05
3.180000e-10 6.154653e-05 4.801682e-05
3.185000e-10 6.143182e-05 4.806809e-05
3.190000e-10 6.131567e-05 4.811524e-05
3.195000e-10 6.119811e-05 4.815838e-05
3.200000e-10 6.107917e-05 4.819759e-05
3.205000e-10 6.095888e-05 4.823297e-05
3.210000e-10 6.083728e-05 4.826461e-05
3.215000e-10 6.071439e-05 4.829259e-05
3.220000e-10 6.059025e-05 4.831699e-05
3.225000e-10 6.046488e-05 4.833789e-05
3.230000e-10 6.033832e-05 4.835538e-05
3.235000e-10 6.021059e-05 4.836952e-05
3.240000e-10 6.008172e-05 4.838040e-05
3.245000e-10 5.995174e-05 4.838808e-05
3.250000e-10 5.982068e-05 4.839264e-05
3.255000e-10 5.968856e-05 4.839414e-05
3.260000e-10 5.955541e-05 4.839266e-05
3.265000e-10 5.942125e-05 4.838826e-05
3.270000e-10 5.928611e-05 4.838100e-05
3.275000e-10 5.915001e-05 4.837094e-05
3.280000e-10 5.901299e-05 4.835814e-05
3.285000e-10 5.887505e-05 4.834268e-05
3.290000e-10 5.873623e-05 4.832459e-05
3.295000e-10 5.859655e-05 4.830395e-05
3.300000e-10 5.845603e-05 4.828080e-05
3.305000e-10 5.831469e-05 4.825520e-05
3.310000e-10 5.817256e-05 4.822720e-05
3.315000e-10 5.802966e-05 4.819685e-05
3.320000e-10 5.788600e-05 4.816421e-05
3.325000e-10 5.774162e-05 4.812933e-05
3.330000e-10 5.759652e-05 4.809224e-05
3.335000e-10 5.745073e-05 4.805300e-05
3.340000e-10 5.730427e-05 4.801166e-05
3.345000e-10 5.715716e-05 4.796826e-05
3.350000e-10 5.700942e-05 4.792285e-05
3.355000e-10 5.686107e-05 4.787546e-05
3.360000e-10 5.671211e-05 4.782614e-05
3.365000e-10 5.656259e-05 4.777494e-05
3.370000e-10 5.641250e-05 4.772189e-05
3.375000e-10 5.626187e-05 4.766703e-05
3.380000e-10 5.611072e-05 4.761040e-05
3.385000e-10 5.595906e-05 4.755204e-05
3.390000e-10 5.580690e-05 4.749199e-05
3.395000e-10 5.565428e-05 4.743028e-05
3.400000e-10 5.550119e-05 4.736695e-05
3.405000e-10 5.534767e-05 4.730203e-05
3.410000e-10 5.519371e-05 4.723556e-05
3.415000e-10 5.503935e-05 4.716758e-05
3.420000e-10 5.488458e-05 4.709811e-05
3.425000e-10 5.472944e-05 4.702719e-05
3.430000e-10 5.457393e-05 4.695485e-05
3.435000e-10 5.441806e-05 4.688112e-05
3.440000e-10 5.426185e-05 4.680603e-05
3.445000e-10 5.410532e-05 4.672961e-05
3.450000e-10 5.394848e-05 4.665189e-05
3.455000e-10 5.379134e-05 4.657291e-05
3.460000e-10 5.363392e-05 4.649268e-05
3.465000e-10 5.347622e-05 4.641124e-05
3.470000e-10 5.331826e-05 4.632861e-05
3.475000e-10 5.316006e-05 4.624482e-05
3.480000e-10 5.300162e-05 4.615990e-05
3.485000e-10 5.284296e-05 4.607387e-05
3.490000e-10 5.268409e-05 4.598675e-05
3.495000e-10 5.252502e-05 4.589858e-05
3.500000e-10 5.236576e-05 4.580937e-05
3.505000e-10 5.220632e-05 4.571916e-05
3.510000e-10 5.204672e-05 4.562796e-05
3.515000e-10 5.188697e-05 4.553579e-05
3.520000e-10 5.172707e-05 4.544269e-05
3.525000e-10 5.156704e-05 4.534866e-05
3.530000e-10 5.140689e-05 4.525374e-05
3.535000e-10 5.124662e-05 4.515794e-05
3.540000e-10 5.108625e-05 4.506129e-05
3.545000e-10 5.092579e-05 4.496381e-05
3.550000e-10 5.076525e-05 4.486551e-05
3.555000e-10 5.060463e-05 4.476642e-05
3.560000e-10 5.044395e-05 4.466656e-05
3.565000e-10 5.028322e-05 4.456594e-05
3.570000e-10 5.012244e-05 4.446458e-05
3.575000e-10 4.996162e-05 4.436251e-05
3.580000e-10 4.980078e-05 4.425974e-05
3.585000e-10 4.963992e-05 4.415629e-05
3.590000e-10 4.947904e-05 4.405217e-05
3.595000e-10 4.931817e-05 4.394741e-05
3.600000e-10 4.915730e-05 4.384202e-05
3.605000e-10 4.899644e-05 4.373602e-05
3.610000e-10 4.883560e-05 4.362942e-05
3.615000e-10 4.867480e-05 4.352224e-05
3.620000e-10 4.851403e-05 4.341450e-05
3.625000e-10 4.835331e-05 4.330621e-05
3.630000e-10 4.819264e-05 4.319739e-05
3.635000e-10 4.803203e-05 4.308805e-05
3.640000e-10 4.787148e-05 4.297820e-05
3.645000e-10 4.771101e-05 4.286787e-05
3.650000e-10 4.755062e-05 4.275707e-05
3.655000e-10 4.739032e-05 4.264580e-05
3.660000e-10 4.723011e-05 4.253409e-05
3.665000e-10 4.707000e-05 4.242194e-05
3.670000e-10 4.691000e-05 4.230937e-05
3.675000e-10 4.675011e-05 4.219640e-05
3.680000e-10 4.659034e-05 4.208304e-05
3.685000e-10 4.643070e-05 4.196929e-05
3.690000e-10 4.627119e-05 4.185518e-05
3.695000e-10 4.611181e-05 4.174071e-05
3.700000e-10 4.595258e-05 4.162590e-05
3.705000e-10 4.579350e-05 4.151075e-05
3.710000e-10 4.563457e-05 4.139528e-05
3.715000e-10 4.547581e-05 4.127951e-05
3.720000e-10 4.531721e-05 4.116344e-05
3.725000e-10 4.515878e-05 4.104708e-05
3.730000e-10 4.500052e-05 4.093044e-05
3.735000e-10 4.484245e-05 4.081354e-05
3.740000e-10 4.468456e-05 4.069639e-05
3.745000e-10 4.452686e-05 4.057899e-05
3.750000e-10 4.436936e-05 4.046136e-05
3.755000e-10 4.421206e-05 4.034351e-05
3.760000e-10 4.405497e-05 4.022544e-05
3.765000e-10 4.389808e-05 4.010717e-05
3.770000e-10 4.374141e-05 3.998870e-05
3.775000e-10 4.358496e-05 3.987005e-05
3.780000e-10 4.342873e-05 3.975122e-05
3.785000e-10 4.327273e-05 3.963222e-05
3.790000e-10 4.311696e-05 3.951307e-05
3.795000e-10 4.296142e-05 3.939376e-05
3.800000e-10 4.280613e-05 3.927432e-05
3.805000e-10 4.265107e-05 3.915474e-05
3.810000e-10 4.249627e-05 3.903504e-05
3.815000e-10 4.234171e-05 3.891523e-05
3.820000e-10 4.218742e-05 3.879530e-05
3.825000e-10 4.203338e-05 3.867528e-05
3.830000e-10 4.187960e-05 3.855517e-05
3.835000e-10 4.172608e-05 3.843497e-05
3.840000e-10 4.157284e-05 3.831469e-05
3.845000e-10 4.141987e-05 3.819435e-05
3.850000e-10 4.126717e-05 3.807394e-05
3.855000e-10 4.111475e-05 3.795348e-05
3.860000e-10 4.096262e-05 3.783297e-05
3.865000e-10 4.081077e-05 3.771242e-05
3.870000e-10 4.065921e-05 3.759183e-05
3.875000e-10 4.050794e-05 3.747122e-05
3.880000e-10 4.035696e-05 3.735058e-05
3.885000e-10 4.020628e-05 3.722994e-05
3.890000e-10 4.005590e-05 3.710928e-05
3.895000e-10 3.990582e-05 3.698862e-05
3.900000e-10 3.975605e-05 3.686797e-05
3.905000e-10 3.960658e-05 3.674733e-05
3.910000e-10 3.945743e-05 3.662670e-05
3.915000e-10 3.930858e-05 3.650610e-05
3.920000e-10 3.916006e-05 3.638552e-05
3.925000e-10 3.901185e-05 3.626498e-05
3.930000e-10 3.886396e-05 3.614448e-05
3.935000e-10 3.871639e-05 3.602402e-05
3.940000e-10 3.856915e-05 3.590361e-05
3.945000e-10 3.842223e-05 3.578326e-05
3.950000e-10 3.827565e-05 3.566297e-05
3.955000e-10 3.812939e-05 3.554274e-05
3.960000e-10 3.798347e-05 3.542258e-05
3.965000e-10 3.783788e-05 3.530250e-05
3.970000e-10 3.769263e-05 3.518250e-05
3.975000e-10 3.754772e-05 3.506258e-05
3.980000e-10 3.740315e-05 3.494276e-05
3.985000e-10 3.725892e-05 3.482302e-05
3.990000e-10 3.711503e-05 3.470339e-05
3.995000e-10 3.697150e-05 3.458386e-05
4.000000e-10 3.682831e-05 3.446444e-05
4.005000e-10 3.668547e-05 3.434513e-05
4.010000e-10 3.654298e-05 3.422593e-05
4.015000e-10 3.640084e-05 3.410686e-05
4.020000e-10 3.625905e-05 3.398790e-05
4.025000e-10 3.611763e-05 3.386908e-05
4.030000e-10 3.597656e-05 3.375039e-05
4.035000e-10 3.583584e-05 3.363184e-05
4.040000e-10 3.569549e-05 3.351342e-05
4.045000e-10 3.555550e-05 3.339515e-05
4.050000e-10 3.541587e-05 3.327702e-05
4.055000e-10 3.527661e-05 3.315905e-05
4.060000e-10 3.513770e-05 3.304122e-05
4.065000e-10 3.499917e-05 3.292356e-05
4.070000e-10 3.486100e-05 3.280606e-05
4.075000e-10 3.472320e-05 3.268872e-05
4.080000e-10 3.458577e-05 3.257155e-05
4.085000e-10 3.444871e-05 3.245455e-05
4.090000e-10 3.431202e-05 3.233772e-05
4.095000e-10 3.417571e-05 3.222107e-05
4.100000e-10 3.403976e-05 3.210459e-05
4.105000e-10 3.390420e-05 3.198831e-05
4.110000e-10 3.376900e-05 3.187220e-05
4.115000e-10 3.363418e-05 3.175629e-05
4.120000e-10 3.349974e-05 3.164056e-05
4.125000e-10 3.336568e-05 3.152503e-05
4.130000e-10 3.323199e-05 3.140970e-05
4.135000e-10 3.309869e-05 3.129456e-05
4.140000e-10 3.296576e-05 3.117963e-05
4.145000e-10 3.283321e-05 3.106490e-05
4.150000e-10 3.270105e-05 3.095038e-05
4.155000e-10 3.256927e-05 3.083607e-05
4.160000e-10 3.243786e-05 3.072196e-05
4.165000e-10 3.230684e-05 3.060808e-05
4.170000e-10 3.217621e-05 3.049441e-05
4.175000e-10 3.204596e-05 3.038095e-05
4.180000e-10 3.191609e-05 3.026772e-05
4.185000e-10 3.178661e-05 3.015471e-05
4.190000e-10 3.165751e-05 3.004192e-05
4.195000e-10 3.152879e-05 2.992937e-05
4.200000e-10 3.140047e-05 2.981704e-05
4.205000e-10 3.127253e-05 2.970494e-05
4.210000e-10 3.114497e-05 2.959307e-05
4.215000e-10 3.101781e-05 2.948144e-05
4.220000e-10 3.089103e-05 2.937004e-05
4.225000e-10 3.076463e-05 2.925889e-05
4.230000e-10 3.063863e-05 2.914797e-05
4.235000e-10 3.051301e-05 2.903729e-05
4.240000e-10 3.038778e-05 2.892686e-05
4.245000e-10 3.026294e-05 2.881668e-05
4.250000e-10 3.013849e-05 2.870674e-05
4.255000e-10 3.001443e-05 2.859704e-05
4.260000e-10 2.989075e-05 2.848760e-05
4.265000e-10 2.976747e-05 2.837841e-05
4.270000e-10 2.964457e-05 2.826947e-05
4.275000e-10 2.952206e-05 2.816079e-05
4.280000e-10 2.939994e-05 2.805236e-05
4.285000e-10 2.927821e-05 2.794419e-05
4.290000e-10 2.915687e-05 2.783628e-05
4.295000e-10 2.903592e-05 2.772862e-05
4.300000e-10 2.891536e-05 2.762123e-05
4.305000e-10 2.879518e-05 2.751410e-05
4.310000e-10 2.867540e-05 2.740723e-05
4.315000e-10 2.855600e-05 2.730063e-05
4.320000e-10 2.843699e-05 2.719429e-05
4.325000e-10 2.831837e-05 2.708822e-05
4.330000e-10 2.820014e-05 2.698242e-05
4.335000e-10 2.808230e-05 2.687688e-05
4.340000e-10 2.796484e-05 2.677162e-05
4.345000e-10 2.784778e-05 2.666662e-05
4.350000e-10 2.773110e-05 2.656190e-05
4.355000e-10 2.761480e-05 2.645745e-05
4.360000e-10 2.749890e-05 2.635328e-05
4.365000e-10 2.738338e-05 2.624938e-05
4.370000e-10 2.726825e-05 2.614575e-05
4.375000e-10 2.715351e-05 2.604240e-05
4.380000e-10 2.703915e-05 2.593933e-05
4.385000e-10 2.692518e-05 2.583653e-05
4.390000e-10 2.681159e-05 2.573402e-05
4.395000e-10 2.669839e-05 2.563178e-05
4.400000e-10 2.658557e-05 2.552982e-05
4.405000e-10 2.647314e-05 2.542815e-05
4.410000e-10 2.636109e-05 2.532675e-05
4.415000e-10 2.624943e-05 2.522564e-05
4.420000e-10 2.613815e-05 2.512481e-05
4.425000e-10 2.602725e-05 2.502426e-05
4.430000e-10 2.591673e-05 2.492400e-05
4.435000e-10 2.580660e-05 2.482402e-05
4.440000e-10 2.569685e-05 2.472432e-05
4.445000e-10 2.558748e-05 2.462491e-05
4.450000e-10 2.547849e-05 2.452579e-05
4.455000e-10 2.536988e-05 2.442695e-05
4.460000e-10 2.526165e-05 2.432840e-05
4.465000e-10 2.515381e-05 2.423013e-05
4.470000e-10 2.504634e-05 2.413216e-05
4.475000e-10 2.493924e-05 2.403447e-05
4.480000e-10 2.483253e-05 2.393707e-05
4.485000e-10 2.472619e-05 2.383995e-05
4.490000e-10 2.462023e-05 2.374313e-05
4.495000e-10 2.451465e-05 2.364660e-05
4.500000e-10 2.440944e-05 2.355035e-05
4.505000e-10 2.430461e-05 2.345440e-05
4.510000e-10 2.420015e-05 2.335873e-05
4.515000e-10 2.409607e-05 2.326335e-05
4.520000e-10 2.399236e-05 2.316827e-05
4.525000e-10 2.388902e-05 2.307348e-05
4.530000e-10 2.378606e-05 2.297897e-05
4.535000e-10 2.368346e-05 2.288476e-05
4.540000e-10 2.358124e-05 2.279084e-05
4.545000e-10 2.347939e-05 2.269721e-05
4.550000e-10 2.337791e-05 2.260387e-05
4.555000e-10 2.327679e-05 2.251082e-05
4.560000e-10 2.317605e-05 2.241807e-05
4.565000e-10 2.307567e-05 2.232560e-05
4.570000e-10 2.297566e-05 2.223343e-05
4.575000e-10 2.287602e-05 2.214155e-05
4.580000e-10 2.277674e-05 2.204996e-05
4.585000e-10 2.267783e-05 2.195866e-05
4.590000e-10 2.257928e-05 2.186765e-05
4.595000e-10 2.248109e-05 2.177694e-05
4.600000e-10 2.238327e-05 2.168652e-05
4.605000e-10 2.228581e-05 2.159639e-05
4.610000e-10 2.218871e-05 2.150655e-05
4.615000e-10 2.209197e-05 2.141700e-05
4.620000e-10 2.199559e-05 2.132774e-05
4.625000e-10 2.189958e-05 2.123878e-05
4.630000e-10 2.180392e-05 2.115011e-05
4.635000e-10 2.170861e-05 2.106172e-05
4.640000e-10 2.161367e-05 2.097363e-05
4.645000e-10 2.151908e-05 2.088583e-05
4.650000e-10 2.142484e-05 2.079832e-05
4.655000e-10 2.133097e-05 2.071110e-05
4.660000e-10 2.123744e-05 2.062417e-05
4.665000e-10 2.114427e-05 2.053754e-05
4.670000e-10 2.105145e-05 2.045119e-05
4.675000e-10 2.095898e-05 2.036513e-05
4.680000e-10 2.086686e-05 2.027936e-05
4.685000e-10 2.077510e-05 2.019388e-05
4.690000e-10 2.068368e-05 2.010869e-05
4.695000e-10 2.059261e-05 2.002379e-05
4.700000e-10 2.050189e-05 1.993918e-05
4.705000e-10 2.041151e-05 1.985485e-05
4.710000e-10 2.032148e-05 1.977082e-05
4.715000e-10 2.023180e-05 1.968707e-05
4.720000e-10 2.014246e-05 1.960361e-05
4.725000e-10 2.005346e-05 1.952044e-05
4.730000e-10 1.996481e-05 1.943755e-05
4.735000e-10 1.987649e-05 1.935495e-05
4.740000e-10 1.978852e-05 1.927264e-05
4.745000e-10 1.970089e-05 1.919061e-05
4.750000e-10 1.961360e-05 1.910887e-05
4.755000e-10 1.952664e-05 1.902741e-05
4.760000e-10 1.944003e-05 1.894624e-05
4.765000e-10 1.935375e-05 1.886535e-05
4.770000e-10 1.926780e-05 1.878475e-05
4.775000e-10 1.918219e-05 1.870443e-05
4.780000e-10 1.909692e-05 1.862440e-05
4.785000e-10 1.901198e-05 1.854465e-05
4.790000e-10 1.892737e-05 1.846518e-05
4.795000e-10 1.884309e-05 1.838599e-05
4.800000e-10 1.875914e-05 1.830708e-05
4.805000e-10 1.867552e-05 1.822846e-05
4.810000e-10 1.859223e-05 1.815012e-05
4.815000e-10 1.850927e-05 1.807205e-05
4.820000e-10 1.842664e-05 1.799427e-05
4.825000e-10 1.834433e-05 1.791677e-05
4.830000e-10 1.826235e-05 1.783954e-05
4.835000e-10 1.818069e-05 1.776260e-05
4.840000e-10 1.809935e-05 1.768593e-05
4.845000e-10 1.801834e-05 1.760954e-05
4.850000e-10 1.793765e-05 1.753343e-05
4.855000e-10 1.785728e-05 1.745760e-05
4.860000e-10 1.777723e-05 1.738204e-05
4.865000e-10 1.769750e-05 1.730675e-05
4.870000e-10 1.761809e-05 1.723175e-05
4.875000e-10 1.753899e-05 1.715701e-05
4.880000e-10 1.746021e-05 1.708255e-05
4.885000e-10 1.738175e-05 1.700837e-05
4.890000e-10 1.730360e-05 1.693446e-05
4.895000e-10 1.722576e-05 1.686082e-05
4.900000e-10 1.714824e-05 1.678745e-05
4.905000e-10 1.707102e-05 1.671436e-05
4.910000e-10 1.699412e-05 1.664153e-05
4.915000e-10 1.691753e-05 1.656898e-05
4.920000e-10 1.684125e-05 1.649670e-05
4.925000e-10 1.676527e-05 1.642468e-05
4.930000e-10 1.668961e-05 1.635294e-05
4.935000e-10 1.661424e-05 1.628146e-05
4.940000e-10 1.653919e-05 1.621025e-05
4.945000e-10 1.646444e-05 1.613931e-05
4.950000e-10 1.638999e-05 1.606863e-05
4.955000e-10 1.631584e-05 1.599822e-05
4.960000e-10 1.624200e-05 1.592808e-05
4.965000e-10 1.616845e-05 1.585820e-05
4.970000e-10 1.609521e-05 1.578859e-05
4.975000e-10 1.602227e-05 1.571924e-05
4.980000e-10 1.594962e-05 1.565015e-05
4.985000e-10 1.587727e-05 1.558132e-05
4.990000e-10 1.580522e-05 1.551276e-05
4.995000e-10 1.573346e-05 1.544446e-05
5.000000e-10 1.566199e-05 1.537641e-05
5.005000e-10 1.559082e-05 1.530863e-05
5.010000e-10 1.551994e-05 1.524111e-05
5.015000e-10 1.544935e-05 1.517385e-05
5.020000e-10 1.537906e-05 1.510684e-05
5.025000e-10 1.530905e-05 1.504009e-05
5.030000e-10 1.523933e-05 1.497360e-05
5.035000e-10 1.516990e-05 1.490737e-05
5.040000e-10 1.510076e-05 1.484139e-05
5.045000e-10 1.503190e-05 1.477567e-05
5.050000e-10 1.496333e-05 1.471020e-05
5.055000e-10 1.489504e-05 1.464498e-05
5.060000e-10 1.482703e-05 1.458002e-05
5.065000e-10 1.475931e-05 1.451531e-05
5.070000e-10 1.469187e-05 1.445085e-05
5.075000e-10 1.462470e-05 1.438665e-05
5.080000e-10 1.455782e-05 1.432269e-05
5.085000e-10 1.449122e-05 1.425898e-05
5.090000e-10 1.442489e-05 1.419553e-05
5.095000e-10 1.435884e-05 1.413232e-05
5.100000e-10 1.429307e-05 1.406936e-05
5.105000e-10 1.422757e-05 1.400664e-05
5.110000e-10 1.416234e-05 1.394418e-05
5.115000e-10 1.409739e-05 1.388195e-05
5.120000e-10 1.403271e-05 1.381998e-05
5.125000e-10 1.396830e-05 1.375825e-05
5.130000e-10 1.390417e-05 1.369676e-05
5.135000e-10 1.384030e-05 1.363552e-05
5.140000e-10 1.377670e-05 1.357452e-05
5.145000e-10 1.371336e-05 1.351376e-05
5.150000e-10 1.365030e-05 1.345324e-05
5.155000e-10 1.358750e-05 1.339296e-05
5.160000e-10 1.352496e-05 1.333292e-05
5.165000e-10 1.346269e-05 1.327312e-05
5.170000e-10 1.340068e-05 1.321356e-05
5.175000e-10 1.333894e-05 1.315424e-05
5.180000e-10 1.327745e-05 1.309516e-05
5.185000e-10 1.321623e-05 1.303631e-05
5.190000e-10 1.315526e-05 1.297770e-05
5.195000e-10 1.309455e-05 1.291932e-05
5.200000e-10 1.303411e-05 1.286118e-05
5.205000e-10 1.297391e-05 1.280327e-05
5.210000e-10 1.291398e-05 1.274559e-05
5.215000e-10 1.285429e-05 1.268815e-05
5.220000e-10 1.279487e-05 1.263094e-05
5.225000e-10 1.273569e-05 1.257395e-05
5.230000e-10 1.267677e-05 1.251720e-05
5.235000e-10 1.261810e-05 1.246068e-05
5.240000e-10 1.255968e-05 1.240439e-05
5.245000e-10 1.250151e-05 1.234833e-05
5.250000e-10 1.244359e-05 1.229249e-05
5.255000e-10 1.238591e-05 1.223688e-05
5.260000e-10 1.232848e-05 1.218150e-05
5.265000e-10 1.227130e-05 1.212634e-05
5.270000e-10 1.221437e-05 1.207141e-05
5.275000e-10 1.215767e-05 1.201670e-05
5.280000e-10 1.210123e-05 1.196221e-05
5.285000e-10 1.204502e-05 1.190795e-05
5.290000e-10 1.198906e-05 1.185391e-05
5.295000e-10 1.193333e-05 1.180009e-05
5.300000e-10 1.187785e-05 1.174649e-05
5.305000e-10 1.182260e-05 1.169312e-05
5.310000e-10 1.176760e-05 1.163996e-05
5.315000e-10 1.171283e-05 1.158702e-05
5.320000e-10 1.165830e-05 1.153429e-05
5.325000e-10 1.160400e-05 1.148179e-05
5.330000e-10 1.154994e-05 1.142950e-05
5.335000e-10 1.149611e-05 1.137743e-05
5.340000e-10 1.144251e-05 1.132557e-05
5.345000e-10 1.138915e-05 1.127392e-05
5.350000e-10 1.133602e-05 1.122249e-05
5.355000e-10 1.128312e-05 1.117128e-05
5.360000e-10 1.123045e-05 1.112027e-05
5.365000e-10 1.117800e-05 1.106948e-05
5.370000e-10 1.112579e-05 1.101890e-05
5.375000e-10 1.107380e-05 1.096853e-05
5.380000e-10 1.102204e-05 1.091837e-05
5.385000e-10 1.097050e-05 1.086841e-05
5.390000e-10 1.091919e-05 1.081867e-05
5.395000e-10 1.086810e-05 1.076913e-05
5.400000e-10 1.081723e-05 1.071980e-05
5.405000e-10 1.076659e-05 1.067068e-05
5.410000e-10 1.071617e-05 1.062176e-05
5.415000e-10 1.066597e-05 1.057304e-05
5.420000e-10 1.061598e-05 1.052453e-05
5.425000e-10 1.056622e-05 1.047623e-05
5.430000e-10 1.051667e-05 1.042812e-05
5.435000e-10 1.046734e-05 1.038022e-05
5.440000e-10 1.041823e-05 1.033252e-05
5.445000e-10 1.036933e-05 1.028502e-05
5.450000e-10 1.032065e-05 1.023772e-05
5.455000e-10 1.027218e-05 1.019062e-05
5.460000e-10 1.022393e-05 1.014372e-05
5.465000e-10 1.017588e-05 1.009702e-05
5.470000e-10 1.012805e-05 1.005051e-05
5.475000e-10 1.008043e-05 1.000420e-05
5.480000e-10 1.003302e-05 9.958089e-06
5.485000e-10 9.985812e-06 9.912170e-06
5.490000e-10 9.938817e-06 9.866446e-06
5.495000e-10 9.892028e-06 9.820916e-06
5.500000e-10 9.845447e-06 9.775579e-06
5.505000e-10 9.799071e-06 9.730435e-06
5.510000e-10 9.752900e-06 9.685482e-06
5.515000e-10 9.706933e-06 9.640721e-06
5.520000e-10 9.661169e-06 9.596150e-06
5.525000e-10 9.615608e-06 9.551769e-06
5.530000e-10 9.570249e-06 9.507578e-06
5.535000e-10 9.525090e-06 9.463574e-06
5.540000e-10 9.480132e-06 9.419759e-06
5.545000e-10 9.435373e-06 9.376131e-06
5.550000e-10 9.390813e-06 9.332689e-06
5.555000e-10 9.346451e-06 9.289434e-06
5.560000e-10 9.302285e-06 9.246363e-06
5.565000e-10 9.258316e-06 9.203477e-06
5.570000e-10 9.214543e-06 9.160775e-06
5.575000e-10 9.170964e-06 9.118256e-06
5.580000e-10 9.127579e-06 9.075920e-06
5.585000e-10 9.084388e-06 9.033765e-06
5.590000e-10 9.041389e-06 8.991792e-06
5.595000e-10 8.998582e-06 8.950000e-06
5.600000e-10 8.955965e-06 8.908387e-06
5.605000e-10 8.913539e-06 8.866954e-06
5.610000e-10 8.871302e-06 8.825699e-06
5.615000e-10 8.829254e-06 8.784622e-06
5.620000e-10 8.787394e-06 8.743723e-06
5.625000e-10 8.745721e-06 8.703000e-06
5.630000e-10 8.704235e-06 8.662453e-06
5.635000e-10 8.662934e-06 8.622082e-06
5.640000e-10 8.621818e-06 8.581886e-06
5.645000e-10 8.580887e-06 8.541863e-06
5.650000e-10 8.540139e-06 8.502014e-06
5.655000e-10 8.499573e-06 8.462338e-06
5.660000e-10 8.459190e-06 8.422834e-06
5.665000e-10 8.418988e-06 8.383502e-06
5.670000e-10 8.378967e-06 8.344340e-06
5.675000e-10 8.339125e-06 8.305349e-06
5.680000e-10 8.299463e-06 8.266528e-06
5.685000e-10 8.259979e-06 8.227875e-06
5.690000e-10 8.220672e-06 8.189391e-06
5.695000e-10 8.181543e-06 8.151075e-06
5.700000e-10 8.142590e-06 8.112926e-06
5.705000e-10 8.103812e-06 8.074943e-06
5.710000e-10 8.065210e-06 8.037126e-06
5.715000e-10 8.026781e-06 7.999475e-06
5.720000e-10 7.988526e-06 7.961988e-06
5.725000e-10 7.950443e-06 7.924665e-06
5.730000e-10 7.912533e-06 7.887505e-06
5.735000e-10 7.874793e-06 7.850509e-06
5.740000e-10 7.837225e-06 7.813674e-06
5.745000e-10 7.799826e-06 7.777001e-06
5.750000e-10 7.762596e-06 7.740489e-06
5.755000e-10 7.725536e-06 7.704137e-06
5.760000e-10 7.688642e-06 7.667945e-06
5.765000e-10 7.651916e-06 7.631912e-06
5.770000e-10 7.615357e-06 7.596038e-06
5.775000e-10 7.578963e-06 7.560321e-06
5.780000e-10 7.542735e-06 7.524762e-06
5.785000e-10 7.506670e-06 7.489359e-06
5.790000e-10 7.470770e-06 7.454112e-06
5.795000e-10 7.435033e-06 7.419021e-06
5.800000e-10 7.399458e-06 7.384085e-06
5.805000e-10 7.364045e-06 7.349303e-06
5.810000e-10 7.328792e-06 7.314675e-06
5.815000e-10 7.293701e-06 7.280200e-06
5.820000e-10 7.258769e-06 7.245877e-06
5.825000e-10 7.223996e-06 7.211706e-06
5.830000e-10 7.189382e-06 7.177686e-06
5.835000e-10 7.154925e-06 7.143818e-06
5.840000e-10 7.120625e-06 7.110099e-06
5.845000e-10 7.086482e-06 7.076530e-06
5.850000e-10 7.052495e-06 7.043110e-06
5.855000e-10 7.018663e-06 7.009838e-06
5.860000e-10 6.984985e-06 6.976714e-06
5.865000e-10 6.951461e-06 6.943737e-06
5.870000e-10 6.918091e-06 6.910907e-06
5.875000e-10 6.884873e-06 6.878223e-06
5.880000e-10 6.851807e-06 6.845685e-06
5.885000e-10 6.818892e-06 6.813291e-06
5.890000e-10 6.786128e-06 6.781042e-06
5.895000e-10 6.753515e-06 6.748936e-06
5.900000e-10 6.721050e-06 6.716974e-06
5.905000e-10 6.688734e-06 6.685154e-06
5.910000e-10 6.656567e-06 6.653477e-06
5.915000e-10 6.624547e-06 6.621941e-06
5.920000e-10 6.592674e-06 6.590546e-06
5.925000e-10 6.560948e-06 6.559291e-06
5.930000e-10 6.529367e-06 6.528176e-06
5.935000e-10 6.497931e-06 6.497201e-06
5.940000e-10 6.466639e-06 6.466364e-06
5.945000e-10 6.435492e-06 6.435665e-06
5.950000e-10 6.404488e-06 6.405104e-06
5.955000e-10 6.373626e-06 6.374680e-06
5.960000e-10 6.342906e-06 6.344393e-06
5.965000e-10 6.312328e-06 6.314241e-06
5.970000e-10 6.281891e-06 6.284225e-06
5.975000e-10 6.251594e-06 6.254344e-06
5.980000e-10 6.221437e-06 6.224597e-06
5.985000e-10 6.191419e-06 6.194984e-06
5.990000e-10 6.161539e-06 6.165504e-06
5.995000e-10 6.131797e-06 6.136157e-06
6.000000e-10 6.102192e-06 6.106942e-06
6.005000e-10 6.072724e-06 6.077859e-06
6.010000e-10 6.043393e-06 6.048907e-06
6.015000e-10 6.014197e-06 6.020086e-06
6.020000e-10 5.985135e-06 5.991394e-06
6.025000e-10 5.956209e-06 5.962832e-06
6.030000e-10 5.927416e-06 5.934399e-06
6.035000e-10 5.898756e-06 5.906095e-06
6.040000e-10 5.870229e-06 5.877918e-06
6.045000e-10 5.841834e-06 5.849869e-06
6.050000e-10 5.813571e-06 5.821947e-06
6.055000e-10 5.785438e-06 5.794152e-06
6.060000e-10 5.757436e-06 5.766482e-06
6.065000e-10 5.729564e-06 5.738937e-06
6.070000e-10 5.701821e-06 5.711518e-06
6.075000e-10 5.674207e-06 5.684222e-06
6.080000e-10 5.646722e-06 5.657051e-06
6.085000e-10 5.619363e-06 5.630003e-06
6.090000e-10 5.592132e-06 5.603078e-06
6.095000e-10 5.565028e-06 5.576275e-06
6.100000e-10 5.538049e-06 5.549593e-06
6.105000e-10 5.511196e-06 5.523033e-06
6.110000e-10 5.484468e-06 5.496594e-06
6.115000e-10 5.457864e-06 5.470276e-06
6.120000e-10 5.431384e-06 5.444077e-06
6.125000e-10 5.405028e-06 5.417997e-06
6.130000e-10 5.378794e-06 5.392036e-06
6.135000e-10 5.352682e-06 5.366194e-06
6.140000e-10 5.326692e-06 5.340469e-06
6.145000e-10 5.300823e-06 5.314862e-06
6.150000e-10 5.275075e-06 5.289371e-06
6.155000e-10 5.249447e-06 5.263997e-06
6.160000e-10 5.223939e-06 5.238739e-06
6.165000e-10 5.198550e-06 5.213596e-06
6.170000e-10 5.173279e-06 5.188568e-06
6.175000e-10 5.148126e-06 5.163655e-06
6.180000e-10 5.123091e-06 5.138855e-06
6.185000e-10 5.098173e-06 5.114169e-06
6.190000e-10 5.073371e-06 5.089596e-06
6.195000e-10 5.048686e-06 5.065136e-06
6.200000e-10 5.024116e-06 5.040788e-06
6.205000e-10 4.999661e-06 5.016551e-06
6.210000e-10 4.975320e-06 4.992425e-06
6.215000e-10 4.951094e-06 4.968410e-06
6.220000e-10 4.926980e-06 4.944506e-06
6.225000e-10 4.902980e-06 4.920711e-06
6.230000e-10 4.879093e-06 4.897025e-06
6.235000e-10 4.855317e-06 4.873448e-06
6.240000e-10 4.831653e-06 4.849979e-06
6.245000e-10 4.808100e-06 4.826619e-06
6.250000e-10 4.784658e-06 4.803366e-06
6.255000e-10 4.761325e-06 4.780219e-06
6.260000e-10 4.738102e-06 4.757180e-06
6.265000e-10 4.714988e-06 4.734246e-06
6.270000e-10 4.691983e-06 4.711418e-06
6.275000e-10 4.669086e-06 4.688696e-06
6.280000e-10 4.646297e-06 4.666078e-06
6.285000e-10 4.623615e-06 4.643564e-06
6.290000e-10 4.601039e-06 4.621154e-06
6.295000e-10 4.578570e-06 4.598848e-06
6.300000e-10 4.556206e-06 4.576644e-06
6.305000e-10 4.533948e-06 4.554543e-06
6.310000e-10 4.511795e-06 4.532545e-06
6.315000e-10 4.489745e-06 4.510647e-06
6.320000e-10 4.467800e-06 4.488852e-06
6.325000e-10 4.445959e-06 4.467156e-06
6.330000e-10 4.424220e-06 4.445562e-06
6.335000e-10 4.402584e-06 4.424067e-06
6.340000e-10 4.381050e-06 4.402672e-06
6.345000e-10 4.359617e-06 4.381375e-06
6.350000e-10 4.338286e-06 4.360178e-06
6.355000e-10 4.317055e-06 4.339079e-06
6.360000e-10 4.295925e-06 4.318077e-06
6.365000e-10 4.274895e-06 4.297173e-06
6.370000e-10 4.253964e-06 4.276366e-06
6.375000e-10 4.233131e-06 4.255656e-06
6.380000e-10 4.212398e-06 4.235041e-06
6.385000e-10 4.191762e-06 4.214523e-06
6.390000e-10 4.171224e-06 4.194099e-06
6.395000e-10 4.150783e-06 4.173771e-06
6.400000e-10 4.130439e-06 4.153537e-06
6.405000e-10 4.110192e-06 4.133397e-06
6.410000e-10 4.090040e-06 4.113351e-06
6.415000e-10 4.069984e-06 4.093398e-06
6.420000e-10 4.050022e-06 4.073538e-06
6.425000e-10 4.030156e-06 4.053771e-06
6.430000e-10 4.010383e-06 4.034095e-06
6.435000e-10 3.990705e-06 4.014512e-06
6.440000e-10 3.971119e-06 3.995019e-06
6.445000e-10 3.951627e-06 3.975617e-06
6.450000e-10 3.932227e-06 3.956306e-06
6.455000e-10 3.912919e-06 3.937085e-06
6.460000e-10 3.893703e-06 3.917954e-06
6.465000e-10 3.874578e-06 3.898912e-06
6.470000e-10 3.855544e-06 3.879959e-06
6.475000e-10 3.836601e-06 3.861095e-06
6.480000e-10 3.817747e-06 3.842318e-06
6.485000e-10 3.798983e-06 3.823630e-06
6.490000e-10 3.780309e-06 3.805029e-06
6.495000e-10 3.761723e-06 3.786514e-06
6.500000e-10 3.743225e-06 3.768087e-06
6.505000e-10 3.724816e-06 3.749746e-06
6.510000e-10 3.706494e-06 3.731490e-06
6.515000e-10 3.688260e-06 3.713320e-06
6.520000e-10 3.670113e-06 3.695235e-06
6.525000e-10 3.652051e-06 3.677235e-06
6.530000e-10 3.634076e-06 3.659320e-06
6.535000e-10 3.616187e-06 3.641488e-06
6.540000e-10 3.598383e-06 3.623740e-06
6.545000e-10 3.580664e-06 3.606075e-06
6.550000e-10 3.563029e-06 3.588493e-06
6.555000e-10 3.545479e-06 3.570994e-06
6.560000e-10 3.528012e-06 3.553577e-06
6.565000e-10 3.510629e-06 3.536241e-06
6.570000e-10 3.493328e-06 3.518987e-06
6.575000e-10 3.476111e-06 3.501815e-06
6.580000e-10 3.458975e-06 3.484723e-06
6.585000e-10 3.441922e-06 3.467711e-06
6.590000e-10 3.424950e-06 3.450779e-06
6.595000e-10 3.408059e-06 3.433927e-06
6.600000e-10 3.391248e-06 3.417155e-06
6.605000e-10 3.374519e-06 3.400461e-06
6.610000e-10 3.357869e-06 3.383846e-06
6.615000e-10 3.341299e-06 3.367309e-06
6.620000e-10 3.324808e-06 3.350850e-06
6.625000e-10 3.308396e-06 3.334469e-06
6.630000e-10 3.292063e-06 3.318165e-06
6.635000e-10 3.275808e-06 3.301938e-06
6.640000e-10 3.259631e-06 3.285787e-06
6.645000e-10 3.243531e-06 3.269713e-06
6.650000e-10 3.227509e-06 3.253714e-06
6.655000e-10 3.211563e-06 3.237792e-06
6.660000e-10 3.195694e-06 3.221944e-06
6.665000e-10 3.179901e-06 3.206171e-06
6.670000e-10 3.164184e-06 3.190473e-06
6.675000e-10 3.148542e-06 3.174849e-06
6.680000e-10 3.132975e-06 3.159298e-06
6.685000e-10 3.117483e-06 3.143822e-06
6.690000e-10 3.102065e-06 3.128418e-06
6.695000e-10 3.086722e-06 3.113088e-06
6.700000e-10 3.071452e-06 3.097830e-06
6.705000e-10 3.056255e-06 3.082644e-06
6.710000e-10 3.041132e-06 3.067530e-06
6.715000e-10 3.026081e-06 3.052488e-06
6.720000e-10 3.011102e-06 3.037517e-06
6.725000e-10 2.996196e-06 3.022617e-06
6.730000e-10 2.981361e-06 3.007787e-06
6.735000e-10 2.966598e-06 2.993028e-06
6.740000e-10 2.951905e-06 2.978339e-06
6.745000e-10 2.937284e-06 2.963720e-06
6.750000e-10 2.922733e-06 2.949170e-06
6.755000e-10 2.908251e-06 2.934689e-06
6.760000e-10 2.893840e-06 2.920277e-06
6.765000e-10 2.879498e-06 2.905934e-06
6.770000e-10 2.865225e-06 2.891658e-06
6.775000e-10 2.851021e-06 2.877450e-06
6.780000e-10 2.836886e-06 2.863310e-06
6.785000e-10 2.822818e-06 2.849237e-06
6.790000e-10 2.808818e-06 2.835231e-06
6.795000e-10 2.794886e-06 2.821292e-06
6.800000e-10 2.781022e-06 2.807419e-06
6.805000e-10 2.767224e-06 2.793612e-06
6.810000e-10 2.753492e-06 2.779871e-06
6.815000e-10 2.739827e-06 2.766195e-06
6.820000e-10 2.726228e-06 2.752584e-06
6.825000e-10 2.712695e-06 2.739039e-06
6.830000e-10 2.699227e-06 2.725557e-06
6.835000e-10 2.685824e-06 2.712140e-06
6.840000e-10 2.672485e-06 2.698787e-06
6.845000e-10 2.659212e-06 2.685498e-06
6.850000e-10 2.646002e-06 2.672272e-06
6.855000e-10 2.632856e-06 2.659109e-06
6.860000e-10 2.619774e-06 2.646009e-06
6.865000e-10 2.606755e-06 2.632972e-06
6.870000e-10 2.593800e-06 2.619996e-06
6.875000e-10 2.580907e-06 2.607083e-06
6.880000e-10 2.568076e-06 2.594231e-06
6.885000e-10 2.555307e-06 2.581441e-06
6.890000e-10 2.542600e-06 2.568712e-06
6.895000e-10 2.529955e-06 2.556044e-06
6.900000e-10 2.517371e-06 2.543436e-06
6.905000e-10 2.504848e-06 2.530889e-06
6.910000e-10 2.492386e-06 2.518402e-06
6.915000e-10 2.479984e-06 2.505974e-06
6.920000e-10 2.467642e-06 2.493606e-06
6.925000e-10 2.455360e-06 2.481297e-06
6.930000e-10 2.443138e-06 2.469047e-06
6.935000e-10 2.430975e-06 2.456856e-06
6.940000e-10 2.418871e-06 2.444723e-06
6.945000e-10 2.406825e-06 2.432648e-06
6.950000e-10 2.394839e-06 2.420632e-06
6.955000e-10 2.382910e-06 2.408672e-06
6.960000e-10 2.371039e-06 2.396771e-06
6.965000e-10 2.359226e-06 2.384926e-06
6.970000e-10 2.347470e-06 2.373138e-06
6.975000e-10 2.335772e-06 2.361406e-06
6.980000e-10 2.324130e-06 2.349731e-06
6.985000e-10 2.312545e-06 2.338112e-06
6.990000e-10 2.301016e-06 2.326549e-06
6.995000e-10 2.289543e-06 2.315041e-06
7.000000e-10 2.278126e-06 2.303589e-06
7.005000e-10 2.266764e-06 2.292191e-06
7.010000e-10 2.255458e-06 2.280849e-06
7.015000e-10 2.244207e-06 2.269561e-06
7.020000e-10 2.233011e-06 2.258327e-06
7.025000e-10 2.221869e-06 2.247147e-06
7.030000e-10 2.210781e-06 2.236021e-06
7.035000e-10 2.199747e-06 2.224948e-06
7.040000e-10 2.188767e-06 2.213929e-06
7.045000e-10 2.177841e-06 2.202963e-06
7.050000e-10 2.166967e-06 2.192049e-06
7.055000e-10 2.156147e-06 2.181189e-06
7.060000e-10 2.145379e-06 2.170380e-06
7.065000e-10 2.134664e-06 2.159624e-06
7.070000e-10 2.124001e-06 2.148919e-06
7.075000e-10 2.113391e-06 2.138266e-06
7.080000e-10 2.102832e-06 2.127664e-06
7.085000e-10 2.092324e-06 2.117114e-06
7.090000e-10 2.081868e-06 2.106614e-06
7.095000e-10 2.071462e-06 2.096165e-06
7.100000e-10 2.061108e-06 2.085766e-06
7.105000e-10 2.050804e-06 2.075418e-06
7.110000e-10 2.040550e-06 2.065119e-06
7.115000e-10 2.030346e-06 2.054870e-06
7.120000e-10 2.020193e-06 2.044671e-06
7.125000e-10 2.010089e-06 2.034521e-06
7.130000e-10 2.000034e-06 2.024420e-06
7.135000e-10 1.990028e-06 2.014368e-06
7.140000e-10 1.980071e-06 2.004364e-06
7.145000e-10 1.970163e-06 1.994409e-06
7.150000e-10 1.960304e-06 1.984502e-06
7.155000e-10 1.950492e-06 1.974642e-06
7.160000e-10 1.940729e-06 1.964831e-06
7.165000e-10 1.931013e-06 1.955067e-06
7.170000e-10 1.921345e-06 1.945350e-06
7.175000e-10 1.911724e-06 1.935680e-06
7.180000e-10 1.902150e-06 1.926057e-06
7.185000e-10 1.892623e-06 1.916480e-06
7.190000e-10 1.883143e-06 1.906950e-06
7.195000e-10 1.873709e-06 1.897466e-06
7.200000e-10 1.864321e-06 1.888028e-06
7.205000e-10 1.854980e-06 1.878636e-06
7.210000e-10 1.845684e-06 1.869289e-06
7.215000e-10 1.836433e-06 1.859988e-06
7.220000e-10 1.827228e-06 1.850732e-06
7.225000e-10 1.818069e-06 1.841520e-06
7.230000e-10 1.808954e-06 1.832353e-06
7.235000e-10 1.799883e-06 1.823231e-06
7.240000e-10 1.790857e-06 1.814153e-06
7.245000e-10 1.781876e-06 1.805119e-06
7.250000e-10 1.772938e-06 1.796129e-06
7.255000e-10 1.764045e-06 1.787182e-06
7.260000e-10 1.755195e-06 1.778279e-06
7.265000e-10 1.746388e-06 1.769419e-06
7.270000e-10 1.737625e-06 1.760603e-06
7.275000e-10 1.728904e-06 1.751829e-06
7.280000e-10 1.720227e-06 1.743097e-06
7.285000e-10 1.711592e-06 1.734408e-06
7.290000e-10 1.702999e-06 1.725762e-06
7.295000e-10 1.694449e-06 1.717157e-06
7.300000e-10 1.685941e-06 1.708594e-06
7.305000e-10 1.677474e-06 1.700073e-06
7.310000e-10 1.669050e-06 1.691594e-06
7.315000e-10 1.660666e-06 1.683155e-06
7.320000e-10 1.652324e-06 1.674758e-06
7.325000e-10 1.644023e-06 1.666401e-06
7.330000e-10 1.635762e-06 1.658086e-06
7.335000e-10 1.627543e-06 1.649810e-06
7.340000e-10 1.619363e-06 1.641575e-06
7.345000e-10 1.611224e-06 1.633380e-06
7.350000e-10 1.603125e-06 1.625225e-06
7.355000e-10 1.595066e-06 1.617110e-06
7.360000e-10 1.587047e-06 1.609035e-06
7.365000e-10 1.579067e-06 1.600998e-06
7.370000e-10 1.571126e-06 1.593001e-06
7.375000e-10 1.563224e-06 1.585043e-06
7.380000e-10 1.555362e-06 1.577124e-06
7.385000e-10 1.547538e-06 1.569243e-06
7.390000e-10 1.539752e-06 1.561401e-06
7.395000e-10 1.532005e-06 1.553597e-06
7.400000e-10 1.524297e-06 1.545831e-06
7.405000e-10 1.516626e-06 1.538103e-06
7.410000e-10 1.508993e-06 1.530413e-06
7.415000e-10 1.501397e-06 1.522760e-06
7.420000e-10 1.493839e-06 1.515145e-06
7.425000e-10 1.486319e-06 1.507566e-06
7.430000e-10 1.478835e-06 1.500025e-06
7.435000e-10 1.471388e-06 1.492521e-06
7.440000e-10 1.463979e-06 1.485053e-06
7.445000e-10 1.456605e-06 1.477622e-06
7.450000e-10 1.449268e-06 1.470228e-06
7.455000e-10 1.441968e-06 1.462869e-06
7.460000e-10 1.434703e-06 1.455546e-06
7.465000e-10 1.427474e-06 1.448260e-06
7.470000e-10 1.420281e-06 1.441009e-06
7.475000e-10 1.413123e-06 1.433793e-06
7.480000e-10 1.406001e-06 1.426613e-06
7.485000e-10 1.398914e-06 1.419467e-06
7.490000e-10 1.391862e-06 1.412357e-06
7.495000e-10 1.384845e-06 1.405282e-06
7.500000e-10 1.377863e-06 1.398241e-06
7.505000e-10 1.370915e-06 1.391235e-06
7.510000e-10 1.364001e-06 1.384263e-06
7.515000e-10 1.357122e-06 1.377325e-06
7.520000e-10 1.350276e-06 1.370421e-06
7.525000e-10 1.343465e-06 1.363551e-06
7.530000e-10 1.336687e-06 1.356715e-06
7.535000e-10 1.329943e-06 1.349912e-06
7.540000e-10 1.323232e-06 1.343143e-06
7.545000e-10 1.316554e-06 1.336407e-06
7.550000e-10 1.309909e-06 1.329704e-06
7.555000e-10 1.303298e-06 1.323034e-06
7.560000e-10 1.296719e-06 1.316396e-06
7.565000e-10 1.290172e-06 1.309791e-06
7.570000e-10 1.283658e-06 1.303219e-06
7.575000e-10 1.277177e-06 1.296678e-06
7.580000e-10 1.270727e-06 1.290170e-06
7.585000e-10 1.264309e-06 1.283694e-06
7.590000e-10 1.257923e-06 1.277250e-06
7.595000e-10 1.251569e-06 1.270837e-06
7.600000e-10 1.245246e-06 1.264456e-06
7.605000e-10 1.238955e-06 1.258106e-06
7.610000e-10 1.232695e-06 1.251787e-06
7.615000e-10 1.226466e-06 1.245500e-06
7.620000e-10 1.220268e-06 1.239243e-06
7.625000e-10 1.214100e-06 1.233017e-06
7.630000e-10 1.207963e-06 1.226822e-06
7.635000e-10 1.201857e-06 1.220657e-06
7.640000e-10 1.195781e-06 1.214523e-06
7.645000e-10 1.189735e-06 1.208418e-06
7.650000e-10 1.183719e-06 1.202344e-06
7.655000e-10 1.177732e-06 1.196300e-06
7.660000e-10 1.171776e-06 1.190285e-06
7.665000e-10 1.165849e-06 1.184300e-06
7.670000e-10 1.159952e-06 1.178344e-06
7.675000e-10 1.154084e-06 1.172418e-06
7.680000e-10 1.148245e-06 1.166521e-06
7.685000e-10 1.142435e-06 1.160653e-06
7.690000e-10 1.136654e-06 1.154814e-06
7.695000e-10 1.130901e-06 1.149004e-06
7.700000e-10 1.125178e-06 1.143222e-06
7.705000e-10 1.119482e-06 1.137469e-06
7.710000e-10 1.113815e-06 1.131744e-06
7.715000e-10 1.108176e-06 1.126048e-06
7.720000e-10 1.102566e-06 1.120379e-06
7.725000e-10 1.096983e-06 1.114739e-06
7.730000e-10 1.091428e-06 1.109126e-06
7.735000e-10 1.085900e-06 1.103541e-06
7.740000e-10 1.080400e-06 1.097984e-06
7.745000e-10 1.074928e-06 1.092454e-06
7.750000e-10 1.069482e-06 1.086951e-06
7.755000e-10 1.064064e-06 1.081476e-06
7.760000e-10 1.058673e-06 1.076027e-06
7.765000e-10 1.053308e-06 1.070606e-06
7.770000e-10 1.047970e-06 1.065211e-06
7.775000e-10 1.042659e-06 1.059843e-06
7.780000e-10 1.037374e-06 1.054501e-06
7.785000e-10 1.032116e-06 1.049186e-06
7.790000e-10 1.026884e-06 1.043897e-06
7.795000e-10 1.021678e-06 1.038634e-06
7.800000e-10 1.016498e-06 1.033397e-06
7.805000e-10 1.011343e-06 1.028186e-06
7.810000e-10 1.006214e-06 1.023001e-06
7.815000e-10 1.001111e-06 1.017841e-06
7.820000e-10 9.960336e-07 1.012707e-06
7.825000e-10 9.909812e-07 1.007599e-06
7.830000e-10 9.859540e-07 1.002515e-06
7.835000e-10 9.809519e-07 9.974570e-07
7.840000e-10 9.759747e-07 9.924238e-07
7.845000e-10 9.710224e-07 9.874156e-07
7.850000e-10 9.660948e-07 9.824321e-07
7.855000e-10 9.611917e-07 9.774733e-07
7.860000e-10 9.563131e-07 9.725390e-07
7.865000e-10 9.514589e-07 9.676292e-07
7.870000e-10 9.466289e-07 9.627437e-07
7.875000e-10 9.418230e-07 9.578824e-07
7.880000e-10 9.370411e-07 9.530452e-07
7.885000e-10 9.322830e-07 9.482320e-07
7.890000e-10 9.275488e-07 9.434426e-07
7.895000e-10 9.228381e-07 9.386769e-07
7.900000e-10 9.181510e-07 9.339349e-07
7.905000e-10 9.134873e-07 9.292163e-07
7.910000e-10 9.088469e-07 9.245212e-07
7.915000e-10 9.042297e-07 9.198493e-07
7.920000e-10 8.996356e-07 9.152006e-07
7.925000e-10 8.950644e-07 9.105750e-07
7.930000e-10 8.905161e-07 9.059723e-07
7.935000e-10 8.859905e-07 9.013925e-07
7.940000e-10 8.814876e-07 8.968354e-07
7.945000e-10 8.770071e-07 8.923009e-07
7.950000e-10 8.725491e-07 8.877889e-07
7.955000e-10 8.681133e-07 8.832993e-07
7.960000e-10 8.636998e-07 8.788320e-07
7.965000e-10 8.593083e-07 8.743869e-07
7.970000e-10 8.549388e-07 8.699638e-07
7.975000e-10 8.505911e-07 8.655627e-07
7.980000e-10 8.462652e-07 8.611835e-07
7.985000e-10 8.419610e-07 8.568261e-07
7.990000e-10 8.376783e-07 8.524902e-07
7.995000e-10 8.334170e-07 8.481760e-07
8.000000e-10 8.291771e-07 8.438832e-07
8.005000e-10 8.249584e-07 8.396117e-07
8.010000e-10 8.207608e-07 8.353614e-07
8.015000e-10 8.165843e-07 8.311323e-07
8.020000e-10 8.124286e-07 8.269242e-07
8.025000e-10 8.082938e-07 8.227371e-07
8.030000e-10 8.041797e-07 8.185707e-07
8.035000e-10 8.000862e-07 8.144251e-07
8.040000e-10 7.960132e-07 8.103001e-07
8.045000e-10 7.919607e-07 8.061957e-07
8.050000e-10 7.879284e-07 8.021116e-07
8.055000e-10 7.839164e-07 7.980479e-07
8.060000e-10 7.799244e-07 7.940045e-07
8.065000e-10 7.759525e-07 7.899811e-07
8.070000e-10 7.720005e-07 7.859778e-07
8.075000e-10 7.680683e-07 7.819944e-07
8.080000e-10 7.641558e-07 7.780309e-07
8.085000e-10 7.602630e-07 7.740871e-07
8.090000e-10 7.563897e-07 7.701629e-07
8.095000e-10 7.525358e-07 7.662583e-07
8.100000e-10 7.487012e-07 7.623731e-07
8.105000e-10 7.448859e-07 7.585073e-07
8.110000e-10 7.410898e-07 7.546608e-07
8.115000e-10 7.373127e-07 7.508335e-07
8.120000e-10 7.335545e-07 7.470252e-07
8.125000e-10 7.298153e-07 7.432359e-07
8.130000e-10 7.260947e-07 7.394655e-07
8.135000e-10 7.223929e-07 7.357139e-07
8.140000e-10 7.187097e-07 7.319810e-07
8.145000e-10 7.150449e-07 7.282668e-07
8.150000e-10 7.113986e-07 7.245711e-07
8.155000e-10 7.077706e-07 7.208938e-07
8.160000e-10 7.041608e-07 7.172348e-07
8.165000e-10 7.005692e-07 7.135942e-07
8.170000e-10 6.969956e-07 7.099716e-07
8.175000e-10 6.934399e-07 7.063672e-07
8.180000e-10 6.899021e-07 7.027808e-07
8.185000e-10 6.863821e-07 6.992123e-07
8.190000e-10 6.828799e-07 6.956616e-07
8.195000e-10 6.793952e-07 6.921286e-07
8.200000e-10 6.759280e-07 6.886133e-07
8.205000e-10 6.724783e-07 6.851155e-07
8.210000e-10 6.690459e-07 6.816352e-07
8.215000e-10 6.656308e-07 6.781723e-07
8.220000e-10 6.622328e-07 6.747267e-07
8.225000e-10 6.588520e-07 6.712983e-07
8.230000e-10 6.554881e-07 6.678871e-07
8.235000e-10 6.521412e-07 6.644929e-07
8.240000e-10 6.488111e-07 6.611157e-07
8.245000e-10 6.454978e-07 6.577553e-07
8.250000e-10 6.422012e-07 6.544118e-07
8.255000e-10 6.389212e-07 6.510850e-07
8.260000e-10 6.356576e-07 6.477748e-07
8.265000e-10 6.324105e-07 6.444812e-07
8.270000e-10 6.291798e-07 6.412041e-07
8.275000e-10 6.259653e-07 6.379434e-07
8.280000e-10 6.227670e-07 6.346989e-07
8.285000e-10 6.195848e-07 6.314707e-07
8.290000e-10 6.164187e-07 6.282587e-07
8.295000e-10 6.132685e-07 6.250628e-07
8.300000e-10 6.101342e-07 6.218828e-07
8.305000e-10 6.070156e-07 6.187188e-07
8.310000e-10 6.039128e-07 6.155706e-07
8.315000e-10 6.008256e-07 6.124382e-07
8.320000e-10 5.977540e-07 6.093215e-07
8.325000e-10 5.946979e-07 6.062204e-07
8.330000e-10 5.916571e-07 6.031348e-07
8.335000e-10 5.886317e-07 6.000647e-07
8.340000e-10 5.856216e-07 5.970099e-07
8.345000e-10 5.826266e-07 5.939705e-07
8.350000e-10 5.796468e-07 5.909463e-07
8.355000e-10 5.766819e-07 5.879373e-07
8.360000e-10 5.737321e-07 5.849433e-07
8.365000e-10 5.707971e-07 5.819644e-07
8.370000e-10 5.678769e-07 5.790004e-07
8.375000e-10 5.649714e-07 5.760512e-07
8.380000e-10 5.620806e-07 5.731169e-07
8.385000e-10 5.592044e-07 5.701972e-07
8.390000e-10 5.563427e-07 5.672923e-07
8.395000e-10 5.534955e-07 5.644018e-07
8.400000e-10 5.506626e-07 5.615259e-07
8.405000e-10 5.478440e-07 5.586645e-07
8.410000e-10 5.450397e-07 5.558173e-07
8.415000e-10 5.422495e-07 5.529845e-07
8.420000e-10 5.394734e-07 5.501659e-07
8.425000e-10 5.367114e-07 5.473614e-07
8.430000e-10 5.339633e-07 5.445711e-07
8.435000e-10 5.312290e-07 5.417947e-07
8.440000e-10 5.285086e-07 5.390323e-07
8.445000e-10 5.258019e-07 5.362837e-07
8.450000e-10 5.231089e-07 5.335490e-07
8.455000e-10 5.204296e-07 5.308279e-07
8.460000e-10 5.177637e-07 5.281206e-07
8.465000e-10 5.151113e-07 5.254269e-07
8.470000e-10 5.124724e-07 5.227467e-07
8.475000e-10 5.098467e-07 5.200799e-07
8.480000e-10 5.072344e-07 5.174266e-07
8.485000e-10 5.046352e-07 5.147866e-07
8.490000e-10 5.020492e-07 5.121599e-07
8.495000e-10 4.994763e-07 5.095464e-07
8.500000e-10 4.969164e-07 5.069460e-07
8.505000e-10 4.943694e-07 5.043587e-07
8.510000e-10 4.918354e-07 5.017844e-07
8.515000e-10 4.893141e-07 4.992231e-07
8.520000e-10 4.868056e-07 4.966746e-07
8.525000e-10 4.843098e-07 4.941390e-07
8.530000e-10 4.818266e-07 4.916161e-07
8.535000e-10 4.793560e-07 4.891059e-07
8.540000e-10 4.768979e-07 4.866084e-07
8.545000e-10 4.744522e-07 4.841234e-07
8.550000e-10 4.720189e-07 4.816509e-07
8.555000e-10 4.695980e-07 4.791909e-07
8.560000e-10 4.671893e-07 4.767432e-07
8.565000e-10 4.647927e-07 4.743079e-07
8.570000e-10 4.624084e-07 4.718848e-07
8.575000e-10 4.600361e-07 4.694740e-07
8.580000e-10 4.576758e-07 4.670753e-07
8.585000e-10 4.553274e-07 4.646886e-07
8.590000e-10 4.529910e-07 4.623140e-07
8.595000e-10 4.506664e-07 4.599514e-07
8.600000e-10 4.483536e-07 4.576006e-07
8.605000e-10 4.460525e-07 4.552617e-07
8.610000e-10 4.437631e-07 4.529346e-07
8.615000e-10 4.414852e-07 4.506192e-07
8.620000e-10 4.392189e-07 4.483155e-07
8.625000e-10 4.369641e-07 4.460234e-07
8.630000e-10 4.347207e-07 4.437429e-07
8.635000e-10 4.324887e-07 4.414738e-07
8.640000e-10 4.302681e-07 4.392162e-07
8.645000e-10 4.280586e-07 4.369700e-07
8.650000e-10 4.258604e-07 4.347351e-07
8.655000e-10 4.236733e-07 4.325114e-07
8.660000e-10 4.214974e-07 4.302990e-07
8.665000e-10 4.193324e-07 4.280978e-07
8.670000e-10 4.171785e-07 4.259076e-07
8.675000e-10 4.150354e-07 4.237286e-07
8.680000e-10 4.129033e-07 4.215605e-07
8.685000e-10 4.107819e-07 4.194033e-07
8.690000e-10 4.086714e-07 4.172570e-07
8.695000e-10 4.065715e-07 4.151216e-07
8.700000e-10 4.044823e-07 4.129970e-07
8.705000e-10 4.024037e-07 4.108830e-07
8.710000e-10 4.003356e-07 4.087798e-07
8.715000e-10 3.982781e-07 4.066871e-07
8.720000e-10 3.962310e-07 4.046051e-07
8.725000e-10 3.941943e-07 4.025335e-07
8.730000e-10 3.921679e-07 4.004724e-07
8.735000e-10 3.901518e-07 3.984218e-07
8.740000e-10 3.881460e-07 3.963815e-07
8.745000e-10 3.861503e-07 3.943515e-07
8.750000e-10 3.841648e-07 3.923317e-07
8.755000e-10 3.821894e-07 3.903222e-07
8.760000e-10 3.802240e-07 3.883228e-07
8.765000e-10 3.782686e-07 3.863335e-07
8.770000e-10 3.763232e-07 3.843543e-07
8.775000e-10 3.743876e-07 3.823851e-07
8.780000e-10 3.724618e-07 3.804258e-07
8.785000e-10 3.705459e-07 3.784764e-07
8.790000e-10 3.686397e-07 3.765369e-07
8.795000e-10 3.667431e-07 3.746072e-07
8.800000e-10 3.648562e-07 3.726873e-07
8.805000e-10 3.629790e-07 3.707771e-07
8.810000e-10 3.611112e-07 3.688765e-07
8.815000e-10 3.592530e-07 3.669856e-07
8.820000e-10 3.574042e-07 3.651042e-07
8.825000e-10 3.555648e-07 3.632323e-07
8.830000e-10 3.537347e-07 3.613700e-07
8.835000e-10 3.519140e-07 3.595170e-07
8.840000e-10 3.501025e-07 3.576734e-07
8.845000e-10 3.483003e-07 3.558392e-07
8.850000e-10 3.465072e-07 3.540142e-07
8.855000e-10 3.447232e-07 3.521985e-07
8.860000e-10 3.429484e-07 3.503919e-07
8.865000e-10 3.411825e-07 3.485946e-07
8.870000e-10 3.394257e-07 3.468063e-07
8.875000e-10 3.376777e-07 3.450270e-07
8.880000e-10 3.359387e-07 3.432568e-07
8.885000e-10 3.342085e-07 3.414956e-07
8.890000e-10 3.324872e-07 3.397433e-07
8.895000e-10 3.307746e-07 3.379998e-07
8.900000e-10 3.290707e-07 3.362652e-07
8.905000e-10 3.273755e-07 3.345394e-07
8.910000e-10 3.256890e-07 3.328223e-07
8.915000e-10 3.240110e-07 3.311139e-07
8.920000e-10 3.223416e-07 3.294142e-07
8.925000e-10 3.206806e-07 3.277231e-07
8.930000e-10 3.190282e-07 3.260406e-07
8.935000e-10 3.173841e-07 3.243666e-07
8.940000e-10 3.157485e-07 3.227010e-07
8.945000e-10 3.141212e-07 3.210440e-07
8.950000e-10 3.125021e-07 3.193953e-07
8.955000e-10 3.108913e-07 3.177550e-07
8.960000e-10 3.092888e-07 3.161230e-07
8.965000e-10 3.076943e-07 3.144993e-07
8.970000e-10 3.061081e-07 3.128838e-07
8.975000e-10 3.045299e-07 3.112766e-07
8.980000e-10 3.029597e-07 3.096775e-07
8.985000e-10 3.013976e-07 3.080865e-07
8.990000e-10 2.998434e-07 3.065035e-07
8.995000e-10 2.982972e-07 3.049286e-07
9.000000e-10 2.967588e-07 3.033617e-07
9.005000e-10 2.952283e-07 3.018028e-07
9.010000e-10 2.937056e-07 3.002517e-07
9.015000e-10 2.921906e-07 2.987086e-07
9.020000e-10 2.906834e-07 2.971732e-07
9.025000e-10 2.891839e-07 2.956457e-07
9.030000e-10 2.876920e-07 2.941259e-07
9.035000e-10 2.862078e-07 2.926139e-07
9.040000e-10 2.847311e-07 2.911095e-07
9.045000e-10 2.832619e-07 2.896128e-07
9.050000e-10 2.818003e-07 2.881236e-07
9.055000e-10 2.803461e-07 2.866421e-07
9.060000e-10 2.788993e-07 2.851680e-07
9.065000e-10 2.774599e-07 2.837015e-07
9.070000e-10 2.760279e-07 2.822424e-07
9.075000e-10 2.746031e-07 2.807907e-07
9.080000e-10 2.731857e-07 2.793464e-07
9.085000e-10 2.717755e-07 2.779094e-07
9.090000e-10 2.703725e-07 2.764797e-07
9.095000e-10 2.689766e-07 2.750573e-07
9.100000e-10 2.675879e-07 2.736422e-07
9.105000e-10 2.662063e-07 2.722342e-07
9.110000e-10 2.648317e-07 2.708334e-07
9.115000e-10 2.634642e-07 2.694397e-07
9.120000e-10 2.621036e-07 2.680531e-07
9.125000e-10 2.607500e-07 2.666736e-07
9.130000e-10 2.594033e-07 2.653010e-07
9.135000e-10 2.580635e-07 2.639355e-07
9.140000e-10 2.567306e-07 2.625769e-07
9.145000e-10 2.554044e-07 2.612252e-07
9.150000e-10 2.540850e-07 2.598804e-07
9.155000e-10 2.527724e-07 2.585424e-07
9.160000e-10 2.514665e-07 2.572113e-07
9.165000e-10 2.501673e-07 2.558869e-07
9.170000e-10 2.488747e-07 2.545692e-07
9.175000e-10 2.475887e-07 2.532583e-07
9.180000e-10 2.463093e-07 2.519540e-07
9.185000e-10 2.450364e-07 2.506564e-07
9.190000e-10 2.437700e-07 2.493654e-07
9.195000e-10 2.425102e-07 2.480809e-07
9.200000e-10 2.412567e-07 2.468030e-07
9.205000e-10 2.400097e-07 2.455316e-07
9.210000e-10 2.387691e-07 2.442667e-07
9.215000e-10 2.375348e-07 2.430082e-07
9.220000e-10 2.363068e-07 2.417562e-07
9.225000e-10 2.350851e-07 2.405105e-07
9.230000e-10 2.338696e-07 2.392711e-07
9.235000e-10 2.326604e-07 2.380381e-07
9.240000e-10 2.314573e-07 2.368114e-07
9.245000e-10 2.302605e-07 2.355909e-07
9.250000e-10 2.290697e-07 2.343766e-07
9.255000e-10 2.278850e-07 2.331685e-07
9.260000e-10 2.267064e-07 2.319666e-07
9.265000e-10 2.255339e-07 2.307708e-07
9.270000e-10 2.243673e-07 2.295811e-07
9.275000e-10 2.232067e-07 2.283974e-07
9.280000e-10 2.220521e-07 2.272198e-07
9.285000e-10 2.209033e-07 2.260482e-07
9.290000e-10 2.197605e-07 2.248826e-07
9.295000e-10 2.186235e-07 2.237229e-07
9.300000e-10 2.174923e-07 2.225691e-07
9.305000e-10 2.163669e-07 2.214212e-07
9.310000e-10 2.152473e-07 2.202792e-07
9.315000e-10 2.141335e-07 2.191430e-07
9.320000e-10 2.130253e-07 2.180126e-07
9.325000e-10 2.119228e-07 2.168879e-07
9.330000e-10 2.108259e-07 2.157690e-07
9.335000e-10 2.097347e-07 2.146558e-07
9.340000e-10 2.086491e-07 2.135483e-07
9.345000e-10 2.075690e-07 2.124464e-07
9.350000e-10 2.064945e-07 2.113502e-07
9.355000e-10 2.054255e-07 2.102595e-07
9.360000e-10 2.043619e-07 2.091745e-07
9.365000e-10 2.033038e-07 2.080949e-07
9.370000e-10 2.022512e-07 2.070209e-07
9.375000e-10 2.012039e-07 2.059524e-07
9.380000e-10 2.001620e-07 2.048893e-07
9.385000e-10 1.991254e-07 2.038316e-07
9.390000e-10 1.980942e-07 2.027794e-07
9.395000e-10 1.970682e-07 2.017325e-07
9.400000e-10 1.960475e-07 2.006909e-07
9.405000e-10 1.950321e-07 1.996547e-07
9.410000e-10 1.940218e-07 1.986238e-07
9.415000e-10 1.930168e-07 1.975981e-07
9.420000e-10 1.920169e-07 1.965777e-07
9.425000e-10 1.910221e-07 1.955625e-07
9.430000e-10 1.900324e-07 1.945525e-07
9.435000e-10 1.890478e-07 1.935476e-07
9.440000e-10 1.880683e-07 1.925479e-07
9.445000e-10 1.870937e-07 1.915533e-07
9.450000e-10 1.861242e-07 1.905638e-07
9.455000e-10 1.851597e-07 1.895793e-07
9.460000e-10 1.842001e-07 1.885999e-07
9.465000e-10 1.832454e-07 1.876255e-07
9.470000e-10 1.822957e-07 1.866560e-07
9.475000e-10 1.813508e-07 1.856915e-07
9.480000e-10 1.804108e-07 1.847320e-07
9.485000e-10 1.794755e-07 1.837773e-07
9.490000e-10 1.785451e-07 1.828275e-07
9.495000e-10 1.776195e-07 1.818826e-07
9.500000e-10 1.766986e-07 1.809425e-07
9.505000e-10 1.757825e-07 1.800073e-07
9.510000e-10 1.748710e-07 1.790768e-07
9.515000e-10 1.739643e-07 1.781511e-07
9.520000e-10 1.730622e-07 1.772301e-07
9.525000e-10 1.721647e-07 1.763138e-07
9.530000e-10 1.712719e-07 1.754022e-07
9.535000e-10 1.703836e-07 1.744953e-07
9.540000e-10 1.694999e-07 1.735930e-07
9.545000e-10 1.686207e-07 1.726953e-07
9.550000e-10 1.677461e-07 1.718023e-07
9.555000e-10 1.668759e-07 1.709138e-07
9.560000e-10 1.660102e-07 1.700298e-07
9.565000e-10 1.651490e-07 1.691504e-07
9.570000e-10 1.642922e-07 1.682755e-07
9.575000e-10 1.634398e-07 1.674050e-07
9.580000e-10 1.625918e-07 1.665391e-07
9.585000e-10 1.617481e-07 1.656775e-07
9.590000e-10 1.609088e-07 1.648204e-07
9.595000e-10 1.600738e-07 1.639676e-07
9.600000e-10 1.592431e-07 1.631192e-07
9.605000e-10 1.584166e-07 1.622752e-07
9.610000e-10 1.575945e-07 1.614355e-07
9.615000e-10 1.567765e-07 1.606001e-07
9.620000e-10 1.559627e-07 1.597690e-07
9.625000e-10 1.551532e-07 1.589421e-07
9.630000e-10 1.543478e-07 1.581195e-07
9.635000e-10 1.535465e-07 1.573010e-07
9.640000e-10 1.527494e-07 1.564868e-07
9.645000e-10 1.519563e-07 1.556768e-07
9.650000e-10 1.511674e-07 1.548709e-07
9.655000e-10 1.503825e-07 1.540691e-07
9.660000e-10 1.496016e-07 1.532714e-07
9.665000e-10 1.488248e-07 1.524779e-07
9.670000e-10 1.480519e-07 1.516884e-07
9.675000e-10 1.472830e-07 1.509029e-07
9.680000e-10 1.465181e-07 1.501215e-07
9.685000e-10 1.457572e-07 1.493441e-07
9.690000e-10 1.450001e-07 1.485706e-07
9.695000e-10 1.442469e-07 1.478012e-07
9.700000e-10 1.434977e-07 1.470357e-07
9.705000e-10 1.427522e-07 1.462741e-07
9.710000e-10 1.420107e-07 1.455164e-07
9.715000e-10 1.412729e-07 1.447626e-07
9.720000e-10 1.405389e-07 1.440126e-07
9.725000e-10 1.398087e-07 1.432666e-07
9.730000e-10 1.390823e-07 1.425243e-07
9.735000e-10 1.383596e-07 1.417859e-07
9.740000e-10 1.376407e-07 1.410512e-07
9.745000e-10 1.369254e-07 1.403203e-07
9.750000e-10 1.362138e-07 1.395932e-07
9.755000e-10 1.355059e-07 1.388698e-07
9.760000e-10 1.348016e-07 1.381501e-07
9.765000e-10 1.341010e-07 1.374341e-07
9.770000e-10 1.334040e-07 1.367218e-07
9.775000e-10 1.327105e-07 1.360131e-07
9.780000e-10 1.320207e-07 1.353081e-07
9.785000e-10 1.313344e-07 1.346067e-07
9.790000e-10 1.306516e-07 1.339089e-07
9.795000e-10 1.299724e-07 1.332146e-07
9.800000e-10 1.292966e-07 1.325240e-07
9.805000e-10 1.286243e-07 1.318369e-07
9.810000e-10 1.279555e-07 1.311533e-07
9.815000e-10 1.272902e-07 1.304732e-07
9.820000e-10 1.266283e-07 1.297966e-07
9.825000e-10 1.259698e-07 1.291235e-07
9.830000e-10 1.253146e-07 1.284539e-07
9.835000e-10 1.246629e-07 1.277877e-07
9.840000e-10 1.240145e-07 1.271249e-07
9.845000e-10 1.233695e-07 1.264655e-07
9.850000e-10 1.227278e-07 1.258095e-07
9.855000e-10 1.220894e-07 1.251569e-07
9.860000e-10 1.214543e-07 1.245077e-07
9.865000e-10 1.208225e-07 1.238618e-07
9.870000e-10 1.201939e-07 1.232191e-07
9.875000e-10 1.195686e-07 1.225798e-07
9.880000e-10 1.189465e-07 1.219438e-07
9.885000e-10 1.183276e-07 1.213111e-07
9.890000e-10 1.177119e-07 1.206816e-07
9.895000e-10 1.170994e-07 1.200553e-07
9.900000e-10 1.164900e-07 1.194323e-07
9.905000e-10 1.158838e-07 1.188125e-07
9.910000e-10 1.152807e-07 1.181958e-07
9.915000e-10 1.146807e-07 1.175824e-07
9.920000e-10 1.140838e-07 1.169721e-07
9.925000e-10 1.134900e-07 1.163649e-07
9.930000e-10 1.128993e-07 1.157608e-07
9.935000e-10 1.123116e-07 1.151599e-07
9.940000e-10 1.117270e-07 1.145620e-07
9.945000e-10 1.111453e-07 1.139672e-07
9.950000e-10 1.105667e-07 1.133755e-07
9.955000e-10 1.099911e-07 1.127868e-07
9.960000e-10 1.094184e-07 1.122012e-07
9.965000e-10 1.088487e-07 1.116186e-07
9.970000e-10 1.082819e-07 1.110389e-07
9.975000e-10 1.077181e-07 1.104623e-07
9.980000e-10 1.071572e-07 1.098886e-07
9.985000e-10 1.065991e-07 1.093179e-07
9.990000e-10 1.060440e-07 1.087501e-07
9.995000e-10 1.054917e-07 1.081852e-07
1.000000e-09 1.049423e-07 1.076232e-07
1.000500e-09 1.043957e-07 1.070642e-07
1.001000e-09 1.038519e-07 1.065080e-07
1.001500e-09 1.033109e-07 1.059547e-07
1.002000e-09 1.027728e-07 1.054042e-07
1.002500e-09 1.022374e-07 1.048565e-07
1.003000e-09 1.017048e-07 1.043117e-07
1.003500e-09 1.011749e-07 1.037697e-07
1.004000e-09 1.006478e-07 1.032305e-07
1.004500e-09 1.001234e-07 1.026940e-07
1.005000e-09 9.960170e-08 1.021604e-07
1.005500e-09 9.908271e-08 1.016294e-07
1.006000e-09 9.856640e-08 1.011012e-07
1.006500e-09 9.805275e-08 1.005758e-07
1.007000e-09 9.754177e-08 1.000530e-07
1.007500e-09 9.703342e-08 9.953291e-08
1.008000e-09 9.652770e-08 9.901551e-08
1.008500e-09 9.602460e-08 9.850078e-08
1.009000e-09 9.552410e-08 9.798871e-08
1.009500e-09 9.502619e-08 9.747927e-08
1.010000e-09 9.453085e-08 9.697246e-08
1.010500e-09 9.403807e-08 9.646826e-08
1.011000e-09 9.354784e-08 9.596666e-08
1.011500e-09 9.306015e-08 9.546764e-08
1.012000e-09 9.257498e-08 9.497120e-08
1.012500e-09 9.209232e-08 9.447732e-08
1.013000e-09 9.161216e-08 9.398598e-08
1.013500e-09 9.113448e-08 9.349718e-08
1.014000e-09 9.065927e-08 9.301090e-08
1.014500e-09 9.018652e-08 9.252712e-08
1.015000e-09 8.971621e-08 9.204584e-08
1.015500e-09 8.924834e-08 9.156705e-08
1.016000e-09 8.878289e-08 9.109072e-08
1.016500e-09 8.831985e-08 9.061685e-08
1.017000e-09 8.785921e-08 9.014542e-08
1.017500e-09 8.740095e-08 8.967643e-08
1.018000e-09 8.694506e-08 8.920985e-08
1.018500e-09 8.649153e-08 8.874568e-08
1.019000e-09 8.604035e-08 8.828391e-08
1.019500e-09 8.559150e-08 8.782452e-08
1.020000e-09 8.514498e-08 8.736750e-08
1.020500e-09 8.470077e-08 8.691284e-08
1.021000e-09 8.425885e-08 8.646052e-08
1.021500e-09 8.381923e-08 8.601054e-08
1.022000e-09 8.338188e-08 8.556288e-08
1.022500e-09 8.294680e-08 8.511753e-08
1.023000e-09 8.251397e-08 8.467448e-08
1.023500e-09 8.208338e-08 8.423372e-08
1.024000e-09 8.165502e-08 8.379523e-08
1.024500e-09 8.122888e-08 8.335901e-08
1.025000e-09 8.080495e-08 8.292504e-08
1.025500e-09 8.038321e-08 8.249331e-08
1.026000e-09 7.996366e-08 8.206381e-08
1.026500e-09 7.954628e-08 8.163653e-08
1.027000e-09 7.913106e-08 8.121145e-08
1.027500e-09 7.871799e-08 8.078857e-08
1.028000e-09 7.830707e-08 8.036787e-08
1.028500e-09 7.789827e-08 7.994934e-08
1.029000e-09 7.749159e-08 7.953298e-08
1.029500e-09 7.708702e-08 7.911877e-08
1.030000e-09 7.668454e-08 7.870670e-08
1.030500e-09 7.628415e-08 7.829675e-08
1.031000e-09 7.588584e-08 7.788893e-08
1.031500e-09 7.548959e-08 7.748321e-08
1.032000e-09 7.509539e-08 7.707959e-08
1.032500e-09 7.470324e-08 7.667805e-08
1.033000e-09 7.431312e-08 7.627859e-08
1.033500e-09 7.392502e-08 7.588119e-08
1.034000e-09 7.353893e-08 7.548584e-08
1.034500e-09 7.315484e-08 7.509254e-08
1.035000e-09 7.277275e-08 7.470128e-08
1.035500e-09 7.239264e-08 7.431203e-08
1.036000e-09 7.201449e-08 7.392480e-08
1.036500e-09 7.163831e-08 7.353956e-08
1.037000e-09 7.126408e-08 7.315632e-08
1.037500e-09 7.089179e-08 7.277507e-08
1.038000e-09 7.052143e-08 7.239578e-08
1.038500e-09 7.015299e-08 7.201845e-08
1.039000e-09 6.978646e-08 7.164307e-08
1.039500e-09 6.942183e-08 7.126964e-08
1.040000e-09 6.905910e-08 7.089814e-08
1.040500e-09 6.869824e-08 7.052855e-08
1.041000e-09 6.833926e-08 7.016088e-08
1.041500e-09 6.798214e-08 6.979511e-08
1.042000e-09 6.762687e-08 6.943124e-08
1.042500e-09 6.727345e-08 6.906924e-08
1.043000e-09 6.692186e-08 6.870912e-08
1.043500e-09 6.657209e-08 6.835086e-08
1.044000e-09 6.622414e-08 6.799445e-08
1.044500e-09 6.587799e-08 6.763989e-08
1.045000e-09 6.553364e-08 6.728716e-08
1.045500e-09 6.519108e-08 6.693626e-08
1.046000e-09 6.485030e-08 6.658717e-08
1.046500e-09 6.451128e-08 6.623989e-08
1.047000e-09 6.417402e-08 6.589441e-08
1.047500e-09 6.383852e-08 6.555071e-08
1.048000e-09 6.350475e-08 6.520879e-08
1.048500e-09 6.317272e-08 6.486865e-08
1.049000e-09 6.284241e-08 6.453026e-08
1.049500e-09 6.251382e-08 6.419363e-08
1.050000e-09 6.218693e-08 6.385873e-08
1.050500e-09 6.186174e-08 6.352557e-08
1.051000e-09 6.153824e-08 6.319414e-08
1.051500e-09 6.121642e-08 6.286442e-08
1.052000e-09 6.089627e-08 6.253641e-08
1.052500e-09 6.057778e-08 6.221010e-08
1.053000e-09 6.026094e-08 6.188548e-08
1.053500e-09 5.994576e-08 6.156254e-08
1.054000e-09 5.963220e-08 6.124127e-08
1.054500e-09 5.932028e-08 6.092166e-08
1.055000e-09 5.900998e-08 6.060371e-08
1.055500e-09 5.870129e-08 6.028741e-08
1.056000e-09 5.839420e-08 5.997274e-08
1.056500e-09 5.808871e-08 5.965971e-08
1.057000e-09 5.778480e-08 5.934830e-08
1.057500e-09 5.748247e-08 5.903850e-08
1.058000e-09 5.718172e-08 5.873030e-08
1.058500e-09 5.688253e-08 5.842370e-08
1.059000e-09 5.658489e-08 5.811869e-08
1.059500e-09 5.628880e-08 5.781526e-08
1.060000e-09 5.599424e-08 5.751341e-08
1.060500e-09 5.570122e-08 5.721312e-08
1.061000e-09 5.540972e-08 5.691438e-08
1.061500e-09 5.511974e-08 5.661719e-08
1.062000e-09 5.483126e-08 5.632154e-08
1.062500e-09 5.454428e-08 5.602743e-08
1.063000e-09 5.425880e-08 5.573484e-08
1.063500e-09 5.397479e-08 5.544376e-08
1.064000e-09 5.369227e-08 5.515420e-08
1.064500e-09 5.341121e-08 5.486613e-08
1.065000e-09 5.313162e-08 5.457956e-08
1.065500e-09 5.285347e-08 5.429448e-08
1.066000e-09 5.257678e-08 5.401087e-08
1.066500e-09 5.230152e-08 5.372873e-08
1.067000e-09 5.202770e-08 5.344806e-08
1.067500e-09 5.175529e-08 5.316884e-08
1.068000e-09 5.148431e-08 5.289107e-08
1.068500e-09 5.121473e-08 5.261474e-08
1.069000e-09 5.094656e-08 5.233985e-08
1.069500e-09 5.067978e-08 5.206638e-08
1.070000e-09 5.041439e-08 5.179432e-08
1.070500e-09 5.015038e-08 5.152368e-08
1.071000e-09 4.988774e-08 5.125445e-08
1.071500e-09 4.962647e-08 5.098661e-08
1.072000e-09 4.936655e-08 5.072015e-08
1.072500e-09 4.910799e-08 5.045509e-08
1.073000e-09 4.885078e-08 5.019139e-08
1.073500e-09 4.859490e-08 4.992907e-08
1.074000e-09 4.834035e-08 4.966810e-08
1.074500e-09 4.808713e-08 4.940850e-08
1.075000e-09 4.783523e-08 4.915023e-08
1.075500e-09 4.758464e-08 4.889331e-08
1.076000e-09 4.733535e-08 4.863772e-08
1.076500e-09 4.708736e-08 4.838346e-08
1.077000e-09 4.684066e-08 4.813052e-08
1.077500e-09 4.659524e-08 4.787889e-08
1.078000e-09 4.635110e-08 4.762856e-08
1.078500e-09 4.610823e-08 4.737954e-08
1.079000e-09 4.586663e-08 4.713181e-08
1.079500e-09 4.562628e-08 4.688536e-08
1.080000e-09 4.538719e-08 4.664020e-08
1.080500e-09 4.514934e-08 4.639631e-08
1.081000e-09 4.491272e-08 4.615368e-08
1.081500e-09 4.467734e-08 4.591231e-08
1.082000e-09 4.444319e-08 4.567220e-08
1.082500e-09 4.421025e-08 4.543333e-08
1.083000e-09 4.397853e-08 4.519571e-08
1.083500e-09 4.374801e-08 4.495932e-08
1.084000e-09 4.351870e-08 4.472415e-08
1.084500e-09 4.329058e-08 4.449021e-08
1.085000e-09 4.306364e-08 4.425748e-08
1.085500e-09 4.283789e-08 4.402596e-08
1.086000e-09 4.261332e-08 4.379565e-08
1.086500e-09 4.238991e-08 4.356653e-08
1.087000e-09 4.216767e-08 4.333860e-08
1.087500e-09 4.194658e-08 4.311186e-08
1.088000e-09 4.172665e-08 4.288629e-08
1.088500e-09 4.150786e-08 4.266189e-08
1.089000e-09 4.129022e-08 4.243867e-08
1.089500e-09 4.107370e-08 4.221660e-08
1.090000e-09 4.085832e-08 4.199568e-08
1.090500e-09 4.064405e-08 4.177592e-08
1.091000e-09 4.043091e-08 4.155729e-08
1.091500e-09 4.021887e-08 4.133980e-08
1.092000e-09 4.000794e-08 4.112344e-08
1.092500e-09 3.979811e-08 4.090821e-08
1.093000e-09 3.958937e-08 4.069410e-08
1.093500e-09 3.938172e-08 4.048110e-08
1.094000e-09 3.917515e-08 4.026920e-08
1.094500e-09 3.896966e-08 4.005841e-08
1.095000e-09 3.876524e-08 3.984871e-08
1.095500e-09 3.856189e-08 3.964011e-08
1.096000e-09 3.835959e-08 3.943258e-08
1.096500e-09 3.815835e-08 3.922614e-08
1.097000e-09 3.795816e-08 3.902077e-08
1.097500e-09 3.775901e-08 3.881647e-08
1.098000e-09 3.756090e-08 3.861323e-08
1.098500e-09 3.736383e-08 3.841105e-08
1.099000e-09 3.716778e-08 3.820992e-08
1.099500e-09 3.697275e-08 3.800983e-08
1.100000e-09 3.677874e-08 3.781079e-08
1.100500e-09 3.658574e-08 3.761278e-08
1.101000e-09 3.639375e-08 3.741580e-08
1.101500e-09 3.620276e-08 3.721985e-08
1.102000e-09 3.601277e-08 3.702491e-08
1.102500e-09 3.582377e-08 3.683099e-08
1.103000e-09 3.563575e-08 3.663808e-08
1.103500e-09 3.544871e-08 3.644618e-08
1.104000e-09 3.526265e-08 3.625527e-08
1.104500e-09 3.507756e-08 3.606535e-08
1.105000e-09 3.489344e-08 3.587642e-08
1.105500e-09 3.471027e-08 3.568848e-08
1.106000e-09 3.452806e-08 3.550151e-08
1.106500e-09 3.434681e-08 3.531552e-08
1.107000e-09 3.416649e-08 3.513049e-08
1.107500e-09 3.398712e-08 3.494643e-08
1.108000e-09 3.380869e-08 3.476333e-08
1.108500e-09 3.363118e-08 3.458117e-08
1.109000e-09 3.345460e-08 3.439997e-08
1.109500e-09 3.327895e-08 3.421971e-08
1.110000e-09 3.310421e-08 3.404039e-08
1.110500e-09 3.293038e-08 3.386200e-08
1.111000e-09 3.275746e-08 3.368454e-08
1.111500e-09 3.258544e-08 3.350801e-08
1.112000e-09 3.241432e-08 3.333239e-08
1.112500e-09 3.224409e-08 3.315769e-08
1.113000e-09 3.207475e-08 3.298390e-08
1.113500e-09 3.190630e-08 3.281101e-08
1.114000e-09 3.173872e-08 3.263902e-08
1.114500e-09 3.157202e-08 3.246793e-08
1.115000e-09 3.140619e-08 3.229773e-08
1.115500e-09 3.124123e-08 3.212842e-08
1.116000e-09 3.107712e-08 3.195999e-08
1.116500e-09 3.091388e-08 3.179243e-08
1.117000e-09 3.075148e-08 3.162575e-08
1.117500e-09 3.058994e-08 3.145994e-08
1.118000e-09 3.042923e-08 3.129499e-08
1.118500e-09 3.026937e-08 3.113090e-08
1.119000e-09 3.011034e-08 3.096766e-08
1.119500e-09 2.995215e-08 3.080528e-08
1.120000e-09 2.979477e-08 3.064374e-08
1.120500e-09 2.963822e-08 3.048304e-08
1.121000e-09 2.948249e-08 3.032318e-08
1.121500e-09 2.932757e-08 3.016415e-08
1.122000e-09 2.917346e-08 3.000596e-08
1.122500e-09 2.902016e-08 2.984858e-08
1.123000e-09 2.886766e-08 2.969203e-08
1.123500e-09 2.871595e-08 2.953629e-08
1.124000e-09 2.856504e-08 2.938136e-08
1.124500e-09 2.841491e-08 2.922725e-08
1.125000e-09 2.826557e-08 2.907393e-08
1.125500e-09 2.811701e-08 2.892141e-08
1.126000e-09 2.796922e-08 2.876969e-08
1.126500e-09 2.782221e-08 2.861876e-08
1.127000e-09 2.767597e-08 2.846862e-08
1.127500e-09 2.753049e-08 2.831926e-08
1.128000e-09 2.738577e-08 2.817068e-08
1.128500e-09 2.724180e-08 2.802287e-08
1.129000e-09 2.709859e-08 2.787583e-08
1.129500e-09 2.695613e-08 2.772956e-08
1.130000e-09 2.681441e-08 2.758406e-08
1.130500e-09 2.667343e-08 2.743931e-08
1.131000e-09 2.653319e-08 2.729531e-08
1.131500e-09 2.639369e-08 2.715207e-08
1.132000e-09 2.625491e-08 2.700958e-08
1.132500e-09 2.611686e-08 2.686782e-08
1.133000e-09 2.597953e-08 2.672681e-08
1.133500e-09 2.584291e-08 2.658653e-08
1.134000e-09 2.570702e-08 2.644699e-08
1.134500e-09 2.557183e-08 2.630817e-08
1.135000e-09 2.543735e-08 2.617008e-08
1.135500e-09 2.530357e-08 2.603270e-08
1.136000e-09 2.517049e-08 2.589605e-08
1.136500e-09 2.503811e-08 2.576010e-08
1.137000e-09 2.490642e-08 2.562487e-08
1.137500e-09 2.477542e-08 2.549034e-08
1.138000e-09 2.464510e-08 2.535651e-08
1.138500e-09 2.451547e-08 2.522339e-08
1.139000e-09 2.438651e-08 2.509095e-08
1.139500e-09 2.425823e-08 2.495921e-08
1.140000e-09 2.413061e-08 2.482815e-08
1.140500e-09 2.400367e-08 2.469778e-08
1.141000e-09 2.387739e-08 2.456809e-08
1.141500e-09 2.375177e-08 2.443908e-08
1.142000e-09 2.362681e-08 2.431074e-08
1.142500e-09 2.350250e-08 2.418307e-08
1.143000e-09 2.337884e-08 2.405606e-08
1.143500e-09 2.325583e-08 2.392972e-08
1.144000e-09 2.313347e-08 2.380404e-08
1.144500e-09 2.301174e-08 2.367902e-08
1.145000e-09 2.289065e-08 2.355464e-08
1.145500e-09 2.277019e-08 2.343092e-08
1.146000e-09 2.265037e-08 2.330784e-08
1.146500e-09 2.253117e-08 2.318541e-08
1.147000e-09 2.241259e-08 2.306361e-08
1.147500e-09 2.229464e-08 2.294245e-08
1.148000e-09 2.217730e-08 2.282193e-08
1.148500e-09 2.206058e-08 2.270203e-08
1.149000e-09 2.194447e-08 2.258276e-08
1.149500e-09 2.182896e-08 2.246411e-08
1.150000e-09 2.171406e-08 2.234608e-08
1.150500e-09 2.159976e-08 2.222867e-08
1.151000e-09 2.148606e-08 2.211187e-08
1.151500e-09 2.137296e-08 2.199568e-08
1.152000e-09 2.126044e-08 2.188010e-08
1.152500e-09 2.114852e-08 2.176512e-08
1.153000e-09 2.103718e-08 2.165074e-08
1.153500e-09 2.092643e-08 2.153696e-08
1.154000e-09 2.081625e-08 2.142378e-08
1.154500e-09 2.070666e-08 2.131118e-08
1.155000e-09 2.059763e-08 2.119918e-08
1.155500e-09 2.048918e-08 2.108776e-08
1.156000e-09 2.038129e-08 2.097692e-08
1.156500e-09 2.027397e-08 2.086666e-08
1.157000e-09 2.016721e-08 2.075697e-08
1.157500e-09 2.006102e-08 2.064786e-08
1.158000e-09 1.995537e-08 2.053933e-08
1.158500e-09 1.985028e-08 2.043135e-08
1.159000e-09 1.974574e-08 2.032394e-08
1.159500e-09 1.964175e-08 2.021710e-08
1.160000e-09 1.953830e-08 2.011081e-08
1.160500e-09 1.943540e-08 2.000508e-08
1.161000e-09 1.933303e-08 1.989990e-08
1.161500e-09 1.923120e-08 1.979527e-08
1.162000e-09 1.912991e-08 1.969118e-08
1.162500e-09 1.902914e-08 1.958764e-08
1.163000e-09 1.892890e-08 1.948464e-08
1.163500e-09 1.882919e-08 1.938219e-08
1.164000e-09 1.873000e-08 1.928026e-08
1.164500e-09 1.863133e-08 1.917887e-08
1.165000e-09 1.853318e-08 1.907801e-08
1.165500e-09 1.843554e-08 1.897768e-08
1.166000e-09 1.833841e-08 1.887787e-08
1.166500e-09 1.824179e-08 1.877858e-08
1.167000e-09 1.814568e-08 1.867981e-08
1.167500e-09 1.805007e-08 1.858156e-08
1.168000e-09 1.795497e-08 1.848382e-08
1.168500e-09 1.786036e-08 1.838660e-08
1.169000e-09 1.776625e-08 1.828988e-08
1.169500e-09 1.767263e-08 1.819367e-08
1.170000e-09 1.757950e-08 1.809796e-08
1.170500e-09 1.748686e-08 1.800275e-08
1.171000e-09 1.739470e-08 1.790804e-08
1.171500e-09 1.730303e-08 1.781383e-08
1.172000e-09 1.721184e-08 1.772011e-08
1.172500e-09 1.712113e-08 1.762688e-08
1.173000e-09 1.703089e-08 1.753413e-08
1.173500e-09 1.694112e-08 1.744188e-08
1.174000e-09 1.685183e-08 1.735010e-08
1.174500e-09 1.676300e-08 1.725880e-08
1.175000e-09 1.667464e-08 1.716799e-08
1.175500e-09 1.658675e-08 1.707764e-08
1.176000e-09 1.649931e-08 1.698778e-08
1.176500e-09 1.641233e-08 1.689838e-08
1.177000e-09 1.632581e-08 1.680944e-08
1.177500e-09 1.623975e-08 1.672098e-08
1.178000e-09 1.615413e-08 1.663298e-08
1.178500e-09 1.606896e-08 1.654543e-08
1.179000e-09 1.598424e-08 1.645835e-08
1.179500e-09 1.589997e-08 1.637172e-08
1.180000e-09 1.581613e-08 1.628555e-08
1.180500e-09 1.573274e-08 1.619982e-08
1.181000e-09 1.564978e-08 1.611455e-08
1.181500e-09 1.556726e-08 1.602972e-08
1.182000e-09 1.548517e-08 1.594533e-08
1.182500e-09 1.540352e-08 1.586139e-08
1.183000e-09 1.532229e-08 1.577789e-08
1.183500e-09 1.524148e-08 1.569482e-08
1.184000e-09 1.516110e-08 1.561219e-08
1.184500e-09 1.508115e-08 1.552999e-08
1.185000e-09 1.500161e-08 1.544822e-08
1.185500e-09 1.492249e-08 1.536688e-08
1.186000e-09 1.484378e-08 1.528597e-08
1.186500e-09 1.476549e-08 1.520548e-08
1.187000e-09 1.468761e-08 1.512541e-08
1.187500e-09 1.461014e-08 1.504576e-08
1.188000e-09 1.453307e-08 1.496653e-08
1.188500e-09 1.445641e-08 1.488771e-08
1.189000e-09 1.438015e-08 1.480931e-08
1.189500e-09 1.430429e-08 1.473131e-08
1.190000e-09 1.422883e-08 1.465373e-08
1.190500e-09 1.415376e-08 1.457655e-08
1.191000e-09 1.407909e-08 1.449978e-08
1.191500e-09 1.400481e-08 1.442340e-08
1.192000e-09 1.393092e-08 1.434743e-08
1.192500e-09 1.385742e-08 1.427186e-08
1.193000e-09 1.378431e-08 1.419668e-08
1.193500e-09 1.371157e-08 1.412189e-08
1.194000e-09 1.363922e-08 1.404750e-08
1.194500e-09 1.356725e-08 1.397350e-08
1.195000e-09 1.349566e-08 1.389988e-08
1.195500e-09 1.342445e-08 1.382665e-08
1.196000e-09 1.335360e-08 1.375381e-08
1.196500e-09 1.328313e-08 1.368135e-08
1.197000e-09 1.321303e-08 1.360926e-08
1.197500e-09 1.314330e-08 1.353756e-08
1.198000e-09 1.307394e-08 1.346623e-08
1.198500e-09 1.300493e-08 1.339527e-08
1.199000e-09 1.293630e-08 1.332468e-08
1.199500e-09 1.286802e-08 1.325447e-08
1.200000e-09 1.280010e-08 1.318462e-08
