0.000000e+00 0 0
5.000000e-13 0 0
1.000000e-12 0 0
1.500000e-12 0 0
2.000000e-12 0 0
2.500000e-12 0 0
3.000000e-12 0 0
3.500000e-12 0 0
4.000000e-12 0 0
4.500000e-12 0 0
5.000000e-12 0 0
5.500000e-12 0 0
6.000000e-12 0 0
6.500000e-12 0 0
7.000000e-12 0 0
7.500000e-12 0 0
8.000000e-12 0 0
8.500000e-12 0 0
9.000000e-12 0 0
9.500000e-12 0 0
1.000000e-11 0 0
1.050000e-11 0 0
1.100000e-11 0 0
1.150000e-11 0 0
1.200000e-11 0 0
1.250000e-11 0 0
1.300000e-11 0 0
1.350000e-11 0 0
1.400000e-11 0 0
1.450000e-11 0 0
1.500000e-11 0 0
1.550000e-11 0 0
1.600000e-11 0 0
1.650000e-11 0 0
1.700000e-11 0 0
1.750000e-11 0 0
1.800000e-11 0 0
1.850000e-11 0 0
1.900000e-11 0 0
1.950000e-11 0 0
2.000000e-11 0 0
2.050000e-11 0 0
2.100000e-11 0 0
2.150000e-11 0 0
2.200000e-11 0 0
2.250000e-11 0 0
2.300000e-11 0 0
2.350000e-11 0 0
2.400000e-11 0 0
2.450000e-11 0 0
2.500000e-11 0 0
2.550000e-11 0 0
2.600000e-11 0 0
2.650000e-11 0 0
2.700000e-11 0 0
2.750000e-11 0 0
2.800000e-11 0 0
2.850000e-11 0 0
2.900000e-11 0 0
2.950000e-11 0 0
3.000000e-11 0 0
3.050000e-11 0 0
3.100000e-11 0 0
3.150000e-11 0 0
3.200000e-11 0 0
3.250000e-11 0 0
3.300000e-11 0 0
3.350000e-11 0 0
3.400000e-11 0 0
3.450000e-11 0 0
3.500000e-11 0 0
3.550000e-11 0 0
3.600000e-11 0 0
3.650000e-11 0 0
3.700000e-11 0 0
3.750000e-11 0 0
3.800000e-11 0 0
3.850000e-11 0 0
3.900000e-11 0 0
3.950000e-11 0 0
4.000000e-11 0 0
4.050000e-11 0 0
4.100000e-11 0 0
4.150000e-11 0 0
4.200000e-11 0 0
4.250000e-11 0 0
4.300000e-11 0 0
4.350000e-11 0 0
4.400000e-11 0 0
4.450000e-11 0 0
4.500000e-11 0 0
4.550000e-11 0 0
4.600000e-11 0 0
4.650000e-11 0 0
4.700000e-11 0 0
4.750000e-11 0 0
4.800000e-11 0 0
4.850000e-11 0 0
4.900000e-11 0 0
4.950000e-11 0 0
5.000000e-11 0 0
5.050000e-11 0 0
5.100000e-11 0 0
5.150000e-11 0 0
5.200000e-11 0 0
5.250000e-11 0 0
5.300000e-11 0 0
5.350000e-11 0 0
5.400000e-11 0 0
5.450000e-11 0 0
5.500000e-11 0 0
5.550000e-11 0 0
5.600000e-11 0 0
5.650000e-11 0 0
5.700000e-11 0 0
5.750000e-11 0 0
5.800000e-11 0 0
5.850000e-11 0 0
5.900000e-11 0 0
5.950000e-11 0 0
6.000000e-11 0 0
6.050000e-11 0 0
6.100000e-11 0 0
6.150000e-11 0 0
6.200000e-11 0 0
6.250000e-11 0 0
6.300000e-11 0 0
6.350000e-11 0 0
6.400000e-11 0 0
6.450000e-11 0 0
6.500000e-11 0 0
6.550000e-11 0 0
6.600000e-11 0 0
6.650000e-11 0 0
6.700000e-11 0 0
6.750000e-11 0 0
6.800000e-11 0 0
6.850000e-11 0 0
6.900000e-11 0 0
6.950000e-11 0 0
7.000000e-11 0 0
7.050000e-11 0 0
7.100000e-11 0 0
7.150000e-11 0 0
7.200000e-11 0 0
7.250000e-11 0 0
7.300000e-11 0 0
7.350000e-11 0 0
7.400000e-11 0 0
7.450000e-11 0 0
7.500000e-11 0 0
7.550000e-11 0 0
7.600000e-11 0 0
7.650000e-11 0 0
7.700000e-11 0 0
7.750000e-11 0 0
7.800000e-11 0 0
7.850000e-11 0 0
7.900000e-11 0 0
7.950000e-11 0 0
8.000000e-11 0 0
8.050000e-11 0 0
8.100000e-11 0 0
8.150000e-11 0 0
8.200000e-11 0 0
8.250000e-11 0 0
8.300000e-11 0 0
8.350000e-11 0 0
8.400000e-11 0 0
8.450000e-11 0 0
8.500000e-11 0 0
8.550000e-11 0 0
8.600000e-11 0 0
8.650000e-11 0 0
8.700000e-11 0 0
8.750000e-11 0 0
8.800000e-11 0 0
8.850000e-11 0 0
8.900000e-11 0 0
8.950000e-11 0 0
9.000000e-11 0 0
9.050000e-11 0 0
9.100000e-11 0 0
9.150000e-11 0 0
9.200000e-11 0 0
9.250000e-11 0 0
9.300000e-11 0 0
9.350000e-11 0 0
9.400000e-11 0 0
9.450000e-11 0 0
9.500000e-11 0 0
9.550000e-11 0 0
9.600000e-11 0 0
9.650000e-11 0 0
9.700000e-11 0 0
9.750000e-11 0 0
9.800000e-11 0 0
9.850000e-11 0 0
9.900000e-11 0 0
9.950000e-11 0 0
1.000000e-10 0 0
1.005000e-10 0 0
1.010000e-10 0 0
1.015000e-10 0 0
1.020000e-10 0 0
1.025000e-10 0 0
1.030000e-10 0 0
1.035000e-10 0 0
1.040000e-10 0 0
1.045000e-10 0 0
1.050000e-10 0 0
1.055000e-10 0 0
1.060000e-10 0 0
1.065000e-10 0 0
1.070000e-10 0 0
1.075000e-10 0 0
1.080000e-10 0 0
1.085000e-10 0 0
1.090000e-10 0 0
1.095000e-10 0 0
1.100000e-10 0 0
1.105000e-10 0 0
1.110000e-10 0 0
1.115000e-10 0 0
1.120000e-10 0 0
1.125000e-10 0 0
1.130000e-10 0 0
1.135000e-10 0 0
1.140000e-10 0 0
1.145000e-10 0 0
1.150000e-10 0 0
1.155000e-10 0 0
1.160000e-10 0 0
1.165000e-10 0 0
1.170000e-10 0 0
1.175000e-10 0 0
1.180000e-10 0 0
1.185000e-10 0 0
1.190000e-10 0 0
1.195000e-10 0 0
1.200000e-10 0 0
1.205000e-10 0 0
1.210000e-10 0 0
1.215000e-10 0 0
1.220000e-10 0 0
1.225000e-10 0 0
1.230000e-10 0 0
1.235000e-10 0 0
1.240000e-10 0 0
1.245000e-10 0 0
1.250000e-10 0 0
1.255000e-10 0 0
1.260000e-10 0 0
1.265000e-10 0 0
1.270000e-10 0 0
1.275000e-10 0 0
1.280000e-10 0 0
1.285000e-10 0 0
1.290000e-10 0 0
1.295000e-10 0 0
1.300000e-10 0 0
1.305000e-10 0 0
1.310000e-10 0 0
1.315000e-10 0 0
1.320000e-10 0 0
1.325000e-10 0 0
1.330000e-10 0 0
1.335000e-10 0 0
1.340000e-10 0 0
1.345000e-10 0 0
1.350000e-10 0 0
1.355000e-10 0 0
1.360000e-10 0 0
1.365000e-10 0 0
1.370000e-10 0 0
1.375000e-10 0 0
1.380000e-10 0 0
1.385000e-10 0 0
1.390000e-10 0 0
1.395000e-10 0 0
1.400000e-10 0 0
1.405000e-10 0 0
1.410000e-10 0 0
1.415000e-10 0 0
1.420000e-10 0 0
1.425000e-10 0 0
1.430000e-10 0 0
1.435000e-10 0 0
1.440000e-10 0 0
1.445000e-10 0 0
1.450000e-10 0 0
1.455000e-10 0 0
1.460000e-10 0 0
1.465000e-10 0 0
1.470000e-10 0 0
1.475000e-10 0 0
1.480000e-10 0 0
1.485000e-10 0 0
1.490000e-10 0 0
1.495000e-10 0 0
1.500000e-10 0 0
1.505000e-10 0 0
1.510000e-10 0 0
1.515000e-10 0 0
1.520000e-10 0 0
1.525000e-10 0 0
1.530000e-10 0 0
1.535000e-10 0 0
1.540000e-10 0 0
1.545000e-10 0 0
1.550000e-10 0 0
1.555000e-10 0 0
1.560000e-10 0 0
1.565000e-10 0 0
1.570000e-10 0 0
1.575000e-10 0 0
1.580000e-10 0 0
1.585000e-10 0 0
1.590000e-10 0 0
1.595000e-10 0 0
1.600000e-10 0 0
1.605000e-10 0 0
1.610000e-10 0 0
1.615000e-10 0 0
1.620000e-10 0 0
1.625000e-10 0 0
1.630000e-10 0 0
1.635000e-10 0 0
1.640000e-10 0 0
1.645000e-10 0 0
1.650000e-10 0 0
1.655000e-10 0 0
1.660000e-10 0 0
1.665000e-10 0 0
1.670000e-10 0 0
1.675000e-10 0 0
1.680000e-10 0 0
1.685000e-10 0 0
1.690000e-10 0 0
1.695000e-10 0 0
1.700000e-10 0 0
1.705000e-10 0 0
1.710000e-10 0 0
1.715000e-10 0 0
1.720000e-10 0 0
1.725000e-10 0 0
1.730000e-10 0 0
1.735000e-10 0 0
1.740000e-10 0 0
1.745000e-10 0 0
1.750000e-10 0 0
1.755000e-10 0 0
1.760000e-10 0 0
1.765000e-10 0 0
1.770000e-10 0 0
1.775000e-10 0 0
1.780000e-10 0 0
1.785000e-10 0 0
1.790000e-10 0 0
1.795000e-10 0 0
1.800000e-10 0 0
1.805000e-10 0 0
1.810000e-10 0 0
1.815000e-10 0 0
1.820000e-10 0 0
1.825000e-10 0 0
1.830000e-10 0 0
1.835000e-10 0 0
1.840000e-10 0 0
1.845000e-10 0 0
1.850000e-10 0 0
1.855000e-10 0 0
1.860000e-10 0 0
1.865000e-10 0 0
1.870000e-10 0 0
1.875000e-10 0 0
1.880000e-10 0 0
1.885000e-10 0 0
1.890000e-10 0 0
1.895000e-10 0 0
1.900000e-10 0 0
1.905000e-10 0 0
1.910000e-10 0 0
1.915000e-10 0 0
1.920000e-10 0 0
1.925000e-10 0 0
1.930000e-10 0 0
1.935000e-10 0 0
1.940000e-10 0 0
1.945000e-10 0 0
1.950000e-10 0 0
1.955000e-10 0 0
1.960000e-10 0 0
1.965000e-10 0 0
1.970000e-10 0 0
1.975000e-10 0 0
1.980000e-10 0 0
1.985000e-10 0 0
1.990000e-10 0 0
1.995000e-10 0 0
2.000000e-10 0 0
2.005000e-10 0 0
2.010000e-10 0 0
2.015000e-10 0 0
2.020000e-10 0 0
2.025000e-10 0 0
2.030000e-10 0 0
2.035000e-10 0 0
2.040000e-10 0 0
2.045000e-10 0 0
2.050000e-10 0 0
2.055000e-10 0 0
2.060000e-10 0 0
2.065000e-10 0 0
2.070000e-10 0 0
2.075000e-10 0 0
2.080000e-10 0 0
2.085000e-10 0 0
2.090000e-10 0 0
2.095000e-10 0 0
2.100000e-10 0 0
2.105000e-10 0 0
2.110000e-10 0 0
2.115000e-10 0 0
2.120000e-10 0 0
2.125000e-10 0 0
2.130000e-10 0 0
2.135000e-10 0 0
2.140000e-10 0 0
2.145000e-10 0 0
2.150000e-10 0 0
2.155000e-10 0 0
2.160000e-10 0 0
2.165000e-10 0 0
2.170000e-10 0 0
2.175000e-10 0 0
2.180000e-10 0 0
2.185000e-10 0 0
2.190000e-10 0 0
2.195000e-10 0 0
2.200000e-10 0 0
2.205000e-10 0 0
2.210000e-10 0 0
2.215000e-10 0 0
2.220000e-10 0 0
2.225000e-10 0 0
2.230000e-10 0 0
2.235000e-10 0 0
2.240000e-10 0 0
2.245000e-10 0 0
2.250000e-10 0 0
2.255000e-10 0 0
2.260000e-10 0 0
2.265000e-10 0 0
2.270000e-10 0 0
2.275000e-10 0 0
2.280000e-10 0 0
2.285000e-10 0 0
2.290000e-10 0 0
2.295000e-10 0 0
2.300000e-10 0 0
2.305000e-10 0 0
2.310000e-10 0 0
2.315000e-10 0 0
2.320000e-10 0 0
2.325000e-10 0 0
2.330000e-10 0 0
2.335000e-10 0 0
2.340000e-10 0 0
2.345000e-10 0 0
2.350000e-10 0 0
2.355000e-10 0 0
2.360000e-10 0 0
2.365000e-10 0 0
2.370000e-10 0 0
2.375000e-10 0 0
2.380000e-10 0 0
2.385000e-10 0 0
2.390000e-10 0 0
2.395000e-10 0 0
2.400000e-10 0 0
2.405000e-10 0 0
2.410000e-10 0 0
2.415000e-10 0 0
2.420000e-10 0 0
2.425000e-10 0 0
2.430000e-10 0 0
2.435000e-10 0 0
2.440000e-10 0 0
2.445000e-10 0 0
2.450000e-10 0 0
2.455000e-10 0 0
2.460000e-10 0 0
2.465000e-10 0 0
2.470000e-10 0 0
2.475000e-10 0 0
2.480000e-10 0 0
2.485000e-10 0 0
2.490000e-10 0 0
2.495000e-10 0 0
2.505000e-10 0.000000e+00 0
2.510000e-10 5.575898e-06 0
2.515000e-10 7.841823e-06 0
2.520000e-10 9.551024e-06 0
2.525000e-10 1.096747e-05 0
2.530000e-10 1.219407e-05 0
2.535000e-10 1.328393e-05 0
2.540000e-10 1.426880e-05 0
2.545000e-10 1.516948e-05 0
2.550000e-10 1.600052e-05 0
2.555000e-10 1.677259e-05 0
2.560000e-10 1.749378e-05 0
2.565000e-10 1.817043e-05 0
2.570000e-10 1.880761e-05 0
2.575000e-10 1.940944e-05 0
2.580000e-10 1.997938e-05 0
2.585000e-10 2.052029e-05 0
2.590000e-10 2.103465e-05 0
2.595000e-10 2.152456e-05 0
2.600000e-10 2.199187e-05 0
2.605000e-10 2.243818e-05 0
2.610000e-10 2.286491e-05 0
2.615000e-10 2.327333e-05 0
2.620000e-10 2.366455e-05 0
2.625000e-10 2.403960e-05 0
2.630000e-10 2.439938e-05 0
2.635000e-10 2.474473e-05 0
2.640000e-10 2.507640e-05 0
2.645000e-10 2.539508e-05 0
2.650000e-10 2.570141e-05 0
2.655000e-10 2.599595e-05 0
2.660000e-10 2.627927e-05 0
2.665000e-10 2.655184e-05 0
2.670000e-10 2.681414e-05 0
2.675000e-10 2.706659e-05 0
2.680000e-10 2.730961e-05 0
2.685000e-10 2.754355e-05 0
2.690000e-10 2.776878e-05 0
2.695000e-10 2.798562e-05 0
2.700000e-10 2.819439e-05 0
2.705000e-10 2.839538e-05 0
2.710000e-10 2.858886e-05 0
2.715000e-10 2.877510e-05 0
2.720000e-10 2.895434e-05 0
2.725000e-10 2.912682e-05 0
2.730000e-10 2.929275e-05 0
2.735000e-10 2.945236e-05 0
2.740000e-10 2.960584e-05 0
2.745000e-10 2.975338e-05 0
2.750000e-10 2.989517e-05 0
2.755000e-10 3.003137e-05 0
2.760000e-10 3.016217e-05 0
2.765000e-10 3.028771e-05 0
2.770000e-10 3.040814e-05 0
2.775000e-10 3.052362e-05 0
2.780000e-10 3.063429e-05 0
2.785000e-10 3.074027e-05 0
2.790000e-10 3.084171e-05 0
2.795000e-10 3.093871e-05 0
2.800000e-10 3.103141e-05 0
2.805000e-10 3.111991e-05 0.000000e+00
2.810000e-10 3.120433e-05 4.646581e-06
2.815000e-10 3.128478e-05 6.534853e-06
2.820000e-10 3.136135e-05 7.959187e-06
2.825000e-10 3.143415e-05 9.139560e-06
2.830000e-10 3.150327e-05 1.016173e-05
2.835000e-10 3.156881e-05 1.106994e-05
2.840000e-10 3.163085e-05 1.189066e-05
2.845000e-10 3.168949e-05 1.264123e-05
2.850000e-10 3.174480e-05 1.333377e-05
2.855000e-10 3.179686e-05 1.397716e-05
2.860000e-10 3.184576e-05 1.457815e-05
2.865000e-10 3.189158e-05 1.514203e-05
2.870000e-10 3.193438e-05 1.567300e-05
2.875000e-10 3.197423e-05 1.617454e-05
2.880000e-10 3.201121e-05 1.664948e-05
2.885000e-10 3.204539e-05 1.710025e-05
2.890000e-10 3.207683e-05 1.752888e-05
2.895000e-10 3.210558e-05 1.793714e-05
2.900000e-10 3.213173e-05 1.832656e-05
2.905000e-10 3.215532e-05 1.869848e-05
2.910000e-10 3.217641e-05 1.905409e-05
2.915000e-10 3.219506e-05 1.939444e-05
2.920000e-10 3.221132e-05 1.972046e-05
2.925000e-10 3.222526e-05 2.003300e-05
2.930000e-10 3.223692e-05 2.033282e-05
2.935000e-10 3.224635e-05 2.062061e-05
2.940000e-10 3.225360e-05 2.089700e-05
2.945000e-10 3.225872e-05 2.116257e-05
2.950000e-10 3.226176e-05 2.141784e-05
2.955000e-10 3.226276e-05 2.166330e-05
2.960000e-10 3.226177e-05 2.189939e-05
2.965000e-10 3.225884e-05 2.212653e-05
2.970000e-10 3.225400e-05 2.234512e-05
2.975000e-10 3.224729e-05 2.255549e-05
2.980000e-10 3.223876e-05 2.275800e-05
2.985000e-10 3.222845e-05 2.295296e-05
2.990000e-10 3.221640e-05 2.314065e-05
2.995000e-10 3.220263e-05 2.332135e-05
3.000000e-10 3.218720e-05 2.349533e-05
3.005000e-10 3.217013e-05 2.366282e-05
3.010000e-10 3.215147e-05 2.382405e-05
3.015000e-10 3.213124e-05 2.397925e-05
3.020000e-10 3.210948e-05 2.412862e-05
3.025000e-10 3.208622e-05 2.427235e-05
3.030000e-10 3.206149e-05 2.441063e-05
3.035000e-10 3.203534e-05 2.454363e-05
3.040000e-10 3.200778e-05 2.467153e-05
3.045000e-10 3.197884e-05 2.479448e-05
3.050000e-10 3.194857e-05 2.491264e-05
3.055000e-10 3.191697e-05 2.502614e-05
3.060000e-10 3.188410e-05 2.513514e-05
3.065000e-10 3.184996e-05 2.523975e-05
3.070000e-10 3.181459e-05 2.534012e-05
3.075000e-10 3.177802e-05 2.543635e-05
3.080000e-10 3.174027e-05 2.552857e-05
3.085000e-10 3.170136e-05 2.561689e-05
3.090000e-10 3.166132e-05 2.570142e-05
3.095000e-10 3.162018e-05 2.578226e-05
3.100000e-10 3.157796e-05 2.585951e-05
3.105000e-10 3.153469e-05 2.593326e-05
3.110000e-10 3.149037e-05 2.600361e-05
3.115000e-10 3.144505e-05 2.607065e-05
3.120000e-10 3.139874e-05 2.613446e-05
3.125000e-10 3.135146e-05 2.619512e-05
3.130000e-10 3.130323e-05 2.625273e-05
3.135000e-10 3.125408e-05 2.630734e-05
3.140000e-10 3.120402e-05 2.635904e-05
3.145000e-10 3.115307e-05 2.640791e-05
3.150000e-10 3.110126e-05 2.645400e-05
3.155000e-10 3.104861e-05 2.649739e-05
3.160000e-10 3.099512e-05 2.653814e-05
3.165000e-10 3.094083e-05 2.657631e-05
3.170000e-10 3.088574e-05 2.661198e-05
3.175000e-10 3.082988e-05 2.664519e-05
3.180000e-10 3.077326e-05 2.667601e-05
3.185000e-10 3.071591e-05 2.670449e-05
3.190000e-10 3.065783e-05 2.673069e-05
3.195000e-10 3.059905e-05 2.675465e-05
3.200000e-10 3.053958e-05 2.677644e-05
3.205000e-10 3.047944e-05 2.679610e-05
3.210000e-10 3.041864e-05 2.681367e-05
3.215000e-10 3.035719e-05 2.682921e-05
3.220000e-10 3.029512e-05 2.684277e-05
3.225000e-10 3.023244e-05 2.685438e-05
3.230000e-10 3.016916e-05 2.686410e-05
3.235000e-10 3.010530e-05 2.687196e-05
3.240000e-10 3.004086e-05 2.687800e-05
3.245000e-10 2.997587e-05 2.688227e-05
3.250000e-10 2.991034e-05 2.688480e-05
3.255000e-10 2.984428e-05 2.688564e-05
3.260000e-10 2.977770e-05 2.688481e-05
3.265000e-10 2.971062e-05 2.688237e-05
3.270000e-10 2.964305e-05 2.687833e-05
3.275000e-10 2.957501e-05 2.687274e-05
3.280000e-10 2.950649e-05 2.686564e-05
3.285000e-10 2.943753e-05 2.685704e-05
3.290000e-10 2.936812e-05 2.684700e-05
3.295000e-10 2.929827e-05 2.683553e-05
3.300000e-10 2.922801e-05 2.682267e-05
3.305000e-10 2.915735e-05 2.680844e-05
3.310000e-10 2.908628e-05 2.679289e-05
3.315000e-10 2.901483e-05 2.677603e-05
3.320000e-10 2.894300e-05 2.675790e-05
3.325000e-10 2.887081e-05 2.673851e-05
3.330000e-10 2.879826e-05 2.671791e-05
3.335000e-10 2.872537e-05 2.669611e-05
3.340000e-10 2.865214e-05 2.667315e-05
3.345000e-10 2.857858e-05 2.664904e-05
3.350000e-10 2.850471e-05 2.662380e-05
3.355000e-10 2.843053e-05 2.659748e-05
3.360000e-10 2.835606e-05 2.657008e-05
3.365000e-10 2.828129e-05 2.654163e-05
3.370000e-10 2.820625e-05 2.651216e-05
3.375000e-10 2.813094e-05 2.648168e-05
3.380000e-10 2.805536e-05 2.645022e-05
3.385000e-10 2.797953e-05 2.641780e-05
3.390000e-10 2.790345e-05 2.638444e-05
3.395000e-10 2.782714e-05 2.635015e-05
3.400000e-10 2.775060e-05 2.631497e-05
3.405000e-10 2.767383e-05 2.627891e-05
3.410000e-10 2.759686e-05 2.624198e-05
3.415000e-10 2.751967e-05 2.620421e-05
3.420000e-10 2.744229e-05 2.616562e-05
3.425000e-10 2.736472e-05 2.612622e-05
3.430000e-10 2.728696e-05 2.608603e-05
3.435000e-10 2.720903e-05 2.604506e-05
3.440000e-10 2.713093e-05 2.600335e-05
3.445000e-10 2.705266e-05 2.596089e-05
3.450000e-10 2.697424e-05 2.591772e-05
3.455000e-10 2.689567e-05 2.587384e-05
3.460000e-10 2.681696e-05 2.582927e-05
3.465000e-10 2.673811e-05 2.578402e-05
3.470000e-10 2.665913e-05 2.573812e-05
3.475000e-10 2.658003e-05 2.569157e-05
3.480000e-10 2.650081e-05 2.564439e-05
3.485000e-10 2.642148e-05 2.559659e-05
3.490000e-10 2.634204e-05 2.554820e-05
3.495000e-10 2.626251e-05 2.549921e-05
3.500000e-10 2.618288e-05 2.544965e-05
3.505000e-10 2.610316e-05 2.539953e-05
3.510000e-10 2.602336e-05 2.534886e-05
3.515000e-10 2.594348e-05 2.529766e-05
3.520000e-10 2.586354e-05 2.524594e-05
3.525000e-10 2.578352e-05 2.519370e-05
3.530000e-10 2.570344e-05 2.514097e-05
3.535000e-10 2.562331e-05 2.508775e-05
3.540000e-10 2.554313e-05 2.503405e-05
3.545000e-10 2.546290e-05 2.497989e-05
3.550000e-10 2.538263e-05 2.492528e-05
3.555000e-10 2.530232e-05 2.487023e-05
3.560000e-10 2.522198e-05 2.481475e-05
3.565000e-10 2.514161e-05 2.475885e-05
3.570000e-10 2.506122e-05 2.470255e-05
3.575000e-10 2.498081e-05 2.464584e-05
3.580000e-10 2.490039e-05 2.458874e-05
3.585000e-10 2.481996e-05 2.453127e-05
3.590000e-10 2.473952e-05 2.447343e-05
3.595000e-10 2.465908e-05 2.441523e-05
3.600000e-10 2.457865e-05 2.435668e-05
3.605000e-10 2.449822e-05 2.429779e-05
3.610000e-10 2.441780e-05 2.423857e-05
3.615000e-10 2.433740e-05 2.417902e-05
3.620000e-10 2.425702e-05 2.411917e-05
3.625000e-10 2.417665e-05 2.405901e-05
3.630000e-10 2.409632e-05 2.399855e-05
3.635000e-10 2.401601e-05 2.393780e-05
3.640000e-10 2.393574e-05 2.387678e-05
3.645000e-10 2.385551e-05 2.381548e-05
3.650000e-10 2.377531e-05 2.375393e-05
3.655000e-10 2.369516e-05 2.369211e-05
3.660000e-10 2.361505e-05 2.363005e-05
3.665000e-10 2.353500e-05 2.356774e-05
3.670000e-10 2.345500e-05 2.350521e-05
3.675000e-10 2.337506e-05 2.344245e-05
3.680000e-10 2.329517e-05 2.337947e-05
3.685000e-10 2.321535e-05 2.331627e-05
3.690000e-10 2.313559e-05 2.325288e-05
3.695000e-10 2.305591e-05 2.318928e-05
3.700000e-10 2.297629e-05 2.312550e-05
3.705000e-10 2.289675e-05 2.306153e-05
3.710000e-10 2.281729e-05 2.299738e-05
3.715000e-10 2.273790e-05 2.293306e-05
3.720000e-10 2.265860e-05 2.286858e-05
3.725000e-10 2.257939e-05 2.280393e-05
3.730000e-10 2.250026e-05 2.273914e-05
3.735000e-10 2.242122e-05 2.267419e-05
3.740000e-10 2.234228e-05 2.260911e-05
3.745000e-10 2.226343e-05 2.254389e-05
3.750000e-10 2.218468e-05 2.247853e-05
3.755000e-10 2.210603e-05 2.241306e-05
3.760000e-10 2.202748e-05 2.234747e-05
3.765000e-10 2.194904e-05 2.228176e-05
3.770000e-10 2.187071e-05 2.221594e-05
3.775000e-10 2.179248e-05 2.215003e-05
3.780000e-10 2.171436e-05 2.208401e-05
3.785000e-10 2.163636e-05 2.201790e-05
3.790000e-10 2.155848e-05 2.195170e-05
3.795000e-10 2.148071e-05 2.188542e-05
3.800000e-10 2.140306e-05 2.181907e-05
3.805000e-10 2.132554e-05 2.175264e-05
3.810000e-10 2.124813e-05 2.168614e-05
3.815000e-10 2.117086e-05 2.161957e-05
3.820000e-10 2.109371e-05 2.155295e-05
3.825000e-10 2.101669e-05 2.148627e-05
3.830000e-10 2.093980e-05 2.141954e-05
3.835000e-10 2.086304e-05 2.135276e-05
3.840000e-10 2.078642e-05 2.128594e-05
3.845000e-10 2.070993e-05 2.121908e-05
3.850000e-10 2.063359e-05 2.115219e-05
3.855000e-10 2.055738e-05 2.108526e-05
3.860000e-10 2.048131e-05 2.101831e-05
3.865000e-10 2.040538e-05 2.095134e-05
3.870000e-10 2.032960e-05 2.088435e-05
3.875000e-10 2.025397e-05 2.081734e-05
3.880000e-10 2.017848e-05 2.075032e-05
3.885000e-10 2.010314e-05 2.068330e-05
3.890000e-10 2.002795e-05 2.061627e-05
3.895000e-10 1.995291e-05 2.054924e-05
3.900000e-10 1.987802e-05 2.048221e-05
3.905000e-10 1.980329e-05 2.041518e-05
3.910000e-10 1.972871e-05 2.034817e-05
3.915000e-10 1.965429e-05 2.028117e-05
3.920000e-10 1.958003e-05 2.021418e-05
3.925000e-10 1.950592e-05 2.014721e-05
3.930000e-10 1.943198e-05 2.008027e-05
3.935000e-10 1.935820e-05 2.001334e-05
3.940000e-10 1.928457e-05 1.994645e-05
3.945000e-10 1.921112e-05 1.987959e-05
3.950000e-10 1.913782e-05 1.981276e-05
3.955000e-10 1.906470e-05 1.974597e-05
3.960000e-10 1.899173e-05 1.967921e-05
3.965000e-10 1.891894e-05 1.961250e-05
3.970000e-10 1.884632e-05 1.954583e-05
3.975000e-10 1.877386e-05 1.947921e-05
3.980000e-10 1.870157e-05 1.941264e-05
3.985000e-10 1.862946e-05 1.934612e-05
3.990000e-10 1.855752e-05 1.927966e-05
3.995000e-10 1.848575e-05 1.921326e-05
4.000000e-10 1.841415e-05 1.914691e-05
4.005000e-10 1.834273e-05 1.908063e-05
4.010000e-10 1.827149e-05 1.901441e-05
4.015000e-10 1.820042e-05 1.894825e-05
4.020000e-10 1.812953e-05 1.888217e-05
4.025000e-10 1.805881e-05 1.881616e-05
4.030000e-10 1.798828e-05 1.875022e-05
4.035000e-10 1.791792e-05 1.868435e-05
4.040000e-10 1.784775e-05 1.861857e-05
4.045000e-10 1.777775e-05 1.855286e-05
4.050000e-10 1.770794e-05 1.848723e-05
4.055000e-10 1.763830e-05 1.842169e-05
4.060000e-10 1.756885e-05 1.835624e-05
4.065000e-10 1.749958e-05 1.829087e-05
4.070000e-10 1.743050e-05 1.822559e-05
4.075000e-10 1.736160e-05 1.816040e-05
4.080000e-10 1.729289e-05 1.809530e-05
4.085000e-10 1.722436e-05 1.803030e-05
4.090000e-10 1.715601e-05 1.796540e-05
4.095000e-10 1.708785e-05 1.790059e-05
4.100000e-10 1.701988e-05 1.783589e-05
4.105000e-10 1.695210e-05 1.777128e-05
4.110000e-10 1.688450e-05 1.770678e-05
4.115000e-10 1.681709e-05 1.764238e-05
4.120000e-10 1.674987e-05 1.757809e-05
4.125000e-10 1.668284e-05 1.751391e-05
4.130000e-10 1.661600e-05 1.744983e-05
4.135000e-10 1.654934e-05 1.738587e-05
4.140000e-10 1.648288e-05 1.732202e-05
4.145000e-10 1.641661e-05 1.725828e-05
4.150000e-10 1.635052e-05 1.719465e-05
4.155000e-10 1.628463e-05 1.713115e-05
4.160000e-10 1.621893e-05 1.706776e-05
4.165000e-10 1.615342e-05 1.700449e-05
4.170000e-10 1.608810e-05 1.694134e-05
4.175000e-10 1.602298e-05 1.687831e-05
4.180000e-10 1.595804e-05 1.681540e-05
4.185000e-10 1.589330e-05 1.675262e-05
4.190000e-10 1.582875e-05 1.668996e-05
4.195000e-10 1.576440e-05 1.662743e-05
4.200000e-10 1.570023e-05 1.656502e-05
4.205000e-10 1.563626e-05 1.650274e-05
4.210000e-10 1.557249e-05 1.644059e-05
4.215000e-10 1.550890e-05 1.637858e-05
4.220000e-10 1.544551e-05 1.631669e-05
4.225000e-10 1.538232e-05 1.625494e-05
4.230000e-10 1.531931e-05 1.619332e-05
4.235000e-10 1.525651e-05 1.613183e-05
4.240000e-10 1.519389e-05 1.607048e-05
4.245000e-10 1.513147e-05 1.600926e-05
4.250000e-10 1.506925e-05 1.594819e-05
4.255000e-10 1.500721e-05 1.588725e-05
4.260000e-10 1.494538e-05 1.582645e-05
4.265000e-10 1.488373e-05 1.576578e-05
4.270000e-10 1.482229e-05 1.570526e-05
4.275000e-10 1.476103e-05 1.564488e-05
4.280000e-10 1.469997e-05 1.558464e-05
4.285000e-10 1.463911e-05 1.552455e-05
4.290000e-10 1.457844e-05 1.546460e-05
4.295000e-10 1.451796e-05 1.540479e-05
4.300000e-10 1.445768e-05 1.534513e-05
4.305000e-10 1.439759e-05 1.528561e-05
4.310000e-10 1.433770e-05 1.522624e-05
4.315000e-10 1.427800e-05 1.516702e-05
4.320000e-10 1.421850e-05 1.510794e-05
4.325000e-10 1.415919e-05 1.504901e-05
4.330000e-10 1.410007e-05 1.499023e-05
4.335000e-10 1.404115e-05 1.493160e-05
4.340000e-10 1.398242e-05 1.487312e-05
4.345000e-10 1.392389e-05 1.481479e-05
4.350000e-10 1.386555e-05 1.475661e-05
4.355000e-10 1.380740e-05 1.469859e-05
4.360000e-10 1.374945e-05 1.464071e-05
4.365000e-10 1.369169e-05 1.458299e-05
4.370000e-10 1.363413e-05 1.452542e-05
4.375000e-10 1.357675e-05 1.446800e-05
4.380000e-10 1.351957e-05 1.441074e-05
4.385000e-10 1.346259e-05 1.435363e-05
4.390000e-10 1.340579e-05 1.429668e-05
4.395000e-10 1.334919e-05 1.423988e-05
4.400000e-10 1.329279e-05 1.418324e-05
4.405000e-10 1.323657e-05 1.412675e-05
4.410000e-10 1.318055e-05 1.407042e-05
4.415000e-10 1.312471e-05 1.401424e-05
4.420000e-10 1.306907e-05 1.395823e-05
4.425000e-10 1.301362e-05 1.390237e-05
4.430000e-10 1.295837e-05 1.384666e-05
4.435000e-10 1.290330e-05 1.379112e-05
4.440000e-10 1.284843e-05 1.373573e-05
4.445000e-10 1.279374e-05 1.368051e-05
4.450000e-10 1.273925e-05 1.362544e-05
4.455000e-10 1.268494e-05 1.357053e-05
4.460000e-10 1.263083e-05 1.351578e-05
4.465000e-10 1.257690e-05 1.346119e-05
4.470000e-10 1.252317e-05 1.340675e-05
4.475000e-10 1.246962e-05 1.335248e-05
4.480000e-10 1.241627e-05 1.329837e-05
4.485000e-10 1.236310e-05 1.324442e-05
4.490000e-10 1.231012e-05 1.319063e-05
4.495000e-10 1.225733e-05 1.313700e-05
4.500000e-10 1.220472e-05 1.308353e-05
4.505000e-10 1.215231e-05 1.303022e-05
4.510000e-10 1.210008e-05 1.297707e-05
4.515000e-10 1.204804e-05 1.292409e-05
4.520000e-10 1.199618e-05 1.287126e-05
4.525000e-10 1.194451e-05 1.281860e-05
4.530000e-10 1.189303e-05 1.276610e-05
4.535000e-10 1.184173e-05 1.271376e-05
4.540000e-10 1.179062e-05 1.266158e-05
4.545000e-10 1.173969e-05 1.260956e-05
4.550000e-10 1.168895e-05 1.255770e-05
4.555000e-10 1.163840e-05 1.250601e-05
4.560000e-10 1.158802e-05 1.245448e-05
4.565000e-10 1.153784e-05 1.240311e-05
4.570000e-10 1.148783e-05 1.235190e-05
4.575000e-10 1.143801e-05 1.230086e-05
4.580000e-10 1.138837e-05 1.224998e-05
4.585000e-10 1.133891e-05 1.219926e-05
4.590000e-10 1.128964e-05 1.214870e-05
4.595000e-10 1.124055e-05 1.209830e-05
4.600000e-10 1.119163e-05 1.204807e-05
4.605000e-10 1.114290e-05 1.199799e-05
4.610000e-10 1.109435e-05 1.194808e-05
4.615000e-10 1.104599e-05 1.189833e-05
4.620000e-10 1.099780e-05 1.184875e-05
4.625000e-10 1.094979e-05 1.179932e-05
4.630000e-10 1.090196e-05 1.175006e-05
4.635000e-10 1.085431e-05 1.170096e-05
4.640000e-10 1.080683e-05 1.165202e-05
4.645000e-10 1.075954e-05 1.160324e-05
4.650000e-10 1.071242e-05 1.155462e-05
4.655000e-10 1.066548e-05 1.150617e-05
4.660000e-10 1.061872e-05 1.145787e-05
4.665000e-10 1.057213e-05 1.140974e-05
4.670000e-10 1.052572e-05 1.136177e-05
4.675000e-10 1.047949e-05 1.131396e-05
4.680000e-10 1.043343e-05 1.126631e-05
4.685000e-10 1.038755e-05 1.121882e-05
4.690000e-10 1.034184e-05 1.117150e-05
4.695000e-10 1.029630e-05 1.112433e-05
4.700000e-10 1.025094e-05 1.107732e-05
4.705000e-10 1.020576e-05 1.103047e-05
4.710000e-10 1.016074e-05 1.098379e-05
4.715000e-10 1.011590e-05 1.093726e-05
4.720000e-10 1.007123e-05 1.089089e-05
4.725000e-10 1.002673e-05 1.084469e-05
4.730000e-10 9.982403e-06 1.079864e-05
4.735000e-10 9.938246e-06 1.075275e-05
4.740000e-10 9.894261e-06 1.070702e-05
4.745000e-10 9.850445e-06 1.066145e-05
4.750000e-10 9.806799e-06 1.061604e-05
4.755000e-10 9.763322e-06 1.057078e-05
4.760000e-10 9.720013e-06 1.052569e-05
4.765000e-10 9.676874e-06 1.048075e-05
4.770000e-10 9.633902e-06 1.043597e-05
4.775000e-10 9.591097e-06 1.039135e-05
4.780000e-10 9.548459e-06 1.034689e-05
4.785000e-10 9.505988e-06 1.030258e-05
4.790000e-10 9.463684e-06 1.025843e-05
4.795000e-10 9.421545e-06 1.021444e-05
4.800000e-10 9.379571e-06 1.017060e-05
4.805000e-10 9.337762e-06 1.012692e-05
4.810000e-10 9.296117e-06 1.008340e-05
4.815000e-10 9.254636e-06 1.004003e-05
4.820000e-10 9.213319e-06 9.996817e-06
4.825000e-10 9.172165e-06 9.953760e-06
4.830000e-10 9.131174e-06 9.910857e-06
4.835000e-10 9.090345e-06 9.868110e-06
4.840000e-10 9.049677e-06 9.825517e-06
4.845000e-10 9.009171e-06 9.783079e-06
4.850000e-10 8.968825e-06 9.740795e-06
4.855000e-10 8.928640e-06 9.698664e-06
4.860000e-10 8.888615e-06 9.656687e-06
4.865000e-10 8.848750e-06 9.614863e-06
4.870000e-10 8.809043e-06 9.573192e-06
4.875000e-10 8.769495e-06 9.531674e-06
4.880000e-10 8.730105e-06 9.490308e-06
4.885000e-10 8.690873e-06 9.449094e-06
4.890000e-10 8.651798e-06 9.408032e-06
4.895000e-10 8.612880e-06 9.367121e-06
4.900000e-10 8.574118e-06 9.326362e-06
4.905000e-10 8.535511e-06 9.285754e-06
4.910000e-10 8.497061e-06 9.245296e-06
4.915000e-10 8.458765e-06 9.204988e-06
4.920000e-10 8.420624e-06 9.164831e-06
4.925000e-10 8.382636e-06 9.124823e-06
4.930000e-10 8.344803e-06 9.084965e-06
4.935000e-10 8.307122e-06 9.045255e-06
4.940000e-10 8.269594e-06 9.005695e-06
4.945000e-10 8.232218e-06 8.966283e-06
4.950000e-10 8.194994e-06 8.927018e-06
4.955000e-10 8.157921e-06 8.887902e-06
4.960000e-10 8.120999e-06 8.848933e-06
4.965000e-10 8.084227e-06 8.810112e-06
4.970000e-10 8.047605e-06 8.771437e-06
4.975000e-10 8.011133e-06 8.732909e-06
4.980000e-10 7.974810e-06 8.694526e-06
4.985000e-10 7.938635e-06 8.656290e-06
4.990000e-10 7.902608e-06 8.618199e-06
4.995000e-10 7.866728e-06 8.580253e-06
5.000000e-10 7.830996e-06 8.542453e-06
5.005000e-10 7.795410e-06 8.504796e-06
5.010000e-10 7.759971e-06 8.467284e-06
5.015000e-10 7.724677e-06 8.429915e-06
5.020000e-10 7.689529e-06 8.392690e-06
5.025000e-10 7.654525e-06 8.355608e-06
5.030000e-10 7.619666e-06 8.318669e-06
5.035000e-10 7.584951e-06 8.281872e-06
5.040000e-10 7.550379e-06 8.245217e-06
5.045000e-10 7.515950e-06 8.208704e-06
5.050000e-10 7.481663e-06 8.172332e-06
5.055000e-10 7.447519e-06 8.136101e-06
5.060000e-10 7.413516e-06 8.100011e-06
5.065000e-10 7.379654e-06 8.064061e-06
5.070000e-10 7.345933e-06 8.028251e-06
5.075000e-10 7.312352e-06 7.992581e-06
5.080000e-10 7.278911e-06 7.957049e-06
5.085000e-10 7.245609e-06 7.921657e-06
5.090000e-10 7.212446e-06 7.886403e-06
5.095000e-10 7.179421e-06 7.851287e-06
5.100000e-10 7.146534e-06 7.816309e-06
5.105000e-10 7.113785e-06 7.781468e-06
5.110000e-10 7.081172e-06 7.746764e-06
5.115000e-10 7.048696e-06 7.712197e-06
5.120000e-10 7.016357e-06 7.677766e-06
5.125000e-10 6.984152e-06 7.643471e-06
5.130000e-10 6.952083e-06 7.609312e-06
5.135000e-10 6.920149e-06 7.575287e-06
5.140000e-10 6.888349e-06 7.541398e-06
5.145000e-10 6.856682e-06 7.507642e-06
5.150000e-10 6.825149e-06 7.474021e-06
5.155000e-10 6.793749e-06 7.440534e-06
5.160000e-10 6.762481e-06 7.407179e-06
5.165000e-10 6.731346e-06 7.373958e-06
5.170000e-10 6.700341e-06 7.340869e-06
5.175000e-10 6.669468e-06 7.307912e-06
5.180000e-10 6.638726e-06 7.275088e-06
5.185000e-10 6.608113e-06 7.242394e-06
5.190000e-10 6.577631e-06 7.209831e-06
5.195000e-10 6.547277e-06 7.177400e-06
5.200000e-10 6.517053e-06 7.145098e-06
5.205000e-10 6.486956e-06 7.112926e-06
5.210000e-10 6.456988e-06 7.080884e-06
5.215000e-10 6.427147e-06 7.048971e-06
5.220000e-10 6.397433e-06 7.017186e-06
5.225000e-10 6.367846e-06 6.985530e-06
5.230000e-10 6.338385e-06 6.954002e-06
5.235000e-10 6.309050e-06 6.922602e-06
5.240000e-10 6.279839e-06 6.891328e-06
5.245000e-10 6.250754e-06 6.860182e-06
5.250000e-10 6.221793e-06 6.829162e-06
5.255000e-10 6.192956e-06 6.798268e-06
5.260000e-10 6.164242e-06 6.767499e-06
5.265000e-10 6.135651e-06 6.736856e-06
5.270000e-10 6.107183e-06 6.706338e-06
5.275000e-10 6.078837e-06 6.675944e-06
5.280000e-10 6.050613e-06 6.645675e-06
5.285000e-10 6.022510e-06 6.615529e-06
5.290000e-10 5.994528e-06 6.585506e-06
5.295000e-10 5.966666e-06 6.555607e-06
5.300000e-10 5.938925e-06 6.525830e-06
5.305000e-10 5.911302e-06 6.496175e-06
5.310000e-10 5.883799e-06 6.466643e-06
5.315000e-10 5.856415e-06 6.437231e-06
5.320000e-10 5.829148e-06 6.407941e-06
5.325000e-10 5.802000e-06 6.378771e-06
5.330000e-10 5.774969e-06 6.349722e-06
5.335000e-10 5.748055e-06 6.320792e-06
5.340000e-10 5.721257e-06 6.291982e-06
5.345000e-10 5.694575e-06 6.263291e-06
5.350000e-10 5.668009e-06 6.234719e-06
5.355000e-10 5.641559e-06 6.206266e-06
5.360000e-10 5.615223e-06 6.177930e-06
5.365000e-10 5.589001e-06 6.149712e-06
5.370000e-10 5.562894e-06 6.121611e-06
5.375000e-10 5.536900e-06 6.093627e-06
5.380000e-10 5.511019e-06 6.065759e-06
5.385000e-10 5.485250e-06 6.038007e-06
5.390000e-10 5.459594e-06 6.010371e-06
5.395000e-10 5.434050e-06 5.982851e-06
5.400000e-10 5.408617e-06 5.955445e-06
5.405000e-10 5.383295e-06 5.928154e-06
5.410000e-10 5.358084e-06 5.900977e-06
5.415000e-10 5.332983e-06 5.873914e-06
5.420000e-10 5.307992e-06 5.846964e-06
5.425000e-10 5.283110e-06 5.820127e-06
5.430000e-10 5.258337e-06 5.793403e-06
5.435000e-10 5.233672e-06 5.766791e-06
5.440000e-10 5.209116e-06 5.740291e-06
5.445000e-10 5.184667e-06 5.713902e-06
5.450000e-10 5.160326e-06 5.687624e-06
5.455000e-10 5.136091e-06 5.661458e-06
5.460000e-10 5.111963e-06 5.635401e-06
5.465000e-10 5.087941e-06 5.609455e-06
5.470000e-10 5.064025e-06 5.583618e-06
5.475000e-10 5.040214e-06 5.557890e-06
5.480000e-10 5.016508e-06 5.532271e-06
5.485000e-10 4.992906e-06 5.506761e-06
5.490000e-10 4.969408e-06 5.481359e-06
5.495000e-10 4.946014e-06 5.456064e-06
5.500000e-10 4.922723e-06 5.430877e-06
5.505000e-10 4.899535e-06 5.405797e-06
5.510000e-10 4.876450e-06 5.380823e-06
5.515000e-10 4.853466e-06 5.355956e-06
5.520000e-10 4.830585e-06 5.331195e-06
5.525000e-10 4.807804e-06 5.306538e-06
5.530000e-10 4.785124e-06 5.281988e-06
5.535000e-10 4.762545e-06 5.257541e-06
5.540000e-10 4.740066e-06 5.233199e-06
5.545000e-10 4.717687e-06 5.208962e-06
5.550000e-10 4.695407e-06 5.184827e-06
5.555000e-10 4.673225e-06 5.160796e-06
5.560000e-10 4.651143e-06 5.136868e-06
5.565000e-10 4.629158e-06 5.113043e-06
5.570000e-10 4.607271e-06 5.089319e-06
5.575000e-10 4.585482e-06 5.065698e-06
5.580000e-10 4.563790e-06 5.042178e-06
5.585000e-10 4.542194e-06 5.018758e-06
5.590000e-10 4.520694e-06 4.995440e-06
5.595000e-10 4.499291e-06 4.972222e-06
5.600000e-10 4.477983e-06 4.949104e-06
5.605000e-10 4.456770e-06 4.926085e-06
5.610000e-10 4.435651e-06 4.903166e-06
5.615000e-10 4.414627e-06 4.880346e-06
5.620000e-10 4.393697e-06 4.857624e-06
5.625000e-10 4.372861e-06 4.835000e-06
5.630000e-10 4.352117e-06 4.812474e-06
5.635000e-10 4.331467e-06 4.790046e-06
5.640000e-10 4.310909e-06 4.767714e-06
5.645000e-10 4.290443e-06 4.745480e-06
5.650000e-10 4.270069e-06 4.723341e-06
5.655000e-10 4.249787e-06 4.701299e-06
5.660000e-10 4.229595e-06 4.679352e-06
5.665000e-10 4.209494e-06 4.657501e-06
5.670000e-10 4.189483e-06 4.635745e-06
5.675000e-10 4.169563e-06 4.614083e-06
5.680000e-10 4.149731e-06 4.592515e-06
5.685000e-10 4.129989e-06 4.571042e-06
5.690000e-10 4.110336e-06 4.549662e-06
5.695000e-10 4.090772e-06 4.528375e-06
5.700000e-10 4.071295e-06 4.507181e-06
5.705000e-10 4.051906e-06 4.486080e-06
5.710000e-10 4.032605e-06 4.465070e-06
5.715000e-10 4.013390e-06 4.444153e-06
5.720000e-10 3.994263e-06 4.423327e-06
5.725000e-10 3.975222e-06 4.402592e-06
5.730000e-10 3.956266e-06 4.381947e-06
5.735000e-10 3.937397e-06 4.361394e-06
5.740000e-10 3.918612e-06 4.340930e-06
5.745000e-10 3.899913e-06 4.320556e-06
5.750000e-10 3.881298e-06 4.300272e-06
5.755000e-10 3.862768e-06 4.280076e-06
5.760000e-10 3.844321e-06 4.259970e-06
5.765000e-10 3.825958e-06 4.239951e-06
5.770000e-10 3.807678e-06 4.220021e-06
5.775000e-10 3.789482e-06 4.200178e-06
5.780000e-10 3.771367e-06 4.180423e-06
5.785000e-10 3.753335e-06 4.160755e-06
5.790000e-10 3.735385e-06 4.141174e-06
5.795000e-10 3.717516e-06 4.121679e-06
5.800000e-10 3.699729e-06 4.102269e-06
5.805000e-10 3.682022e-06 4.082946e-06
5.810000e-10 3.664396e-06 4.063708e-06
5.815000e-10 3.646850e-06 4.044555e-06
5.820000e-10 3.629384e-06 4.025487e-06
5.825000e-10 3.611998e-06 4.006503e-06
5.830000e-10 3.594691e-06 3.987604e-06
5.835000e-10 3.577462e-06 3.968788e-06
5.840000e-10 3.560313e-06 3.950055e-06
5.845000e-10 3.543241e-06 3.931406e-06
5.850000e-10 3.526247e-06 3.912839e-06
5.855000e-10 3.509331e-06 3.894354e-06
5.860000e-10 3.492493e-06 3.875952e-06
5.865000e-10 3.475731e-06 3.857632e-06
5.870000e-10 3.459045e-06 3.839393e-06
5.875000e-10 3.442436e-06 3.821235e-06
5.880000e-10 3.425904e-06 3.803158e-06
5.885000e-10 3.409446e-06 3.785162e-06
5.890000e-10 3.393064e-06 3.767245e-06
5.895000e-10 3.376757e-06 3.749409e-06
5.900000e-10 3.360525e-06 3.731652e-06
5.905000e-10 3.344367e-06 3.713975e-06
5.910000e-10 3.328284e-06 3.696376e-06
5.915000e-10 3.312274e-06 3.678856e-06
5.920000e-10 3.296337e-06 3.661414e-06
5.925000e-10 3.280474e-06 3.644051e-06
5.930000e-10 3.264683e-06 3.626765e-06
5.935000e-10 3.248965e-06 3.609556e-06
5.940000e-10 3.233320e-06 3.592424e-06
5.945000e-10 3.217746e-06 3.575370e-06
5.950000e-10 3.202244e-06 3.558391e-06
5.955000e-10 3.186813e-06 3.541489e-06
5.960000e-10 3.171453e-06 3.524663e-06
5.965000e-10 3.156164e-06 3.507912e-06
5.970000e-10 3.140946e-06 3.491236e-06
5.975000e-10 3.125797e-06 3.474636e-06
5.980000e-10 3.110718e-06 3.458110e-06
5.985000e-10 3.095709e-06 3.441658e-06
5.990000e-10 3.080769e-06 3.425280e-06
5.995000e-10 3.065898e-06 3.408976e-06
6.000000e-10 3.051096e-06 3.392746e-06
6.005000e-10 3.036362e-06 3.376588e-06
6.010000e-10 3.021696e-06 3.360504e-06
6.015000e-10 3.007098e-06 3.344492e-06
6.020000e-10 2.992568e-06 3.328552e-06
6.025000e-10 2.978104e-06 3.312685e-06
6.030000e-10 2.963708e-06 3.296889e-06
6.035000e-10 2.949378e-06 3.281164e-06
6.040000e-10 2.935114e-06 3.265510e-06
6.045000e-10 2.920917e-06 3.249927e-06
6.050000e-10 2.906785e-06 3.234415e-06
6.055000e-10 2.892719e-06 3.218973e-06
6.060000e-10 2.878718e-06 3.203601e-06
6.065000e-10 2.864782e-06 3.188299e-06
6.070000e-10 2.850911e-06 3.173065e-06
6.075000e-10 2.837104e-06 3.157901e-06
6.080000e-10 2.823361e-06 3.142806e-06
6.085000e-10 2.809682e-06 3.127779e-06
6.090000e-10 2.796066e-06 3.112821e-06
6.095000e-10 2.782514e-06 3.097930e-06
6.100000e-10 2.769025e-06 3.083107e-06
6.105000e-10 2.755598e-06 3.068352e-06
6.110000e-10 2.742234e-06 3.053664e-06
6.115000e-10 2.728932e-06 3.039042e-06
6.120000e-10 2.715692e-06 3.024487e-06
6.125000e-10 2.702514e-06 3.009998e-06
6.130000e-10 2.689397e-06 2.995576e-06
6.135000e-10 2.676341e-06 2.981219e-06
6.140000e-10 2.663346e-06 2.966927e-06
6.145000e-10 2.650412e-06 2.952701e-06
6.150000e-10 2.637538e-06 2.938540e-06
6.155000e-10 2.624724e-06 2.924443e-06
6.160000e-10 2.611969e-06 2.910410e-06
6.165000e-10 2.599275e-06 2.896442e-06
6.170000e-10 2.586639e-06 2.882538e-06
6.175000e-10 2.574063e-06 2.868697e-06
6.180000e-10 2.561546e-06 2.854920e-06
6.185000e-10 2.549087e-06 2.841205e-06
6.190000e-10 2.536686e-06 2.827554e-06
6.195000e-10 2.524343e-06 2.813964e-06
6.200000e-10 2.512058e-06 2.800438e-06
6.205000e-10 2.499830e-06 2.786973e-06
6.210000e-10 2.487660e-06 2.773570e-06
6.215000e-10 2.475547e-06 2.760228e-06
6.220000e-10 2.463490e-06 2.746948e-06
6.225000e-10 2.451490e-06 2.733728e-06
6.230000e-10 2.439546e-06 2.720569e-06
6.235000e-10 2.427659e-06 2.707471e-06
6.240000e-10 2.415827e-06 2.694433e-06
6.245000e-10 2.404050e-06 2.681455e-06
6.250000e-10 2.392329e-06 2.668536e-06
6.255000e-10 2.380663e-06 2.655677e-06
6.260000e-10 2.369051e-06 2.642878e-06
6.265000e-10 2.357494e-06 2.630137e-06
6.270000e-10 2.345992e-06 2.617455e-06
6.275000e-10 2.334543e-06 2.604831e-06
6.280000e-10 2.323148e-06 2.592265e-06
6.285000e-10 2.311807e-06 2.579758e-06
6.290000e-10 2.300519e-06 2.567308e-06
6.295000e-10 2.289285e-06 2.554915e-06
6.300000e-10 2.278103e-06 2.542580e-06
6.305000e-10 2.266974e-06 2.530302e-06
6.310000e-10 2.255897e-06 2.518080e-06
6.315000e-10 2.244873e-06 2.505915e-06
6.320000e-10 2.233900e-06 2.493806e-06
6.325000e-10 2.222979e-06 2.481754e-06
6.330000e-10 2.212110e-06 2.469757e-06
6.335000e-10 2.201292e-06 2.457815e-06
6.340000e-10 2.190525e-06 2.445929e-06
6.345000e-10 2.179809e-06 2.434097e-06
6.350000e-10 2.169143e-06 2.422321e-06
6.355000e-10 2.158528e-06 2.410599e-06
6.360000e-10 2.147963e-06 2.398932e-06
6.365000e-10 2.137447e-06 2.387318e-06
6.370000e-10 2.126982e-06 2.375759e-06
6.375000e-10 2.116566e-06 2.364253e-06
6.380000e-10 2.106199e-06 2.352801e-06
6.385000e-10 2.095881e-06 2.341401e-06
6.390000e-10 2.085612e-06 2.330055e-06
6.395000e-10 2.075392e-06 2.318762e-06
6.400000e-10 2.065220e-06 2.307520e-06
6.405000e-10 2.055096e-06 2.296332e-06
6.410000e-10 2.045020e-06 2.285195e-06
6.415000e-10 2.034992e-06 2.274110e-06
6.420000e-10 2.025011e-06 2.263077e-06
6.425000e-10 2.015078e-06 2.252095e-06
6.430000e-10 2.005192e-06 2.241164e-06
6.435000e-10 1.995352e-06 2.230284e-06
6.440000e-10 1.985560e-06 2.219455e-06
6.445000e-10 1.975813e-06 2.208676e-06
6.450000e-10 1.966113e-06 2.197948e-06
6.455000e-10 1.956460e-06 2.187270e-06
6.460000e-10 1.946851e-06 2.176641e-06
6.465000e-10 1.937289e-06 2.166062e-06
6.470000e-10 1.927772e-06 2.155533e-06
6.475000e-10 1.918300e-06 2.145053e-06
6.480000e-10 1.908874e-06 2.134621e-06
6.485000e-10 1.899492e-06 2.124239e-06
6.490000e-10 1.890154e-06 2.113905e-06
6.495000e-10 1.880861e-06 2.103619e-06
6.500000e-10 1.871613e-06 2.093382e-06
6.505000e-10 1.862408e-06 2.083192e-06
6.510000e-10 1.853247e-06 2.073050e-06
6.515000e-10 1.844130e-06 2.062956e-06
6.520000e-10 1.835056e-06 2.052909e-06
6.525000e-10 1.826026e-06 2.042908e-06
6.530000e-10 1.817038e-06 2.032955e-06
6.535000e-10 1.808094e-06 2.023049e-06
6.540000e-10 1.799191e-06 2.013189e-06
6.545000e-10 1.790332e-06 2.003375e-06
6.550000e-10 1.781515e-06 1.993607e-06
6.555000e-10 1.772739e-06 1.983885e-06
6.560000e-10 1.764006e-06 1.974209e-06
6.565000e-10 1.755314e-06 1.964578e-06
6.570000e-10 1.746664e-06 1.954993e-06
6.575000e-10 1.738055e-06 1.945453e-06
6.580000e-10 1.729488e-06 1.935957e-06
6.585000e-10 1.720961e-06 1.926506e-06
6.590000e-10 1.712475e-06 1.917100e-06
6.595000e-10 1.704029e-06 1.907737e-06
6.600000e-10 1.695624e-06 1.898419e-06
6.605000e-10 1.687259e-06 1.889145e-06
6.610000e-10 1.678934e-06 1.879914e-06
6.615000e-10 1.670649e-06 1.870727e-06
6.620000e-10 1.662404e-06 1.861583e-06
6.625000e-10 1.654198e-06 1.852483e-06
6.630000e-10 1.646032e-06 1.843425e-06
6.635000e-10 1.637904e-06 1.834410e-06
6.640000e-10 1.629815e-06 1.825437e-06
6.645000e-10 1.621766e-06 1.816507e-06
6.650000e-10 1.613754e-06 1.807619e-06
6.655000e-10 1.605782e-06 1.798773e-06
6.660000e-10 1.597847e-06 1.789969e-06
6.665000e-10 1.589951e-06 1.781206e-06
6.670000e-10 1.582092e-06 1.772485e-06
6.675000e-10 1.574271e-06 1.763805e-06
6.680000e-10 1.566488e-06 1.755166e-06
6.685000e-10 1.558741e-06 1.746568e-06
6.690000e-10 1.551033e-06 1.738010e-06
6.695000e-10 1.543361e-06 1.729493e-06
6.700000e-10 1.535726e-06 1.721016e-06
6.705000e-10 1.528128e-06 1.712580e-06
6.710000e-10 1.520566e-06 1.704183e-06
6.715000e-10 1.513040e-06 1.695827e-06
6.720000e-10 1.505551e-06 1.687509e-06
6.725000e-10 1.498098e-06 1.679232e-06
6.730000e-10 1.490681e-06 1.670993e-06
6.735000e-10 1.483299e-06 1.662794e-06
6.740000e-10 1.475953e-06 1.654633e-06
6.745000e-10 1.468642e-06 1.646511e-06
6.750000e-10 1.461366e-06 1.638428e-06
6.755000e-10 1.454126e-06 1.630383e-06
6.760000e-10 1.446920e-06 1.622376e-06
6.765000e-10 1.439749e-06 1.614408e-06
6.770000e-10 1.432613e-06 1.606477e-06
6.775000e-10 1.425511e-06 1.598584e-06
6.780000e-10 1.418443e-06 1.590728e-06
6.785000e-10 1.411409e-06 1.582910e-06
6.790000e-10 1.404409e-06 1.575129e-06
6.795000e-10 1.397443e-06 1.567384e-06
6.800000e-10 1.390511e-06 1.559677e-06
6.805000e-10 1.383612e-06 1.552007e-06
6.810000e-10 1.376746e-06 1.544373e-06
6.815000e-10 1.369914e-06 1.536775e-06
6.820000e-10 1.363114e-06 1.529214e-06
6.825000e-10 1.356347e-06 1.521688e-06
6.830000e-10 1.349613e-06 1.514198e-06
6.835000e-10 1.342912e-06 1.506745e-06
6.840000e-10 1.336243e-06 1.499326e-06
6.845000e-10 1.329606e-06 1.491943e-06
6.850000e-10 1.323001e-06 1.484596e-06
6.855000e-10 1.316428e-06 1.477283e-06
6.860000e-10 1.309887e-06 1.470005e-06
6.865000e-10 1.303378e-06 1.462762e-06
6.870000e-10 1.296900e-06 1.455553e-06
6.875000e-10 1.290453e-06 1.448379e-06
6.880000e-10 1.284038e-06 1.441240e-06
6.885000e-10 1.277654e-06 1.434134e-06
6.890000e-10 1.271300e-06 1.427062e-06
6.895000e-10 1.264978e-06 1.420024e-06
6.900000e-10 1.258686e-06 1.413020e-06
6.905000e-10 1.252424e-06 1.406049e-06
6.910000e-10 1.246193e-06 1.399112e-06
6.915000e-10 1.239992e-06 1.392208e-06
6.920000e-10 1.233821e-06 1.385337e-06
6.925000e-10 1.227680e-06 1.378498e-06
6.930000e-10 1.221569e-06 1.371693e-06
6.935000e-10 1.215487e-06 1.364920e-06
6.940000e-10 1.209435e-06 1.358180e-06
6.945000e-10 1.203413e-06 1.351471e-06
6.950000e-10 1.197419e-06 1.344795e-06
6.955000e-10 1.191455e-06 1.338151e-06
6.960000e-10 1.185520e-06 1.331539e-06
6.965000e-10 1.179613e-06 1.324959e-06
6.970000e-10 1.173735e-06 1.318410e-06
6.975000e-10 1.167886e-06 1.311892e-06
6.980000e-10 1.162065e-06 1.305406e-06
6.985000e-10 1.156272e-06 1.298951e-06
6.990000e-10 1.150508e-06 1.292527e-06
6.995000e-10 1.144771e-06 1.286134e-06
7.000000e-10 1.139063e-06 1.279772e-06
7.005000e-10 1.133382e-06 1.273440e-06
7.010000e-10 1.127729e-06 1.267138e-06
7.015000e-10 1.122103e-06 1.260867e-06
7.020000e-10 1.116505e-06 1.254626e-06
7.025000e-10 1.110934e-06 1.248415e-06
7.030000e-10 1.105390e-06 1.242234e-06
7.035000e-10 1.099874e-06 1.236082e-06
7.040000e-10 1.094384e-06 1.229961e-06
7.045000e-10 1.088920e-06 1.223868e-06
7.050000e-10 1.083484e-06 1.217805e-06
7.055000e-10 1.078073e-06 1.211771e-06
7.060000e-10 1.072690e-06 1.205767e-06
7.065000e-10 1.067332e-06 1.199791e-06
7.070000e-10 1.062001e-06 1.193844e-06
7.075000e-10 1.056695e-06 1.187925e-06
7.080000e-10 1.051416e-06 1.182036e-06
7.085000e-10 1.046162e-06 1.176174e-06
7.090000e-10 1.040934e-06 1.170341e-06
7.095000e-10 1.035731e-06 1.164536e-06
7.100000e-10 1.030554e-06 1.158759e-06
7.105000e-10 1.025402e-06 1.153010e-06
7.110000e-10 1.020275e-06 1.147288e-06
7.115000e-10 1.015173e-06 1.141595e-06
7.120000e-10 1.010096e-06 1.135928e-06
7.125000e-10 1.005044e-06 1.130289e-06
7.130000e-10 1.000017e-06 1.124678e-06
7.135000e-10 9.950140e-07 1.119093e-06
7.140000e-10 9.900356e-07 1.113536e-06
7.145000e-10 9.850816e-07 1.108005e-06
7.150000e-10 9.801518e-07 1.102501e-06
7.155000e-10 9.752460e-07 1.097024e-06
7.160000e-10 9.703643e-07 1.091573e-06
7.165000e-10 9.655065e-07 1.086148e-06
7.170000e-10 9.606724e-07 1.080750e-06
7.175000e-10 9.558620e-07 1.075378e-06
7.180000e-10 9.510751e-07 1.070032e-06
7.185000e-10 9.463116e-07 1.064711e-06
7.190000e-10 9.415715e-07 1.059417e-06
7.195000e-10 9.368545e-07 1.054148e-06
7.200000e-10 9.321607e-07 1.048905e-06
7.205000e-10 9.274899e-07 1.043687e-06
7.210000e-10 9.228419e-07 1.038494e-06
7.215000e-10 9.182167e-07 1.033327e-06
7.220000e-10 9.136142e-07 1.028184e-06
7.225000e-10 9.090343e-07 1.023067e-06
7.230000e-10 9.044768e-07 1.017974e-06
7.235000e-10 8.999416e-07 1.012906e-06
7.240000e-10 8.954287e-07 1.007863e-06
7.245000e-10 8.909379e-07 1.002844e-06
7.250000e-10 8.864692e-07 9.978494e-07
7.255000e-10 8.820223e-07 9.928791e-07
7.260000e-10 8.775973e-07 9.879329e-07
7.265000e-10 8.731940e-07 9.830108e-07
7.270000e-10 8.688124e-07 9.781126e-07
7.275000e-10 8.644522e-07 9.732382e-07
7.280000e-10 8.601134e-07 9.683874e-07
7.285000e-10 8.557960e-07 9.635603e-07
7.290000e-10 8.514997e-07 9.587566e-07
7.295000e-10 8.472246e-07 9.539762e-07
7.300000e-10 8.429705e-07 9.492191e-07
7.305000e-10 8.387372e-07 9.444852e-07
7.310000e-10 8.345248e-07 9.397742e-07
7.315000e-10 8.303331e-07 9.350862e-07
7.320000e-10 8.261620e-07 9.304210e-07
7.325000e-10 8.220114e-07 9.257786e-07
7.330000e-10 8.178812e-07 9.211587e-07
7.335000e-10 8.137713e-07 9.165613e-07
7.340000e-10 8.096817e-07 9.119863e-07
7.345000e-10 8.056122e-07 9.074336e-07
7.350000e-10 8.015627e-07 9.029030e-07
7.355000e-10 7.975331e-07 8.983946e-07
7.360000e-10 7.935233e-07 8.939081e-07
7.365000e-10 7.895333e-07 8.894435e-07
7.370000e-10 7.855630e-07 8.850006e-07
7.375000e-10 7.816122e-07 8.805794e-07
7.380000e-10 7.776809e-07 8.761798e-07
7.385000e-10 7.737689e-07 8.718016e-07
7.390000e-10 7.698762e-07 8.674448e-07
7.395000e-10 7.660027e-07 8.631093e-07
7.400000e-10 7.621483e-07 8.587949e-07
7.405000e-10 7.583128e-07 8.545016e-07
7.410000e-10 7.544963e-07 8.502292e-07
7.415000e-10 7.506986e-07 8.459777e-07
7.420000e-10 7.469197e-07 8.417470e-07
7.425000e-10 7.431593e-07 8.375369e-07
7.430000e-10 7.394175e-07 8.333474e-07
7.435000e-10 7.356942e-07 8.291784e-07
7.440000e-10 7.319893e-07 8.250297e-07
7.445000e-10 7.283026e-07 8.209013e-07
7.450000e-10 7.246341e-07 8.167931e-07
7.455000e-10 7.209838e-07 8.127050e-07
7.460000e-10 7.173514e-07 8.086369e-07
7.465000e-10 7.137370e-07 8.045887e-07
7.470000e-10 7.101405e-07 8.005603e-07
7.475000e-10 7.065617e-07 7.965516e-07
7.480000e-10 7.030006e-07 7.925626e-07
7.485000e-10 6.994571e-07 7.885930e-07
7.490000e-10 6.959311e-07 7.846429e-07
7.495000e-10 6.924225e-07 7.807121e-07
7.500000e-10 6.889313e-07 7.768006e-07
7.505000e-10 6.854573e-07 7.729082e-07
7.510000e-10 6.820005e-07 7.690349e-07
7.515000e-10 6.785608e-07 7.651806e-07
7.520000e-10 6.751382e-07 7.613452e-07
7.525000e-10 6.717324e-07 7.575286e-07
7.530000e-10 6.683435e-07 7.537306e-07
7.535000e-10 6.649713e-07 7.499514e-07
7.540000e-10 6.616159e-07 7.461906e-07
7.545000e-10 6.582771e-07 7.424483e-07
7.550000e-10 6.549547e-07 7.387243e-07
7.555000e-10 6.516489e-07 7.350186e-07
7.560000e-10 6.483594e-07 7.313311e-07
7.565000e-10 6.450861e-07 7.276617e-07
7.570000e-10 6.418291e-07 7.240103e-07
7.575000e-10 6.385883e-07 7.203768e-07
7.580000e-10 6.353635e-07 7.167612e-07
7.585000e-10 6.321546e-07 7.131633e-07
7.590000e-10 6.289617e-07 7.095831e-07
7.595000e-10 6.257846e-07 7.060205e-07
7.600000e-10 6.226232e-07 7.024754e-07
7.605000e-10 6.194775e-07 6.989477e-07
7.610000e-10 6.163475e-07 6.954373e-07
7.615000e-10 6.132329e-07 6.919443e-07
7.620000e-10 6.101338e-07 6.884683e-07
7.625000e-10 6.070500e-07 6.850095e-07
7.630000e-10 6.039816e-07 6.815677e-07
7.635000e-10 6.009283e-07 6.781428e-07
7.640000e-10 5.978903e-07 6.747347e-07
7.645000e-10 5.948673e-07 6.713435e-07
7.650000e-10 5.918593e-07 6.679689e-07
7.655000e-10 5.888662e-07 6.646109e-07
7.660000e-10 5.858880e-07 6.612695e-07
7.665000e-10 5.829246e-07 6.579445e-07
7.670000e-10 5.799759e-07 6.546358e-07
7.675000e-10 5.770418e-07 6.513435e-07
7.680000e-10 5.741223e-07 6.480674e-07
7.685000e-10 5.712174e-07 6.448074e-07
7.690000e-10 5.683268e-07 6.415635e-07
7.695000e-10 5.654507e-07 6.383356e-07
7.700000e-10 5.625888e-07 6.351235e-07
7.705000e-10 5.597411e-07 6.319274e-07
7.710000e-10 5.569076e-07 6.287469e-07
7.715000e-10 5.540882e-07 6.255822e-07
7.720000e-10 5.512828e-07 6.224330e-07
7.725000e-10 5.484914e-07 6.192994e-07
7.730000e-10 5.457138e-07 6.161813e-07
7.735000e-10 5.429501e-07 6.130785e-07
7.740000e-10 5.402001e-07 6.099911e-07
7.745000e-10 5.374638e-07 6.069188e-07
7.750000e-10 5.347411e-07 6.038618e-07
7.755000e-10 5.320320e-07 6.008198e-07
7.760000e-10 5.293363e-07 5.977929e-07
7.765000e-10 5.266541e-07 5.947809e-07
7.770000e-10 5.239852e-07 5.917837e-07
7.775000e-10 5.213296e-07 5.888014e-07
7.780000e-10 5.186872e-07 5.858338e-07
7.785000e-10 5.160580e-07 5.828809e-07
7.790000e-10 5.134419e-07 5.799426e-07
7.795000e-10 5.108389e-07 5.770188e-07
7.800000e-10 5.082488e-07 5.741094e-07
7.805000e-10 5.056716e-07 5.712144e-07
7.810000e-10 5.031072e-07 5.683338e-07
7.815000e-10 5.005556e-07 5.654674e-07
7.820000e-10 4.980168e-07 5.626151e-07
7.825000e-10 4.954906e-07 5.597770e-07
7.830000e-10 4.929770e-07 5.569529e-07
7.835000e-10 4.904760e-07 5.541428e-07
7.840000e-10 4.879874e-07 5.513466e-07
7.845000e-10 4.855112e-07 5.485642e-07
7.850000e-10 4.830474e-07 5.457956e-07
7.855000e-10 4.805959e-07 5.430407e-07
7.860000e-10 4.781566e-07 5.402995e-07
7.865000e-10 4.757294e-07 5.375718e-07
7.870000e-10 4.733144e-07 5.348576e-07
7.875000e-10 4.709115e-07 5.321569e-07
7.880000e-10 4.685205e-07 5.294696e-07
7.885000e-10 4.661415e-07 5.267955e-07
7.890000e-10 4.637744e-07 5.241348e-07
7.895000e-10 4.614191e-07 5.214872e-07
7.900000e-10 4.590755e-07 5.188527e-07
7.905000e-10 4.567437e-07 5.162313e-07
7.910000e-10 4.544235e-07 5.136229e-07
7.915000e-10 4.521149e-07 5.110274e-07
7.920000e-10 4.498178e-07 5.084448e-07
7.925000e-10 4.475322e-07 5.058750e-07
7.930000e-10 4.452581e-07 5.033180e-07
7.935000e-10 4.429953e-07 5.007736e-07
7.940000e-10 4.407438e-07 4.982419e-07
7.945000e-10 4.385036e-07 4.957227e-07
7.950000e-10 4.362745e-07 4.932161e-07
7.955000e-10 4.340567e-07 4.907218e-07
7.960000e-10 4.318499e-07 4.882400e-07
7.965000e-10 4.296541e-07 4.857705e-07
7.970000e-10 4.274694e-07 4.833132e-07
7.975000e-10 4.252956e-07 4.808682e-07
7.980000e-10 4.231326e-07 4.784353e-07
7.985000e-10 4.209805e-07 4.760145e-07
7.990000e-10 4.188391e-07 4.736057e-07
7.995000e-10 4.167085e-07 4.712089e-07
8.000000e-10 4.145886e-07 4.688240e-07
8.005000e-10 4.124792e-07 4.664509e-07
8.010000e-10 4.103804e-07 4.640897e-07
8.015000e-10 4.082921e-07 4.617402e-07
8.020000e-10 4.062143e-07 4.594023e-07
8.025000e-10 4.041469e-07 4.570761e-07
8.030000e-10 4.020899e-07 4.547615e-07
8.035000e-10 4.000431e-07 4.524584e-07
8.040000e-10 3.980066e-07 4.501667e-07
8.045000e-10 3.959803e-07 4.478865e-07
8.050000e-10 3.939642e-07 4.456176e-07
8.055000e-10 3.919582e-07 4.433600e-07
8.060000e-10 3.899622e-07 4.411136e-07
8.065000e-10 3.879763e-07 4.388784e-07
8.070000e-10 3.860002e-07 4.366543e-07
8.075000e-10 3.840342e-07 4.344413e-07
8.080000e-10 3.820779e-07 4.322394e-07
8.085000e-10 3.801315e-07 4.300484e-07
8.090000e-10 3.781948e-07 4.278683e-07
8.095000e-10 3.762679e-07 4.256990e-07
8.100000e-10 3.743506e-07 4.235406e-07
8.105000e-10 3.724430e-07 4.213930e-07
8.110000e-10 3.705449e-07 4.192560e-07
8.115000e-10 3.686563e-07 4.171297e-07
8.120000e-10 3.667773e-07 4.150140e-07
8.125000e-10 3.649076e-07 4.129088e-07
8.130000e-10 3.630474e-07 4.108142e-07
8.135000e-10 3.611965e-07 4.087300e-07
8.140000e-10 3.593548e-07 4.066561e-07
8.145000e-10 3.575225e-07 4.045927e-07
8.150000e-10 3.556993e-07 4.025395e-07
8.155000e-10 3.538853e-07 4.004965e-07
8.160000e-10 3.520804e-07 3.984638e-07
8.165000e-10 3.502846e-07 3.964412e-07
8.170000e-10 3.484978e-07 3.944287e-07
8.175000e-10 3.467200e-07 3.924262e-07
8.180000e-10 3.449511e-07 3.904338e-07
8.185000e-10 3.431911e-07 3.884513e-07
8.190000e-10 3.414399e-07 3.864786e-07
8.195000e-10 3.396976e-07 3.845159e-07
8.200000e-10 3.379640e-07 3.825629e-07
8.205000e-10 3.362391e-07 3.806197e-07
8.210000e-10 3.345229e-07 3.786862e-07
8.215000e-10 3.328154e-07 3.767624e-07
8.220000e-10 3.311164e-07 3.748482e-07
8.225000e-10 3.294260e-07 3.729435e-07
8.230000e-10 3.277441e-07 3.710484e-07
8.235000e-10 3.260706e-07 3.691627e-07
8.240000e-10 3.244056e-07 3.672865e-07
8.245000e-10 3.227489e-07 3.654196e-07
8.250000e-10 3.211006e-07 3.635621e-07
8.255000e-10 3.194606e-07 3.617139e-07
8.260000e-10 3.178288e-07 3.598749e-07
8.265000e-10 3.162053e-07 3.580451e-07
8.270000e-10 3.145899e-07 3.562245e-07
8.275000e-10 3.129827e-07 3.544130e-07
8.280000e-10 3.113835e-07 3.526105e-07
8.285000e-10 3.097924e-07 3.508171e-07
8.290000e-10 3.082093e-07 3.490326e-07
8.295000e-10 3.066342e-07 3.472571e-07
8.300000e-10 3.050671e-07 3.454905e-07
8.305000e-10 3.035078e-07 3.437327e-07
8.310000e-10 3.019564e-07 3.419837e-07
8.315000e-10 3.004128e-07 3.402434e-07
8.320000e-10 2.988770e-07 3.385119e-07
8.325000e-10 2.973489e-07 3.367891e-07
8.330000e-10 2.958286e-07 3.350749e-07
8.335000e-10 2.943159e-07 3.333693e-07
8.340000e-10 2.928108e-07 3.316722e-07
8.345000e-10 2.913133e-07 3.299836e-07
8.350000e-10 2.898234e-07 3.283035e-07
8.355000e-10 2.883410e-07 3.266318e-07
8.360000e-10 2.868660e-07 3.249685e-07
8.365000e-10 2.853985e-07 3.233135e-07
8.370000e-10 2.839384e-07 3.216669e-07
8.375000e-10 2.824857e-07 3.200285e-07
8.380000e-10 2.810403e-07 3.183983e-07
8.385000e-10 2.796022e-07 3.167762e-07
8.390000e-10 2.781714e-07 3.151624e-07
8.395000e-10 2.767477e-07 3.135566e-07
8.400000e-10 2.753313e-07 3.119589e-07
8.405000e-10 2.739220e-07 3.103691e-07
8.410000e-10 2.725199e-07 3.087874e-07
8.415000e-10 2.711248e-07 3.072136e-07
8.420000e-10 2.697367e-07 3.056477e-07
8.425000e-10 2.683557e-07 3.040897e-07
8.430000e-10 2.669816e-07 3.025395e-07
8.435000e-10 2.656145e-07 3.009970e-07
8.440000e-10 2.642543e-07 2.994624e-07
8.445000e-10 2.629010e-07 2.979354e-07
8.450000e-10 2.615545e-07 2.964161e-07
8.455000e-10 2.602148e-07 2.949044e-07
8.460000e-10 2.588819e-07 2.934003e-07
8.465000e-10 2.575557e-07 2.919038e-07
8.470000e-10 2.562362e-07 2.904148e-07
8.475000e-10 2.549234e-07 2.889333e-07
8.480000e-10 2.536172e-07 2.874592e-07
8.485000e-10 2.523176e-07 2.859926e-07
8.490000e-10 2.510246e-07 2.845333e-07
8.495000e-10 2.497382e-07 2.830813e-07
8.500000e-10 2.484582e-07 2.816367e-07
8.505000e-10 2.471847e-07 2.801993e-07
8.510000e-10 2.459177e-07 2.787691e-07
8.515000e-10 2.446571e-07 2.773461e-07
8.520000e-10 2.434028e-07 2.759303e-07
8.525000e-10 2.421549e-07 2.745217e-07
8.530000e-10 2.409133e-07 2.731201e-07
8.535000e-10 2.396780e-07 2.717255e-07
8.540000e-10 2.384489e-07 2.703380e-07
8.545000e-10 2.372261e-07 2.689574e-07
8.550000e-10 2.360095e-07 2.675838e-07
8.555000e-10 2.347990e-07 2.662172e-07
8.560000e-10 2.335946e-07 2.648573e-07
8.565000e-10 2.323964e-07 2.635044e-07
8.570000e-10 2.312042e-07 2.621582e-07
8.575000e-10 2.300180e-07 2.608189e-07
8.580000e-10 2.288379e-07 2.594863e-07
8.585000e-10 2.276637e-07 2.581604e-07
8.590000e-10 2.264955e-07 2.568411e-07
8.595000e-10 2.253332e-07 2.555285e-07
8.600000e-10 2.241768e-07 2.542226e-07
8.605000e-10 2.230262e-07 2.529232e-07
8.610000e-10 2.218815e-07 2.516303e-07
8.615000e-10 2.207426e-07 2.503440e-07
8.620000e-10 2.196095e-07 2.490642e-07
8.625000e-10 2.184821e-07 2.477908e-07
8.630000e-10 2.173604e-07 2.465238e-07
8.635000e-10 2.162444e-07 2.452632e-07
8.640000e-10 2.151340e-07 2.440090e-07
8.645000e-10 2.140293e-07 2.427611e-07
8.650000e-10 2.129302e-07 2.415195e-07
8.655000e-10 2.118367e-07 2.402841e-07
8.660000e-10 2.107487e-07 2.390550e-07
8.665000e-10 2.096662e-07 2.378321e-07
8.670000e-10 2.085892e-07 2.366154e-07
8.675000e-10 2.075177e-07 2.354048e-07
8.680000e-10 2.064516e-07 2.342003e-07
8.685000e-10 2.053910e-07 2.330018e-07
8.690000e-10 2.043357e-07 2.318095e-07
8.695000e-10 2.032857e-07 2.306231e-07
8.700000e-10 2.022411e-07 2.294428e-07
8.705000e-10 2.012018e-07 2.282684e-07
8.710000e-10 2.001678e-07 2.270999e-07
8.715000e-10 1.991390e-07 2.259373e-07
8.720000e-10 1.981155e-07 2.247806e-07
8.725000e-10 1.970971e-07 2.236297e-07
8.730000e-10 1.960840e-07 2.224847e-07
8.735000e-10 1.950759e-07 2.213454e-07
8.740000e-10 1.940730e-07 2.202119e-07
8.745000e-10 1.930752e-07 2.190841e-07
8.750000e-10 1.920824e-07 2.179621e-07
8.755000e-10 1.910947e-07 2.168456e-07
8.760000e-10 1.901120e-07 2.157349e-07
8.765000e-10 1.891343e-07 2.146297e-07
8.770000e-10 1.881616e-07 2.135302e-07
8.775000e-10 1.871938e-07 2.124361e-07
8.780000e-10 1.862309e-07 2.113477e-07
8.785000e-10 1.852729e-07 2.102647e-07
8.790000e-10 1.843198e-07 2.091872e-07
8.795000e-10 1.833716e-07 2.081151e-07
8.800000e-10 1.824281e-07 2.070485e-07
8.805000e-10 1.814895e-07 2.059873e-07
8.810000e-10 1.805556e-07 2.049314e-07
8.815000e-10 1.796265e-07 2.038809e-07
8.820000e-10 1.787021e-07 2.028357e-07
8.825000e-10 1.777824e-07 2.017957e-07
8.830000e-10 1.768674e-07 2.007611e-07
8.835000e-10 1.759570e-07 1.997317e-07
8.840000e-10 1.750513e-07 1.987075e-07
8.845000e-10 1.741501e-07 1.976884e-07
8.850000e-10 1.732536e-07 1.966746e-07
8.855000e-10 1.723616e-07 1.956658e-07
8.860000e-10 1.714742e-07 1.946622e-07
8.865000e-10 1.705913e-07 1.936636e-07
8.870000e-10 1.697128e-07 1.926702e-07
8.875000e-10 1.688389e-07 1.916817e-07
8.880000e-10 1.679694e-07 1.906982e-07
8.885000e-10 1.671043e-07 1.897198e-07
8.890000e-10 1.662436e-07 1.887463e-07
8.895000e-10 1.653873e-07 1.877777e-07
8.900000e-10 1.645354e-07 1.868140e-07
8.905000e-10 1.636878e-07 1.858552e-07
8.910000e-10 1.628445e-07 1.849013e-07
8.915000e-10 1.620055e-07 1.839522e-07
8.920000e-10 1.611708e-07 1.830079e-07
8.925000e-10 1.603403e-07 1.820684e-07
8.930000e-10 1.595141e-07 1.811336e-07
8.935000e-10 1.586921e-07 1.802036e-07
8.940000e-10 1.578742e-07 1.792784e-07
8.945000e-10 1.570606e-07 1.783578e-07
8.950000e-10 1.562511e-07 1.774418e-07
8.955000e-10 1.554457e-07 1.765306e-07
8.960000e-10 1.546444e-07 1.756239e-07
8.965000e-10 1.538472e-07 1.747218e-07
8.970000e-10 1.530540e-07 1.738244e-07
8.975000e-10 1.522649e-07 1.729314e-07
8.980000e-10 1.514799e-07 1.720430e-07
8.985000e-10 1.506988e-07 1.711591e-07
8.990000e-10 1.499217e-07 1.702797e-07
8.995000e-10 1.491486e-07 1.694048e-07
9.000000e-10 1.483794e-07 1.685343e-07
9.005000e-10 1.476141e-07 1.676682e-07
9.010000e-10 1.468528e-07 1.668065e-07
9.015000e-10 1.460953e-07 1.659492e-07
9.020000e-10 1.453417e-07 1.650962e-07
9.025000e-10 1.445919e-07 1.642476e-07
9.030000e-10 1.438460e-07 1.634033e-07
9.035000e-10 1.431039e-07 1.625633e-07
9.040000e-10 1.423655e-07 1.617275e-07
9.045000e-10 1.416310e-07 1.608960e-07
9.050000e-10 1.409001e-07 1.600687e-07
9.055000e-10 1.401730e-07 1.592456e-07
9.060000e-10 1.394496e-07 1.584267e-07
9.065000e-10 1.387300e-07 1.576119e-07
9.070000e-10 1.380139e-07 1.568013e-07
9.075000e-10 1.373016e-07 1.559948e-07
9.080000e-10 1.365928e-07 1.551924e-07
9.085000e-10 1.358877e-07 1.543941e-07
9.090000e-10 1.351862e-07 1.535999e-07
9.095000e-10 1.344883e-07 1.528096e-07
9.100000e-10 1.337940e-07 1.520234e-07
9.105000e-10 1.331031e-07 1.512412e-07
9.110000e-10 1.324159e-07 1.504630e-07
9.115000e-10 1.317321e-07 1.496887e-07
9.120000e-10 1.310518e-07 1.489184e-07
9.125000e-10 1.303750e-07 1.481520e-07
9.130000e-10 1.297017e-07 1.473895e-07
9.135000e-10 1.290318e-07 1.466308e-07
9.140000e-10 1.283653e-07 1.458761e-07
9.145000e-10 1.277022e-07 1.451251e-07
9.150000e-10 1.270425e-07 1.443780e-07
9.155000e-10 1.263862e-07 1.436347e-07
9.160000e-10 1.257333e-07 1.428951e-07
9.165000e-10 1.250836e-07 1.421594e-07
9.170000e-10 1.244373e-07 1.414274e-07
9.175000e-10 1.237943e-07 1.406991e-07
9.180000e-10 1.231546e-07 1.399745e-07
9.185000e-10 1.225182e-07 1.392536e-07
9.190000e-10 1.218850e-07 1.385363e-07
9.195000e-10 1.212551e-07 1.378227e-07
9.200000e-10 1.206284e-07 1.371128e-07
9.205000e-10 1.200049e-07 1.364065e-07
9.210000e-10 1.193845e-07 1.357037e-07
9.215000e-10 1.187674e-07 1.350046e-07
9.220000e-10 1.181534e-07 1.343090e-07
9.225000e-10 1.175425e-07 1.336169e-07
9.230000e-10 1.169348e-07 1.329284e-07
9.235000e-10 1.163302e-07 1.322434e-07
9.240000e-10 1.157287e-07 1.315619e-07
9.245000e-10 1.151302e-07 1.308838e-07
9.250000e-10 1.145349e-07 1.302092e-07
9.255000e-10 1.139425e-07 1.295381e-07
9.260000e-10 1.133532e-07 1.288703e-07
9.265000e-10 1.127669e-07 1.282060e-07
9.270000e-10 1.121837e-07 1.275450e-07
9.275000e-10 1.116034e-07 1.268874e-07
9.280000e-10 1.110260e-07 1.262332e-07
9.285000e-10 1.104517e-07 1.255823e-07
9.290000e-10 1.098802e-07 1.249348e-07
9.295000e-10 1.093117e-07 1.242905e-07
9.300000e-10 1.087462e-07 1.236495e-07
9.305000e-10 1.081835e-07 1.230118e-07
9.310000e-10 1.076237e-07 1.223773e-07
9.315000e-10 1.070667e-07 1.217461e-07
9.320000e-10 1.065126e-07 1.211181e-07
9.325000e-10 1.059614e-07 1.204933e-07
9.330000e-10 1.054130e-07 1.198717e-07
9.335000e-10 1.048674e-07 1.192532e-07
9.340000e-10 1.043245e-07 1.186379e-07
9.345000e-10 1.037845e-07 1.180258e-07
9.350000e-10 1.032472e-07 1.174168e-07
9.355000e-10 1.027127e-07 1.168109e-07
9.360000e-10 1.021810e-07 1.162080e-07
9.365000e-10 1.016519e-07 1.156083e-07
9.370000e-10 1.011256e-07 1.150116e-07
9.375000e-10 1.006019e-07 1.144180e-07
9.380000e-10 1.000810e-07 1.138274e-07
9.385000e-10 9.956271e-08 1.132398e-07
9.390000e-10 9.904709e-08 1.126552e-07
9.395000e-10 9.853412e-08 1.120736e-07
9.400000e-10 9.802377e-08 1.114950e-07
9.405000e-10 9.751604e-08 1.109193e-07
9.410000e-10 9.701092e-08 1.103466e-07
9.415000e-10 9.650838e-08 1.097767e-07
9.420000e-10 9.600843e-08 1.092098e-07
9.425000e-10 9.551104e-08 1.086458e-07
9.430000e-10 9.501620e-08 1.080847e-07
9.435000e-10 9.452390e-08 1.075265e-07
9.440000e-10 9.403413e-08 1.069711e-07
9.445000e-10 9.354687e-08 1.064185e-07
9.450000e-10 9.306212e-08 1.058688e-07
9.455000e-10 9.257984e-08 1.053218e-07
9.460000e-10 9.210005e-08 1.047777e-07
9.465000e-10 9.162272e-08 1.042364e-07
9.470000e-10 9.114784e-08 1.036978e-07
9.475000e-10 9.067539e-08 1.031620e-07
9.480000e-10 9.020538e-08 1.026289e-07
9.485000e-10 8.973777e-08 1.020985e-07
9.490000e-10 8.927257e-08 1.015709e-07
9.495000e-10 8.880975e-08 1.010459e-07
9.500000e-10 8.834931e-08 1.005236e-07
9.505000e-10 8.789124e-08 1.000040e-07
9.510000e-10 8.743552e-08 9.948711e-08
9.515000e-10 8.698214e-08 9.897281e-08
9.520000e-10 8.653109e-08 9.846115e-08
9.525000e-10 8.608236e-08 9.795211e-08
9.530000e-10 8.563593e-08 9.744567e-08
9.535000e-10 8.519179e-08 9.694183e-08
9.540000e-10 8.474994e-08 9.644056e-08
9.545000e-10 8.431036e-08 9.594186e-08
9.550000e-10 8.387303e-08 9.544571e-08
9.555000e-10 8.343796e-08 9.495210e-08
9.560000e-10 8.300512e-08 9.446102e-08
9.565000e-10 8.257450e-08 9.397245e-08
9.570000e-10 8.214610e-08 9.348638e-08
9.575000e-10 8.171990e-08 9.300280e-08
9.580000e-10 8.129589e-08 9.252170e-08
9.585000e-10 8.087406e-08 9.204306e-08
9.590000e-10 8.045440e-08 9.156687e-08
9.595000e-10 8.003690e-08 9.109312e-08
9.600000e-10 7.962154e-08 9.062180e-08
9.605000e-10 7.920832e-08 9.015289e-08
9.610000e-10 7.879723e-08 8.968639e-08
9.615000e-10 7.838824e-08 8.922227e-08
9.620000e-10 7.798137e-08 8.876053e-08
9.625000e-10 7.757658e-08 8.830116e-08
9.630000e-10 7.717388e-08 8.784414e-08
9.635000e-10 7.677325e-08 8.738947e-08
9.640000e-10 7.637468e-08 8.693712e-08
9.645000e-10 7.597816e-08 8.648709e-08
9.650000e-10 7.558368e-08 8.603937e-08
9.655000e-10 7.519123e-08 8.559394e-08
9.660000e-10 7.480080e-08 8.515080e-08
9.665000e-10 7.441238e-08 8.470993e-08
9.670000e-10 7.402595e-08 8.427132e-08
9.675000e-10 7.364152e-08 8.383495e-08
9.680000e-10 7.325907e-08 8.340083e-08
9.685000e-10 7.287858e-08 8.296893e-08
9.690000e-10 7.250005e-08 8.253924e-08
9.695000e-10 7.212347e-08 8.211176e-08
9.700000e-10 7.174883e-08 8.168647e-08
9.705000e-10 7.137612e-08 8.126337e-08
9.710000e-10 7.100533e-08 8.084243e-08
9.715000e-10 7.063644e-08 8.042365e-08
9.720000e-10 7.026946e-08 8.000703e-08
9.725000e-10 6.990437e-08 7.959253e-08
9.730000e-10 6.954115e-08 7.918017e-08
9.735000e-10 6.917981e-08 7.876992e-08
9.740000e-10 6.882033e-08 7.836178e-08
9.745000e-10 6.846270e-08 7.795573e-08
9.750000e-10 6.810691e-08 7.755176e-08
9.755000e-10 6.775295e-08 7.714987e-08
9.760000e-10 6.740082e-08 7.675004e-08
9.765000e-10 6.705050e-08 7.635227e-08
9.770000e-10 6.670199e-08 7.595653e-08
9.775000e-10 6.635527e-08 7.556283e-08
9.780000e-10 6.601034e-08 7.517115e-08
9.785000e-10 6.566719e-08 7.478148e-08
9.790000e-10 6.532580e-08 7.439381e-08
9.795000e-10 6.498618e-08 7.400813e-08
9.800000e-10 6.464831e-08 7.362443e-08
9.805000e-10 6.431217e-08 7.324270e-08
9.810000e-10 6.397777e-08 7.286293e-08
9.815000e-10 6.364510e-08 7.248512e-08
9.820000e-10 6.331413e-08 7.210924e-08
9.825000e-10 6.298488e-08 7.173530e-08
9.830000e-10 6.265732e-08 7.136327e-08
9.835000e-10 6.233145e-08 7.099316e-08
9.840000e-10 6.200727e-08 7.062495e-08
9.845000e-10 6.168475e-08 7.025863e-08
9.850000e-10 6.136390e-08 6.989419e-08
9.855000e-10 6.104470e-08 6.953163e-08
9.860000e-10 6.072715e-08 6.917093e-08
9.865000e-10 6.041123e-08 6.881208e-08
9.870000e-10 6.009695e-08 6.845508e-08
9.875000e-10 5.978428e-08 6.809992e-08
9.880000e-10 5.947323e-08 6.774658e-08
9.885000e-10 5.916379e-08 6.739505e-08
9.890000e-10 5.885594e-08 6.704533e-08
9.895000e-10 5.854968e-08 6.669741e-08
9.900000e-10 5.824500e-08 6.635128e-08
9.905000e-10 5.794189e-08 6.600693e-08
9.910000e-10 5.764035e-08 6.566435e-08
9.915000e-10 5.734036e-08 6.532354e-08
9.920000e-10 5.704192e-08 6.498447e-08
9.925000e-10 5.674502e-08 6.464715e-08
9.930000e-10 5.644966e-08 6.431157e-08
9.935000e-10 5.615581e-08 6.397771e-08
9.940000e-10 5.586349e-08 6.364556e-08
9.945000e-10 5.557267e-08 6.331513e-08
9.950000e-10 5.528336e-08 6.298640e-08
9.955000e-10 5.499554e-08 6.265936e-08
9.960000e-10 5.470921e-08 6.233400e-08
9.965000e-10 5.442435e-08 6.201031e-08
9.970000e-10 5.414097e-08 6.168830e-08
9.975000e-10 5.385904e-08 6.136793e-08
9.980000e-10 5.357858e-08 6.104922e-08
9.985000e-10 5.329956e-08 6.073215e-08
9.990000e-10 5.302199e-08 6.041671e-08
9.995000e-10 5.274585e-08 6.010289e-08
1.000000e-09 5.247113e-08 5.979069e-08
1.000500e-09 5.219784e-08 5.948010e-08
1.001000e-09 5.192595e-08 5.917111e-08
1.001500e-09 5.165547e-08 5.886370e-08
1.002000e-09 5.138639e-08 5.855788e-08
1.002500e-09 5.111870e-08 5.825364e-08
1.003000e-09 5.085239e-08 5.795096e-08
1.003500e-09 5.058746e-08 5.764984e-08
1.004000e-09 5.032390e-08 5.735027e-08
1.004500e-09 5.006170e-08 5.705225e-08
1.005000e-09 4.980085e-08 5.675576e-08
1.005500e-09 4.954135e-08 5.646079e-08
1.006000e-09 4.928320e-08 5.616735e-08
1.006500e-09 4.902638e-08 5.587542e-08
1.007000e-09 4.877088e-08 5.558499e-08
1.007500e-09 4.851671e-08 5.529606e-08
1.008000e-09 4.826385e-08 5.500862e-08
1.008500e-09 4.801230e-08 5.472266e-08
1.009000e-09 4.776205e-08 5.443817e-08
1.009500e-09 4.751309e-08 5.415515e-08
1.010000e-09 4.726542e-08 5.387359e-08
1.010500e-09 4.701904e-08 5.359348e-08
1.011000e-09 4.677392e-08 5.331481e-08
1.011500e-09 4.653008e-08 5.303758e-08
1.012000e-09 4.628749e-08 5.276178e-08
1.012500e-09 4.604616e-08 5.248740e-08
1.013000e-09 4.580608e-08 5.221443e-08
1.013500e-09 4.556724e-08 5.194288e-08
1.014000e-09 4.532963e-08 5.167272e-08
1.014500e-09 4.509326e-08 5.140396e-08
1.015000e-09 4.485811e-08 5.113658e-08
1.015500e-09 4.462417e-08 5.087058e-08
1.016000e-09 4.439145e-08 5.060595e-08
1.016500e-09 4.415993e-08 5.034269e-08
1.017000e-09 4.392960e-08 5.008079e-08
1.017500e-09 4.370047e-08 4.982024e-08
1.018000e-09 4.347253e-08 4.956103e-08
1.018500e-09 4.324576e-08 4.930316e-08
1.019000e-09 4.302017e-08 4.904662e-08
1.019500e-09 4.279575e-08 4.879140e-08
1.020000e-09 4.257249e-08 4.853750e-08
1.020500e-09 4.235038e-08 4.828491e-08
1.021000e-09 4.212943e-08 4.803362e-08
1.021500e-09 4.190962e-08 4.778363e-08
1.022000e-09 4.169094e-08 4.753493e-08
1.022500e-09 4.147340e-08 4.728752e-08
1.023000e-09 4.125698e-08 4.704138e-08
1.023500e-09 4.104169e-08 4.679651e-08
1.024000e-09 4.082751e-08 4.655291e-08
1.024500e-09 4.061444e-08 4.631056e-08
1.025000e-09 4.040247e-08 4.606947e-08
1.025500e-09 4.019161e-08 4.582962e-08
1.026000e-09 3.998183e-08 4.559100e-08
1.026500e-09 3.977314e-08 4.535363e-08
1.027000e-09 3.956553e-08 4.511747e-08
1.027500e-09 3.935900e-08 4.488254e-08
1.028000e-09 3.915353e-08 4.464882e-08
1.028500e-09 3.894914e-08 4.441630e-08
1.029000e-09 3.874580e-08 4.418499e-08
1.029500e-09 3.854351e-08 4.395487e-08
1.030000e-09 3.834227e-08 4.372594e-08
1.030500e-09 3.814208e-08 4.349820e-08
1.031000e-09 3.794292e-08 4.327163e-08
1.031500e-09 3.774479e-08 4.304623e-08
1.032000e-09 3.754770e-08 4.282199e-08
1.032500e-09 3.735162e-08 4.259892e-08
1.033000e-09 3.715656e-08 4.237699e-08
1.033500e-09 3.696251e-08 4.215622e-08
1.034000e-09 3.676946e-08 4.193658e-08
1.034500e-09 3.657742e-08 4.171808e-08
1.035000e-09 3.638637e-08 4.150071e-08
1.035500e-09 3.619632e-08 4.128446e-08
1.036000e-09 3.600725e-08 4.106933e-08
1.036500e-09 3.581916e-08 4.085531e-08
1.037000e-09 3.563204e-08 4.064240e-08
1.037500e-09 3.544589e-08 4.043059e-08
1.038000e-09 3.526071e-08 4.021988e-08
1.038500e-09 3.507650e-08 4.001025e-08
1.039000e-09 3.489323e-08 3.980171e-08
1.039500e-09 3.471092e-08 3.959424e-08
1.040000e-09 3.452955e-08 3.938785e-08
1.040500e-09 3.434912e-08 3.918253e-08
1.041000e-09 3.416963e-08 3.897827e-08
1.041500e-09 3.399107e-08 3.877506e-08
1.042000e-09 3.381344e-08 3.857291e-08
1.042500e-09 3.363672e-08 3.837180e-08
1.043000e-09 3.346093e-08 3.817173e-08
1.043500e-09 3.328605e-08 3.797270e-08
1.044000e-09 3.311207e-08 3.777469e-08
1.044500e-09 3.293900e-08 3.757772e-08
1.045000e-09 3.276682e-08 3.738176e-08
1.045500e-09 3.259554e-08 3.718681e-08
1.046000e-09 3.242515e-08 3.699287e-08
1.046500e-09 3.225564e-08 3.679994e-08
1.047000e-09 3.208701e-08 3.660800e-08
1.047500e-09 3.191926e-08 3.641706e-08
1.048000e-09 3.175238e-08 3.622711e-08
1.048500e-09 3.158636e-08 3.603814e-08
1.049000e-09 3.142121e-08 3.585014e-08
1.049500e-09 3.125691e-08 3.566313e-08
1.050000e-09 3.109347e-08 3.547707e-08
1.050500e-09 3.093087e-08 3.529199e-08
1.051000e-09 3.076912e-08 3.510786e-08
1.051500e-09 3.060821e-08 3.492468e-08
1.052000e-09 3.044813e-08 3.474245e-08
1.052500e-09 3.028889e-08 3.456117e-08
1.053000e-09 3.013047e-08 3.438082e-08
1.053500e-09 2.997288e-08 3.420141e-08
1.054000e-09 2.981610e-08 3.402293e-08
1.054500e-09 2.966014e-08 3.384537e-08
1.055000e-09 2.950499e-08 3.366873e-08
1.055500e-09 2.935064e-08 3.349300e-08
1.056000e-09 2.919710e-08 3.331819e-08
1.056500e-09 2.904435e-08 3.314428e-08
1.057000e-09 2.889240e-08 3.297128e-08
1.057500e-09 2.874124e-08 3.279916e-08
1.058000e-09 2.859086e-08 3.262795e-08
1.058500e-09 2.844126e-08 3.245761e-08
1.059000e-09 2.829244e-08 3.228816e-08
1.059500e-09 2.814440e-08 3.211959e-08
1.060000e-09 2.799712e-08 3.195189e-08
1.060500e-09 2.785061e-08 3.178506e-08
1.061000e-09 2.770486e-08 3.161910e-08
1.061500e-09 2.755987e-08 3.145399e-08
1.062000e-09 2.741563e-08 3.128975e-08
1.062500e-09 2.727214e-08 3.112635e-08
1.063000e-09 2.712940e-08 3.096380e-08
1.063500e-09 2.698740e-08 3.080209e-08
1.064000e-09 2.684613e-08 3.064122e-08
1.064500e-09 2.670561e-08 3.048118e-08
1.065000e-09 2.656581e-08 3.032198e-08
1.065500e-09 2.642674e-08 3.016360e-08
1.066000e-09 2.628839e-08 3.000604e-08
1.066500e-09 2.615076e-08 2.984930e-08
1.067000e-09 2.601385e-08 2.969337e-08
1.067500e-09 2.587765e-08 2.953825e-08
1.068000e-09 2.574215e-08 2.938393e-08
1.068500e-09 2.560737e-08 2.923041e-08
1.069000e-09 2.547328e-08 2.907769e-08
1.069500e-09 2.533989e-08 2.892576e-08
1.070000e-09 2.520719e-08 2.877462e-08
1.070500e-09 2.507519e-08 2.862427e-08
1.071000e-09 2.494387e-08 2.847469e-08
1.071500e-09 2.481323e-08 2.832589e-08
1.072000e-09 2.468328e-08 2.817786e-08
1.072500e-09 2.455400e-08 2.803060e-08
1.073000e-09 2.442539e-08 2.788411e-08
1.073500e-09 2.429745e-08 2.773837e-08
1.074000e-09 2.417018e-08 2.759339e-08
1.074500e-09 2.404357e-08 2.744916e-08
1.075000e-09 2.391762e-08 2.730568e-08
1.075500e-09 2.379232e-08 2.716295e-08
1.076000e-09 2.366767e-08 2.702096e-08
1.076500e-09 2.354368e-08 2.687970e-08
1.077000e-09 2.342033e-08 2.673918e-08
1.077500e-09 2.329762e-08 2.659938e-08
1.078000e-09 2.317555e-08 2.646031e-08
1.078500e-09 2.305412e-08 2.632197e-08
1.079000e-09 2.293331e-08 2.618434e-08
1.079500e-09 2.281314e-08 2.604742e-08
1.080000e-09 2.269359e-08 2.591122e-08
1.080500e-09 2.257467e-08 2.577573e-08
1.081000e-09 2.245636e-08 2.564093e-08
1.081500e-09 2.233867e-08 2.550684e-08
1.082000e-09 2.222159e-08 2.537344e-08
1.082500e-09 2.210513e-08 2.524074e-08
1.083000e-09 2.198926e-08 2.510873e-08
1.083500e-09 2.187401e-08 2.497740e-08
1.084000e-09 2.175935e-08 2.484675e-08
1.084500e-09 2.164529e-08 2.471678e-08
1.085000e-09 2.153182e-08 2.458749e-08
1.085500e-09 2.141895e-08 2.445887e-08
1.086000e-09 2.130666e-08 2.433092e-08
1.086500e-09 2.119495e-08 2.420363e-08
1.087000e-09 2.108383e-08 2.407700e-08
1.087500e-09 2.097329e-08 2.395103e-08
1.088000e-09 2.086333e-08 2.382572e-08
1.088500e-09 2.075393e-08 2.370105e-08
1.089000e-09 2.064511e-08 2.357704e-08
1.089500e-09 2.053685e-08 2.345366e-08
1.090000e-09 2.042916e-08 2.333093e-08
1.090500e-09 2.032203e-08 2.320884e-08
1.091000e-09 2.021545e-08 2.308738e-08
1.091500e-09 2.010944e-08 2.296656e-08
1.092000e-09 2.000397e-08 2.284636e-08
1.092500e-09 1.989905e-08 2.272678e-08
1.093000e-09 1.979469e-08 2.260783e-08
1.093500e-09 1.969086e-08 2.248950e-08
1.094000e-09 1.958758e-08 2.237178e-08
1.094500e-09 1.948483e-08 2.225467e-08
1.095000e-09 1.938262e-08 2.213817e-08
1.095500e-09 1.928094e-08 2.202228e-08
1.096000e-09 1.917980e-08 2.190699e-08
1.096500e-09 1.907918e-08 2.179230e-08
1.097000e-09 1.897908e-08 2.167821e-08
1.097500e-09 1.887951e-08 2.156471e-08
1.098000e-09 1.878045e-08 2.145179e-08
1.098500e-09 1.868191e-08 2.133947e-08
1.099000e-09 1.858389e-08 2.122773e-08
1.099500e-09 1.848638e-08 2.111657e-08
1.100000e-09 1.838937e-08 2.100599e-08
1.100500e-09 1.829287e-08 2.089599e-08
1.101000e-09 1.819688e-08 2.078656e-08
1.101500e-09 1.810138e-08 2.067769e-08
1.102000e-09 1.800638e-08 2.056940e-08
1.102500e-09 1.791188e-08 2.046166e-08
1.103000e-09 1.781787e-08 2.035449e-08
1.103500e-09 1.772436e-08 2.024788e-08
1.104000e-09 1.763133e-08 2.014181e-08
1.104500e-09 1.753878e-08 2.003631e-08
1.105000e-09 1.744672e-08 1.993135e-08
1.105500e-09 1.735514e-08 1.982693e-08
1.106000e-09 1.726403e-08 1.972306e-08
1.106500e-09 1.717340e-08 1.961973e-08
1.107000e-09 1.708325e-08 1.951694e-08
1.107500e-09 1.699356e-08 1.941468e-08
1.108000e-09 1.690434e-08 1.931296e-08
1.108500e-09 1.681559e-08 1.921176e-08
1.109000e-09 1.672730e-08 1.911110e-08
1.109500e-09 1.663947e-08 1.901095e-08
1.110000e-09 1.655210e-08 1.891133e-08
1.110500e-09 1.646519e-08 1.881222e-08
1.111000e-09 1.637873e-08 1.871363e-08
1.111500e-09 1.629272e-08 1.861556e-08
1.112000e-09 1.620716e-08 1.851800e-08
1.112500e-09 1.612205e-08 1.842094e-08
1.113000e-09 1.603738e-08 1.832439e-08
1.113500e-09 1.595315e-08 1.822834e-08
1.114000e-09 1.586936e-08 1.813279e-08
1.114500e-09 1.578601e-08 1.803774e-08
1.115000e-09 1.570310e-08 1.794318e-08
1.115500e-09 1.562061e-08 1.784912e-08
1.116000e-09 1.553856e-08 1.775555e-08
1.116500e-09 1.545694e-08 1.766246e-08
1.117000e-09 1.537574e-08 1.756986e-08
1.117500e-09 1.529497e-08 1.747774e-08
1.118000e-09 1.521462e-08 1.738610e-08
1.118500e-09 1.513469e-08 1.729494e-08
1.119000e-09 1.505517e-08 1.720426e-08
1.119500e-09 1.497607e-08 1.711404e-08
1.120000e-09 1.489739e-08 1.702430e-08
1.120500e-09 1.481911e-08 1.693502e-08
1.121000e-09 1.474125e-08 1.684621e-08
1.121500e-09 1.466379e-08 1.675786e-08
1.122000e-09 1.458673e-08 1.666998e-08
1.122500e-09 1.451008e-08 1.658255e-08
1.123000e-09 1.443383e-08 1.649557e-08
1.123500e-09 1.435798e-08 1.640905e-08
1.124000e-09 1.428252e-08 1.632298e-08
1.124500e-09 1.420746e-08 1.623736e-08
1.125000e-09 1.413278e-08 1.615218e-08
1.125500e-09 1.405850e-08 1.606745e-08
1.126000e-09 1.398461e-08 1.598316e-08
1.126500e-09 1.391111e-08 1.589931e-08
1.127000e-09 1.383798e-08 1.581590e-08
1.127500e-09 1.376524e-08 1.573292e-08
1.128000e-09 1.369288e-08 1.565038e-08
1.128500e-09 1.362090e-08 1.556826e-08
1.129000e-09 1.354930e-08 1.548657e-08
1.129500e-09 1.347806e-08 1.540531e-08
1.130000e-09 1.340721e-08 1.532448e-08
1.130500e-09 1.333672e-08 1.524406e-08
1.131000e-09 1.326660e-08 1.516406e-08
1.131500e-09 1.319684e-08 1.508448e-08
1.132000e-09 1.312745e-08 1.500532e-08
1.132500e-09 1.305843e-08 1.492657e-08
1.133000e-09 1.298976e-08 1.484823e-08
1.133500e-09 1.292146e-08 1.477030e-08
1.134000e-09 1.285351e-08 1.469277e-08
1.134500e-09 1.278591e-08 1.461565e-08
1.135000e-09 1.271867e-08 1.453893e-08
1.135500e-09 1.265178e-08 1.446261e-08
1.136000e-09 1.258525e-08 1.438669e-08
1.136500e-09 1.251905e-08 1.431117e-08
1.137000e-09 1.245321e-08 1.423604e-08
1.137500e-09 1.238771e-08 1.416130e-08
1.138000e-09 1.232255e-08 1.408695e-08
1.138500e-09 1.225773e-08 1.401299e-08
1.139000e-09 1.219325e-08 1.393942e-08
1.139500e-09 1.212911e-08 1.386623e-08
1.140000e-09 1.206531e-08 1.379342e-08
1.140500e-09 1.200184e-08 1.372099e-08
1.141000e-09 1.193870e-08 1.364894e-08
1.141500e-09 1.187589e-08 1.357727e-08
1.142000e-09 1.181341e-08 1.350597e-08
1.142500e-09 1.175125e-08 1.343504e-08
1.143000e-09 1.168942e-08 1.336448e-08
1.143500e-09 1.162792e-08 1.329429e-08
1.144000e-09 1.156673e-08 1.322447e-08
1.144500e-09 1.150587e-08 1.315501e-08
1.145000e-09 1.144532e-08 1.308591e-08
1.145500e-09 1.138510e-08 1.301718e-08
1.146000e-09 1.132518e-08 1.294880e-08
1.146500e-09 1.126558e-08 1.288078e-08
1.147000e-09 1.120630e-08 1.281312e-08
1.147500e-09 1.114732e-08 1.274581e-08
1.148000e-09 1.108865e-08 1.267885e-08
1.148500e-09 1.103029e-08 1.261224e-08
1.149000e-09 1.097223e-08 1.254598e-08
1.149500e-09 1.091448e-08 1.248006e-08
1.150000e-09 1.085703e-08 1.241449e-08
1.150500e-09 1.079988e-08 1.234926e-08
1.151000e-09 1.074303e-08 1.228437e-08
1.151500e-09 1.068648e-08 1.221982e-08
1.152000e-09 1.063022e-08 1.215561e-08
1.152500e-09 1.057426e-08 1.209173e-08
1.153000e-09 1.051859e-08 1.202819e-08
1.153500e-09 1.046321e-08 1.196498e-08
1.154000e-09 1.040813e-08 1.190210e-08
1.154500e-09 1.035333e-08 1.183955e-08
1.155000e-09 1.029882e-08 1.177732e-08
1.155500e-09 1.024459e-08 1.171542e-08
1.156000e-09 1.019065e-08 1.165384e-08
1.156500e-09 1.013699e-08 1.159259e-08
1.157000e-09 1.008361e-08 1.153165e-08
1.157500e-09 1.003051e-08 1.147104e-08
1.158000e-09 9.977686e-09 1.141074e-08
1.158500e-09 9.925141e-09 1.135075e-08
1.159000e-09 9.872872e-09 1.129108e-08
1.159500e-09 9.820876e-09 1.123172e-08
1.160000e-09 9.769152e-09 1.117267e-08
1.160500e-09 9.717700e-09 1.111393e-08
1.161000e-09 9.666517e-09 1.105550e-08
1.161500e-09 9.615602e-09 1.099737e-08
1.162000e-09 9.564954e-09 1.093955e-08
1.162500e-09 9.514571e-09 1.088202e-08
1.163000e-09 9.464452e-09 1.082480e-08
1.163500e-09 9.414596e-09 1.076788e-08
1.164000e-09 9.365001e-09 1.071126e-08
1.164500e-09 9.315666e-09 1.065493e-08
1.165000e-09 9.266589e-09 1.059889e-08
1.165500e-09 9.217770e-09 1.054315e-08
1.166000e-09 9.169206e-09 1.048770e-08
1.166500e-09 9.120897e-09 1.043254e-08
1.167000e-09 9.072841e-09 1.037767e-08
1.167500e-09 9.025037e-09 1.032309e-08
1.168000e-09 8.977483e-09 1.026879e-08
1.168500e-09 8.930179e-09 1.021478e-08
1.169000e-09 8.883123e-09 1.016105e-08
1.169500e-09 8.836313e-09 1.010759e-08
1.170000e-09 8.789749e-09 1.005442e-08
1.170500e-09 8.743428e-09 1.000153e-08
1.171000e-09 8.697351e-09 9.948913e-09
1.171500e-09 8.651515e-09 9.896572e-09
1.172000e-09 8.605919e-09 9.844504e-09
1.172500e-09 8.560563e-09 9.792709e-09
1.173000e-09 8.515444e-09 9.741185e-09
1.173500e-09 8.470562e-09 9.689931e-09
1.174000e-09 8.425915e-09 9.638944e-09
1.174500e-09 8.381502e-09 9.588225e-09
1.175000e-09 8.337322e-09 9.537771e-09
1.175500e-09 8.293374e-09 9.487580e-09
1.176000e-09 8.249656e-09 9.437653e-09
1.176500e-09 8.206167e-09 9.387987e-09
1.177000e-09 8.162907e-09 9.338580e-09
1.177500e-09 8.119873e-09 9.289433e-09
1.178000e-09 8.077065e-09 9.240542e-09
1.178500e-09 8.034482e-09 9.191907e-09
1.179000e-09 7.992122e-09 9.143527e-09
1.179500e-09 7.949984e-09 9.095400e-09
1.180000e-09 7.908067e-09 9.047525e-09
1.180500e-09 7.866370e-09 8.999901e-09
1.181000e-09 7.824892e-09 8.952526e-09
1.181500e-09 7.783631e-09 8.905399e-09
1.182000e-09 7.742587e-09 8.858519e-09
1.182500e-09 7.701758e-09 8.811884e-09
1.183000e-09 7.661143e-09 8.765493e-09
1.183500e-09 7.620742e-09 8.719345e-09
1.184000e-09 7.580552e-09 8.673439e-09
1.184500e-09 7.540573e-09 8.627773e-09
1.185000e-09 7.500804e-09 8.582346e-09
1.185500e-09 7.461244e-09 8.537158e-09
1.186000e-09 7.421891e-09 8.492205e-09
1.186500e-09 7.382745e-09 8.447489e-09
1.187000e-09 7.343804e-09 8.403006e-09
1.187500e-09 7.305068e-09 8.358756e-09
1.188000e-09 7.266534e-09 8.314738e-09
1.188500e-09 7.228203e-09 8.270951e-09
1.189000e-09 7.190074e-09 8.227393e-09
1.189500e-09 7.152144e-09 8.184063e-09
1.190000e-09 7.114413e-09 8.140960e-09
1.190500e-09 7.076881e-09 8.098083e-09
1.191000e-09 7.039545e-09 8.055431e-09
1.191500e-09 7.002406e-09 8.013002e-09
1.192000e-09 6.965461e-09 7.970795e-09
1.192500e-09 6.928711e-09 7.928809e-09
1.193000e-09 6.892153e-09 7.887044e-09
1.193500e-09 6.855787e-09 7.845497e-09
1.194000e-09 6.819612e-09 7.804168e-09
1.194500e-09 6.783627e-09 7.763055e-09
1.195000e-09 6.747831e-09 7.722158e-09
1.195500e-09 6.712223e-09 7.681475e-09
1.196000e-09 6.676802e-09 7.641005e-09
1.196500e-09 6.641567e-09 7.600748e-09
1.197000e-09 6.606517e-09 7.560701e-09
1.197500e-09 6.571651e-09 7.520864e-09
1.198000e-09 6.536968e-09 7.481236e-09
1.198500e-09 6.502467e-09 7.441816e-09
1.199000e-09 6.468148e-09 7.402602e-09
1.199500e-09 6.434008e-09 7.363594e-09
1.200000e-09 6.400048e-09 7.324791e-09
