0.000000e+00 0 0
5.000000e-13 0 0
1.000000e-12 0 0
1.500000e-12 0 0
2.000000e-12 0 0
2.500000e-12 0 0
3.000000e-12 0 0
3.500000e-12 0 0
4.000000e-12 0 0
4.500000e-12 0 0
5.000000e-12 0 0
5.500000e-12 0 0
6.000000e-12 0 0
6.500000e-12 0 0
7.000000e-12 0 0
7.500000e-12 0 0
8.000000e-12 0 0
8.500000e-12 0 0
9.000000e-12 0 0
9.500000e-12 0 0
1.000000e-11 0 0
1.050000e-11 0 0
1.100000e-11 0 0
1.150000e-11 0 0
1.200000e-11 0 0
1.250000e-11 0 0
1.300000e-11 0 0
1.350000e-11 0 0
1.400000e-11 0 0
1.450000e-11 0 0
1.500000e-11 0 0
1.550000e-11 0 0
1.600000e-11 0 0
1.650000e-11 0 0
1.700000e-11 0 0
1.750000e-11 0 0
1.800000e-11 0 0
1.850000e-11 0 0
1.900000e-11 0 0
1.950000e-11 0 0
2.000000e-11 0 0
2.050000e-11 0 0
2.100000e-11 0 0
2.150000e-11 0 0
2.200000e-11 0 0
2.250000e-11 0 0
2.300000e-11 0 0
2.350000e-11 0 0
2.400000e-11 0 0
2.450000e-11 0 0
2.500000e-11 0 0
2.550000e-11 0 0
2.600000e-11 0 0
2.650000e-11 0 0
2.700000e-11 0 0
2.750000e-11 0 0
2.800000e-11 0 0
2.850000e-11 0 0
2.900000e-11 0 0
2.950000e-11 0 0
3.000000e-11 0 0
3.050000e-11 0 0
3.100000e-11 0 0
3.150000e-11 0 0
3.200000e-11 0 0
3.250000e-11 0 0
3.300000e-11 0 0
3.350000e-11 0 0
3.400000e-11 0 0
3.450000e-11 0 0
3.500000e-11 0 0
3.550000e-11 0 0
3.600000e-11 0 0
3.650000e-11 0 0
3.700000e-11 0 0
3.750000e-11 0 0
3.800000e-11 0 0
3.850000e-11 0 0
3.900000e-11 0 0
3.950000e-11 0 0
4.000000e-11 0 0
4.050000e-11 0 0
4.100000e-11 0 0
4.150000e-11 0 0
4.200000e-11 0 0
4.250000e-11 0 0
4.300000e-11 0 0
4.350000e-11 0 0
4.400000e-11 0 0
4.450000e-11 0 0
4.500000e-11 0 0
4.550000e-11 0 0
4.600000e-11 0 0
4.650000e-11 0 0
4.700000e-11 0 0
4.750000e-11 0 0
4.800000e-11 0 0
4.850000e-11 0 0
4.900000e-11 0 0
4.950000e-11 0 0
5.000000e-11 0 0
5.050000e-11 0 0
5.100000e-11 0 0
5.150000e-11 0 0
5.200000e-11 0 0
5.250000e-11 0 0
5.300000e-11 0 0
5.350000e-11 0 0
5.400000e-11 0 0
5.450000e-11 0 0
5.500000e-11 0 0
5.550000e-11 0 0
5.600000e-11 0 0
5.650000e-11 0 0
5.700000e-11 0 0
5.750000e-11 0 0
5.800000e-11 0 0
5.850000e-11 0 0
5.900000e-11 0 0
5.950000e-11 0 0
6.000000e-11 0 0
6.050000e-11 0 0
6.100000e-11 0 0
6.150000e-11 0 0
6.200000e-11 0 0
6.250000e-11 0 0
6.300000e-11 0 0
6.350000e-11 0 0
6.400000e-11 0 0
6.450000e-11 0 0
6.500000e-11 0 0
6.550000e-11 0 0
6.600000e-11 0 0
6.650000e-11 0 0
6.700000e-11 0 0
6.750000e-11 0 0
6.800000e-11 0 0
6.850000e-11 0 0
6.900000e-11 0 0
6.950000e-11 0 0
7.000000e-11 0 0
7.050000e-11 0 0
7.100000e-11 0 0
7.150000e-11 0 0
7.200000e-11 0 0
7.250000e-11 0 0
7.300000e-11 0 0
7.350000e-11 0 0
7.400000e-11 0 0
7.450000e-11 0 0
7.500000e-11 0 0
7.550000e-11 0 0
7.600000e-11 0 0
7.650000e-11 0 0
7.700000e-11 0 0
7.750000e-11 0 0
7.800000e-11 0 0
7.850000e-11 0 0
7.900000e-11 0 0
7.950000e-11 0 0
8.000000e-11 0 0
8.050000e-11 0 0
8.100000e-11 0 0
8.150000e-11 0 0
8.200000e-11 0 0
8.250000e-11 0 0
8.300000e-11 0 0
8.350000e-11 0 0
8.400000e-11 0 0
8.450000e-11 0 0
8.500000e-11 0 0
8.550000e-11 0 0
8.600000e-11 0 0
8.650000e-11 0 0
8.700000e-11 0 0
8.750000e-11 0 0
8.800000e-11 0 0
8.850000e-11 0 0
8.900000e-11 0 0
8.950000e-11 0 0
9.000000e-11 0 0
9.050000e-11 0 0
9.100000e-11 0 0
9.150000e-11 0 0
9.200000e-11 0 0
9.250000e-11 0 0
9.300000e-11 0 0
9.350000e-11 0 0
9.400000e-11 0 0
9.450000e-11 0 0
9.500000e-11 0 0
9.550000e-11 0 0
9.600000e-11 0 0
9.650000e-11 0 0
9.700000e-11 0 0
9.750000e-11 0 0
9.800000e-11 0 0
9.850000e-11 0 0
9.900000e-11 0 0
9.950000e-11 0 0
1.000000e-10 0 0
1.005000e-10 0 0
1.010000e-10 0 0
1.015000e-10 0 0
1.020000e-10 0 0
1.025000e-10 0 0
1.030000e-10 0 0
1.035000e-10 0 0
1.040000e-10 0 0
1.045000e-10 0 0
1.050000e-10 0 0
1.055000e-10 0 0
1.060000e-10 0 0
1.065000e-10 0 0
1.070000e-10 0 0
1.075000e-10 0 0
1.080000e-10 0 0
1.085000e-10 0 0
1.090000e-10 0 0
1.095000e-10 0 0
1.100000e-10 0 0
1.105000e-10 0 0
1.110000e-10 0 0
1.115000e-10 0 0
1.120000e-10 0 0
1.125000e-10 0 0
1.130000e-10 0 0
1.135000e-10 0 0
1.140000e-10 0 0
1.145000e-10 0 0
1.150000e-10 0 0
1.155000e-10 0 0
1.160000e-10 0 0
1.165000e-10 0 0
1.170000e-10 0 0
1.175000e-10 0 0
1.180000e-10 0 0
1.185000e-10 0 0
1.190000e-10 0 0
1.195000e-10 0 0
1.200000e-10 0 0
1.205000e-10 0 0
1.210000e-10 0 0
1.215000e-10 0 0
1.220000e-10 0 0
1.225000e-10 0 0
1.230000e-10 0 0
1.235000e-10 0 0
1.240000e-10 0 0
1.245000e-10 0 0
1.250000e-10 0 0
1.255000e-10 0 0
1.260000e-10 0 0
1.265000e-10 0 0
1.270000e-10 0 0
1.275000e-10 0 0
1.280000e-10 0 0
1.285000e-10 0 0
1.290000e-10 0 0
1.295000e-10 0 0
1.300000e-10 0 0
1.305000e-10 0 0
1.310000e-10 0 0
1.315000e-10 0 0
1.320000e-10 0 0
1.325000e-10 0 0
1.330000e-10 0 0
1.335000e-10 0 0
1.340000e-10 0 0
1.345000e-10 0 0
1.350000e-10 0 0
1.355000e-10 0 0
1.360000e-10 0 0
1.365000e-10 0 0
1.370000e-10 0 0
1.375000e-10 0 0
1.380000e-10 0 0
1.385000e-10 0 0
1.390000e-10 0 0
1.395000e-10 0 0
1.400000e-10 0 0
1.405000e-10 0 0
1.410000e-10 0 0
1.415000e-10 0 0
1.420000e-10 0 0
1.425000e-10 0 0
1.430000e-10 0 0
1.435000e-10 0 0
1.440000e-10 0 0
1.445000e-10 0 0
1.450000e-10 0 0
1.455000e-10 0 0
1.460000e-10 0 0
1.465000e-10 0 0
1.470000e-10 0 0
1.475000e-10 0 0
1.480000e-10 0 0
1.485000e-10 0 0
1.490000e-10 0 0
1.495000e-10 0 0
1.500000e-10 0 0
1.505000e-10 0 0
1.510000e-10 0 0
1.515000e-10 0 0
1.520000e-10 0 0
1.525000e-10 0 0
1.530000e-10 0 0
1.535000e-10 0 0
1.540000e-10 0 0
1.545000e-10 0 0
1.550000e-10 0 0
1.555000e-10 0 0
1.560000e-10 0 0
1.565000e-10 0 0
1.570000e-10 0 0
1.575000e-10 0 0
1.580000e-10 0 0
1.585000e-10 0 0
1.590000e-10 0 0
1.595000e-10 0 0
1.600000e-10 0 0
1.605000e-10 0 0
1.610000e-10 0 0
1.615000e-10 0 0
1.620000e-10 0 0
1.625000e-10 0 0
1.630000e-10 0 0
1.635000e-10 0 0
1.640000e-10 0 0
1.645000e-10 0 0
1.650000e-10 0 0
1.655000e-10 0 0
1.660000e-10 0 0
1.665000e-10 0 0
1.670000e-10 0 0
1.675000e-10 0 0
1.680000e-10 0 0
1.685000e-10 0 0
1.690000e-10 0 0
1.695000e-10 0 0
1.700000e-10 0 0
1.705000e-10 0 0
1.710000e-10 0 0
1.715000e-10 0 0
1.720000e-10 0 0
1.725000e-10 0 0
1.730000e-10 0 0
1.735000e-10 0 0
1.740000e-10 0 0
1.745000e-10 0 0
1.750000e-10 0 0
1.755000e-10 0 0
1.760000e-10 0 0
1.765000e-10 0 0
1.770000e-10 0 0
1.775000e-10 0 0
1.780000e-10 0 0
1.785000e-10 0 0
1.790000e-10 0 0
1.795000e-10 0 0
1.800000e-10 0 0
1.805000e-10 0 0
1.810000e-10 0 0
1.815000e-10 0 0
1.820000e-10 0 0
1.825000e-10 0 0
1.830000e-10 0 0
1.835000e-10 0 0
1.840000e-10 0 0
1.845000e-10 0 0
1.850000e-10 0 0
1.855000e-10 0 0
1.860000e-10 0 0
1.865000e-10 0 0
1.870000e-10 0 0
1.875000e-10 0 0
1.880000e-10 0 0
1.885000e-10 0 0
1.890000e-10 0 0
1.895000e-10 0 0
1.900000e-10 0 0
1.905000e-10 0 0
1.910000e-10 0 0
1.915000e-10 0 0
1.920000e-10 0 0
1.925000e-10 0 0
1.930000e-10 0 0
1.935000e-10 0 0
1.940000e-10 0 0
1.945000e-10 0 0
1.950000e-10 0 0
1.955000e-10 0 0
1.960000e-10 0 0
1.965000e-10 0 0
1.970000e-10 0 0
1.975000e-10 0 0
1.980000e-10 0 0
1.985000e-10 0 0
1.990000e-10 0 0
1.995000e-10 0 0
2.000000e-10 0 0
2.005000e-10 0 0
2.010000e-10 0 0
2.015000e-10 0 0
2.020000e-10 0 0
2.025000e-10 0 0
2.030000e-10 0 0
2.035000e-10 0 0
2.040000e-10 0 0
2.045000e-10 0 0
2.050000e-10 0 0
2.055000e-10 0 0
2.060000e-10 0 0
2.065000e-10 0 0
2.070000e-10 0 0
2.075000e-10 0 0
2.080000e-10 0 0
2.085000e-10 0 0
2.090000e-10 0 0
2.095000e-10 0 0
2.100000e-10 0 0
2.105000e-10 0 0
2.110000e-10 0 0
2.115000e-10 0 0
2.120000e-10 0 0
2.125000e-10 0 0
2.130000e-10 0 0
2.135000e-10 0 0
2.140000e-10 0 0
2.145000e-10 0 0
2.150000e-10 0 0
2.155000e-10 0 0
2.160000e-10 0 0
2.165000e-10 0 0
2.170000e-10 0 0
2.175000e-10 0 0
2.180000e-10 0 0
2.185000e-10 0 0
2.190000e-10 0 0
2.195000e-10 0 0
2.200000e-10 0 0
2.205000e-10 0 0
2.210000e-10 0 0
2.215000e-10 0 0
2.220000e-10 0 0
2.225000e-10 0 0
2.230000e-10 0 0
2.235000e-10 0 0
2.240000e-10 0 0
2.245000e-10 0 0
2.250000e-10 0 0
2.255000e-10 0 0
2.260000e-10 0 0
2.265000e-10 0 0
2.270000e-10 0 0
2.275000e-10 0 0
2.280000e-10 0 0
2.285000e-10 0 0
2.290000e-10 0 0
2.295000e-10 0 0
2.300000e-10 0 0
2.305000e-10 0 0
2.310000e-10 0 0
2.315000e-10 0 0
2.320000e-10 0 0
2.325000e-10 0 0
2.330000e-10 0 0
2.335000e-10 0 0
2.340000e-10 0 0
2.345000e-10 0 0
2.350000e-10 0 0
2.355000e-10 0 0
2.360000e-10 0 0
2.365000e-10 0 0
2.370000e-10 0 0
2.375000e-10 0 0
2.380000e-10 0 0
2.385000e-10 0 0
2.390000e-10 0 0
2.395000e-10 0 0
2.400000e-10 0 0
2.405000e-10 0 0
2.410000e-10 0 0
2.415000e-10 0 0
2.420000e-10 0 0
2.425000e-10 0 0
2.430000e-10 0 0
2.435000e-10 0 0
2.440000e-10 0 0
2.445000e-10 0 0
2.450000e-10 0 0
2.455000e-10 0 0
2.460000e-10 0 0
2.465000e-10 0 0
2.470000e-10 0 0
2.475000e-10 0 0
2.480000e-10 0 0
2.485000e-10 0 0
2.490000e-10 0 0
2.495000e-10 0 0
2.505000e-10 0.000000e+00 0
2.510000e-10 6.040556e-06 0
2.515000e-10 8.495309e-06 0
2.520000e-10 1.034694e-05 0
2.525000e-10 1.188143e-05 0
2.530000e-10 1.321025e-05 0
2.535000e-10 1.439093e-05 0
2.540000e-10 1.545786e-05 0
2.545000e-10 1.643360e-05 0
2.550000e-10 1.733390e-05 0
2.555000e-10 1.817030e-05 0
2.560000e-10 1.895160e-05 0
2.565000e-10 1.968463e-05 0
2.570000e-10 2.037491e-05 0
2.575000e-10 2.102690e-05 0
2.580000e-10 2.164433e-05 0
2.585000e-10 2.223032e-05 0
2.590000e-10 2.278754e-05 0
2.595000e-10 2.331828e-05 0
2.600000e-10 2.382453e-05 0
2.605000e-10 2.430803e-05 0
2.610000e-10 2.477032e-05 0
2.615000e-10 2.521277e-05 0
2.620000e-10 2.563660e-05 0
2.625000e-10 2.604290e-05 0
2.630000e-10 2.643267e-05 0
2.635000e-10 2.680680e-05 0
2.640000e-10 2.716610e-05 0
2.645000e-10 2.751134e-05 0
2.650000e-10 2.784319e-05 0
2.655000e-10 2.816228e-05 0
2.660000e-10 2.846921e-05 0
2.665000e-10 2.876449e-05 0
2.670000e-10 2.904865e-05 0
2.675000e-10 2.932214e-05 0
2.680000e-10 2.958541e-05 0
2.685000e-10 2.983884e-05 0
2.690000e-10 3.008284e-05 0
2.695000e-10 3.031776e-05 0
2.700000e-10 3.054392e-05 0
2.705000e-10 3.076166e-05 0
2.710000e-10 3.097127e-05 0
2.715000e-10 3.117302e-05 0
2.720000e-10 3.136720e-05 0
2.725000e-10 3.155405e-05 0
2.730000e-10 3.173382e-05 0
2.735000e-10 3.190672e-05 0
2.740000e-10 3.207299e-05 0
2.745000e-10 3.223283e-05 0
2.750000e-10 3.238643e-05 0
2.755000e-10 3.253399e-05 0
2.760000e-10 3.267568e-05 0
2.765000e-10 3.281168e-05 0
2.770000e-10 3.294215e-05 0
2.775000e-10 3.306726e-05 0
2.780000e-10 3.318715e-05 0
2.785000e-10 3.330196e-05 0
2.790000e-10 3.341185e-05 0
2.795000e-10 3.351694e-05 0
2.800000e-10 3.361736e-05 0
2.805000e-10 3.371324e-05 0.000000e+00
2.810000e-10 3.380469e-05 5.575898e-06
2.815000e-10 3.389184e-05 7.841823e-06
2.820000e-10 3.397480e-05 9.551024e-06
2.825000e-10 3.405366e-05 1.096747e-05
2.830000e-10 3.412854e-05 1.219407e-05
2.835000e-10 3.419954e-05 1.328393e-05
2.840000e-10 3.426676e-05 1.426880e-05
2.845000e-10 3.433028e-05 1.516948e-05
2.850000e-10 3.439020e-05 1.600052e-05
2.855000e-10 3.444660e-05 1.677259e-05
2.860000e-10 3.449958e-05 1.749378e-05
2.865000e-10 3.454921e-05 1.817043e-05
2.870000e-10 3.459557e-05 1.880761e-05
2.875000e-10 3.463875e-05 1.940944e-05
2.880000e-10 3.467882e-05 1.997938e-05
2.885000e-10 3.471584e-05 2.052029e-05
2.890000e-10 3.474989e-05 2.103465e-05
2.895000e-10 3.478105e-05 2.152456e-05
2.900000e-10 3.480937e-05 2.199187e-05
2.905000e-10 3.483492e-05 2.243818e-05
2.910000e-10 3.485777e-05 2.286491e-05
2.915000e-10 3.487798e-05 2.327333e-05
2.920000e-10 3.489560e-05 2.366455e-05
2.925000e-10 3.491070e-05 2.403960e-05
2.930000e-10 3.492333e-05 2.439938e-05
2.935000e-10 3.493354e-05 2.474473e-05
2.940000e-10 3.494140e-05 2.507640e-05
2.945000e-10 3.494695e-05 2.539508e-05
2.950000e-10 3.495024e-05 2.570141e-05
2.955000e-10 3.495133e-05 2.599595e-05
2.960000e-10 3.495026e-05 2.627927e-05
2.965000e-10 3.494708e-05 2.655184e-05
2.970000e-10 3.494183e-05 2.681414e-05
2.975000e-10 3.493457e-05 2.706659e-05
2.980000e-10 3.492533e-05 2.730961e-05
2.985000e-10 3.491416e-05 2.754355e-05
2.990000e-10 3.490109e-05 2.776878e-05
2.995000e-10 3.488618e-05 2.798562e-05
3.000000e-10 3.486947e-05 2.819439e-05
3.005000e-10 3.485098e-05 2.839538e-05
3.010000e-10 3.483075e-05 2.858886e-05
3.015000e-10 3.480884e-05 2.877510e-05
3.020000e-10 3.478526e-05 2.895434e-05
3.025000e-10 3.476007e-05 2.912682e-05
3.030000e-10 3.473328e-05 2.929275e-05
3.035000e-10 3.470495e-05 2.945236e-05
3.040000e-10 3.467509e-05 2.960584e-05
3.045000e-10 3.464375e-05 2.975338e-05
3.050000e-10 3.461095e-05 2.989517e-05
3.055000e-10 3.457672e-05 3.003137e-05
3.060000e-10 3.454110e-05 3.016217e-05
3.065000e-10 3.450412e-05 3.028771e-05
3.070000e-10 3.446581e-05 3.040814e-05
3.075000e-10 3.442619e-05 3.052362e-05
3.080000e-10 3.438529e-05 3.063429e-05
3.085000e-10 3.434314e-05 3.074027e-05
3.090000e-10 3.429977e-05 3.084171e-05
3.095000e-10 3.425520e-05 3.093871e-05
3.100000e-10 3.420946e-05 3.103141e-05
3.105000e-10 3.416258e-05 3.111991e-05
3.110000e-10 3.411457e-05 3.120433e-05
3.115000e-10 3.406547e-05 3.128478e-05
3.120000e-10 3.401530e-05 3.136135e-05
3.125000e-10 3.396408e-05 3.143415e-05
3.130000e-10 3.391183e-05 3.150327e-05
3.135000e-10 3.385858e-05 3.156881e-05
3.140000e-10 3.380435e-05 3.163085e-05
3.145000e-10 3.374916e-05 3.168949e-05
3.150000e-10 3.369303e-05 3.174480e-05
3.155000e-10 3.363599e-05 3.179686e-05
3.160000e-10 3.357805e-05 3.184576e-05
3.165000e-10 3.351923e-05 3.189158e-05
3.170000e-10 3.345955e-05 3.193438e-05
3.175000e-10 3.339904e-05 3.197423e-05
3.180000e-10 3.333770e-05 3.201121e-05
3.185000e-10 3.327557e-05 3.204539e-05
3.190000e-10 3.321265e-05 3.207683e-05
3.195000e-10 3.314897e-05 3.210558e-05
3.200000e-10 3.308455e-05 3.213173e-05
3.205000e-10 3.301939e-05 3.215532e-05
3.210000e-10 3.295352e-05 3.217641e-05
3.215000e-10 3.288696e-05 3.219506e-05
3.220000e-10 3.281972e-05 3.221132e-05
3.225000e-10 3.275181e-05 3.222526e-05
3.230000e-10 3.268326e-05 3.223692e-05
3.235000e-10 3.261407e-05 3.224635e-05
3.240000e-10 3.254427e-05 3.225360e-05
3.245000e-10 3.247386e-05 3.225872e-05
3.250000e-10 3.240287e-05 3.226176e-05
3.255000e-10 3.233130e-05 3.226276e-05
3.260000e-10 3.225918e-05 3.226177e-05
3.265000e-10 3.218651e-05 3.225884e-05
3.270000e-10 3.211331e-05 3.225400e-05
3.275000e-10 3.203959e-05 3.224729e-05
3.280000e-10 3.196537e-05 3.223876e-05
3.285000e-10 3.189065e-05 3.222845e-05
3.290000e-10 3.181546e-05 3.221640e-05
3.295000e-10 3.173980e-05 3.220263e-05
3.300000e-10 3.166368e-05 3.218720e-05
3.305000e-10 3.158713e-05 3.217013e-05
3.310000e-10 3.151014e-05 3.215147e-05
3.315000e-10 3.143273e-05 3.213124e-05
3.320000e-10 3.135492e-05 3.210948e-05
3.325000e-10 3.127671e-05 3.208622e-05
3.330000e-10 3.119811e-05 3.206149e-05
3.335000e-10 3.111915e-05 3.203534e-05
3.340000e-10 3.103981e-05 3.200778e-05
3.345000e-10 3.096013e-05 3.197884e-05
3.350000e-10 3.088010e-05 3.194857e-05
3.355000e-10 3.079974e-05 3.191697e-05
3.360000e-10 3.071906e-05 3.188410e-05
3.365000e-10 3.063807e-05 3.184996e-05
3.370000e-10 3.055677e-05 3.181459e-05
3.375000e-10 3.047518e-05 3.177802e-05
3.380000e-10 3.039331e-05 3.174027e-05
3.385000e-10 3.031116e-05 3.170136e-05
3.390000e-10 3.022874e-05 3.166132e-05
3.395000e-10 3.014607e-05 3.162018e-05
3.400000e-10 3.006315e-05 3.157796e-05
3.405000e-10 2.997999e-05 3.153469e-05
3.410000e-10 2.989659e-05 3.149037e-05
3.415000e-10 2.981298e-05 3.144505e-05
3.420000e-10 2.972915e-05 3.139874e-05
3.425000e-10 2.964511e-05 3.135146e-05
3.430000e-10 2.956088e-05 3.130323e-05
3.435000e-10 2.947645e-05 3.125408e-05
3.440000e-10 2.939184e-05 3.120402e-05
3.445000e-10 2.930705e-05 3.115307e-05
3.450000e-10 2.922210e-05 3.110126e-05
3.455000e-10 2.913698e-05 3.104861e-05
3.460000e-10 2.905171e-05 3.099512e-05
3.465000e-10 2.896629e-05 3.094083e-05
3.470000e-10 2.888073e-05 3.088574e-05
3.475000e-10 2.879503e-05 3.082988e-05
3.480000e-10 2.870921e-05 3.077326e-05
3.485000e-10 2.862327e-05 3.071591e-05
3.490000e-10 2.853721e-05 3.065783e-05
3.495000e-10 2.845105e-05 3.059905e-05
3.500000e-10 2.836479e-05 3.053958e-05
3.505000e-10 2.827843e-05 3.047944e-05
3.510000e-10 2.819198e-05 3.041864e-05
3.515000e-10 2.810544e-05 3.035719e-05
3.520000e-10 2.801883e-05 3.029512e-05
3.525000e-10 2.793215e-05 3.023244e-05
3.530000e-10 2.784540e-05 3.016916e-05
3.535000e-10 2.775859e-05 3.010530e-05
3.540000e-10 2.767172e-05 3.004086e-05
3.545000e-10 2.758481e-05 2.997587e-05
3.550000e-10 2.749784e-05 2.991034e-05
3.555000e-10 2.741084e-05 2.984428e-05
3.560000e-10 2.732381e-05 2.977770e-05
3.565000e-10 2.723674e-05 2.971062e-05
3.570000e-10 2.714966e-05 2.964305e-05
3.575000e-10 2.706255e-05 2.957501e-05
3.580000e-10 2.697542e-05 2.950649e-05
3.585000e-10 2.688829e-05 2.943753e-05
3.590000e-10 2.680115e-05 2.936812e-05
3.595000e-10 2.671401e-05 2.929827e-05
3.600000e-10 2.662687e-05 2.922801e-05
3.605000e-10 2.653974e-05 2.915735e-05
3.610000e-10 2.645262e-05 2.908628e-05
3.615000e-10 2.636552e-05 2.901483e-05
3.620000e-10 2.627843e-05 2.894300e-05
3.625000e-10 2.619138e-05 2.887081e-05
3.630000e-10 2.610435e-05 2.879826e-05
3.635000e-10 2.601735e-05 2.872537e-05
3.640000e-10 2.593039e-05 2.865214e-05
3.645000e-10 2.584346e-05 2.857858e-05
3.650000e-10 2.575659e-05 2.850471e-05
3.655000e-10 2.566976e-05 2.843053e-05
3.660000e-10 2.558298e-05 2.835606e-05
3.665000e-10 2.549625e-05 2.828129e-05
3.670000e-10 2.540958e-05 2.820625e-05
3.675000e-10 2.532298e-05 2.813094e-05
3.680000e-10 2.523644e-05 2.805536e-05
3.685000e-10 2.514996e-05 2.797953e-05
3.690000e-10 2.506356e-05 2.790345e-05
3.695000e-10 2.497723e-05 2.782714e-05
3.700000e-10 2.489098e-05 2.775060e-05
3.705000e-10 2.480481e-05 2.767383e-05
3.710000e-10 2.471873e-05 2.759686e-05
3.715000e-10 2.463273e-05 2.751967e-05
3.720000e-10 2.454682e-05 2.744229e-05
3.725000e-10 2.446100e-05 2.736472e-05
3.730000e-10 2.437528e-05 2.728696e-05
3.735000e-10 2.428966e-05 2.720903e-05
3.740000e-10 2.420414e-05 2.713093e-05
3.745000e-10 2.411872e-05 2.705266e-05
3.750000e-10 2.403340e-05 2.697424e-05
3.755000e-10 2.394820e-05 2.689567e-05
3.760000e-10 2.386311e-05 2.681696e-05
3.765000e-10 2.377813e-05 2.673811e-05
3.770000e-10 2.369326e-05 2.665913e-05
3.775000e-10 2.360852e-05 2.658003e-05
3.780000e-10 2.352389e-05 2.650081e-05
3.785000e-10 2.343939e-05 2.642148e-05
3.790000e-10 2.335502e-05 2.634204e-05
3.795000e-10 2.327077e-05 2.626251e-05
3.800000e-10 2.318665e-05 2.618288e-05
3.805000e-10 2.310266e-05 2.610316e-05
3.810000e-10 2.301881e-05 2.602336e-05
3.815000e-10 2.293510e-05 2.594348e-05
3.820000e-10 2.285152e-05 2.586354e-05
3.825000e-10 2.276808e-05 2.578352e-05
3.830000e-10 2.268478e-05 2.570344e-05
3.835000e-10 2.260163e-05 2.562331e-05
3.840000e-10 2.251862e-05 2.554313e-05
3.845000e-10 2.243576e-05 2.546290e-05
3.850000e-10 2.235305e-05 2.538263e-05
3.855000e-10 2.227049e-05 2.530232e-05
3.860000e-10 2.218809e-05 2.522198e-05
3.865000e-10 2.210583e-05 2.514161e-05
3.870000e-10 2.202374e-05 2.506122e-05
3.875000e-10 2.194180e-05 2.498081e-05
3.880000e-10 2.186002e-05 2.490039e-05
3.885000e-10 2.177840e-05 2.481996e-05
3.890000e-10 2.169694e-05 2.473952e-05
3.895000e-10 2.161565e-05 2.465908e-05
3.900000e-10 2.153453e-05 2.457865e-05
3.905000e-10 2.145357e-05 2.449822e-05
3.910000e-10 2.137277e-05 2.441780e-05
3.915000e-10 2.129215e-05 2.433740e-05
3.920000e-10 2.121170e-05 2.425702e-05
3.925000e-10 2.113142e-05 2.417665e-05
3.930000e-10 2.105131e-05 2.409632e-05
3.935000e-10 2.097138e-05 2.401601e-05
3.940000e-10 2.089162e-05 2.393574e-05
3.945000e-10 2.081204e-05 2.385551e-05
3.950000e-10 2.073264e-05 2.377531e-05
3.955000e-10 2.065342e-05 2.369516e-05
3.960000e-10 2.057438e-05 2.361505e-05
3.965000e-10 2.049552e-05 2.353500e-05
3.970000e-10 2.041684e-05 2.345500e-05
3.975000e-10 2.033835e-05 2.337506e-05
3.980000e-10 2.026004e-05 2.329517e-05
3.985000e-10 2.018191e-05 2.321535e-05
3.990000e-10 2.010398e-05 2.313559e-05
3.995000e-10 2.002623e-05 2.305591e-05
4.000000e-10 1.994867e-05 2.297629e-05
4.005000e-10 1.987129e-05 2.289675e-05
4.010000e-10 1.979411e-05 2.281729e-05
4.015000e-10 1.971712e-05 2.273790e-05
4.020000e-10 1.964032e-05 2.265860e-05
4.025000e-10 1.956371e-05 2.257939e-05
4.030000e-10 1.948730e-05 2.250026e-05
4.035000e-10 1.941108e-05 2.242122e-05
4.040000e-10 1.933506e-05 2.234228e-05
4.045000e-10 1.925923e-05 2.226343e-05
4.050000e-10 1.918360e-05 2.218468e-05
4.055000e-10 1.910816e-05 2.210603e-05
4.060000e-10 1.903292e-05 2.202748e-05
4.065000e-10 1.895788e-05 2.194904e-05
4.070000e-10 1.888304e-05 2.187071e-05
4.075000e-10 1.880840e-05 2.179248e-05
4.080000e-10 1.873396e-05 2.171436e-05
4.085000e-10 1.865972e-05 2.163636e-05
4.090000e-10 1.858568e-05 2.155848e-05
4.095000e-10 1.851184e-05 2.148071e-05
4.100000e-10 1.843821e-05 2.140306e-05
4.105000e-10 1.836477e-05 2.132554e-05
4.110000e-10 1.829154e-05 2.124813e-05
4.115000e-10 1.821852e-05 2.117086e-05
4.120000e-10 1.814569e-05 2.109371e-05
4.125000e-10 1.807308e-05 2.101669e-05
4.130000e-10 1.800066e-05 2.093980e-05
4.135000e-10 1.792846e-05 2.086304e-05
4.140000e-10 1.785645e-05 2.078642e-05
4.145000e-10 1.778466e-05 2.070993e-05
4.150000e-10 1.771307e-05 2.063359e-05
4.155000e-10 1.764169e-05 2.055738e-05
4.160000e-10 1.757051e-05 2.048131e-05
4.165000e-10 1.749954e-05 2.040538e-05
4.170000e-10 1.742878e-05 2.032960e-05
4.175000e-10 1.735823e-05 2.025397e-05
4.180000e-10 1.728788e-05 2.017848e-05
4.185000e-10 1.721774e-05 2.010314e-05
4.190000e-10 1.714782e-05 2.002795e-05
4.195000e-10 1.707810e-05 1.995291e-05
4.200000e-10 1.700859e-05 1.987802e-05
4.205000e-10 1.693929e-05 1.980329e-05
4.210000e-10 1.687019e-05 1.972871e-05
4.215000e-10 1.680131e-05 1.965429e-05
4.220000e-10 1.673264e-05 1.958003e-05
4.225000e-10 1.666418e-05 1.950592e-05
4.230000e-10 1.659592e-05 1.943198e-05
4.235000e-10 1.652788e-05 1.935820e-05
4.240000e-10 1.646005e-05 1.928457e-05
4.245000e-10 1.639243e-05 1.921112e-05
4.250000e-10 1.632502e-05 1.913782e-05
4.255000e-10 1.625782e-05 1.906470e-05
4.260000e-10 1.619082e-05 1.899173e-05
4.265000e-10 1.612404e-05 1.891894e-05
4.270000e-10 1.605748e-05 1.884632e-05
4.275000e-10 1.599112e-05 1.877386e-05
4.280000e-10 1.592497e-05 1.870157e-05
4.285000e-10 1.585903e-05 1.862946e-05
4.290000e-10 1.579331e-05 1.855752e-05
4.295000e-10 1.572779e-05 1.848575e-05
4.300000e-10 1.566248e-05 1.841415e-05
4.305000e-10 1.559739e-05 1.834273e-05
4.310000e-10 1.553251e-05 1.827149e-05
4.315000e-10 1.546783e-05 1.820042e-05
4.320000e-10 1.540337e-05 1.812953e-05
4.325000e-10 1.533912e-05 1.805881e-05
4.330000e-10 1.527508e-05 1.798828e-05
4.335000e-10 1.521124e-05 1.791792e-05
4.340000e-10 1.514762e-05 1.784775e-05
4.345000e-10 1.508421e-05 1.777775e-05
4.350000e-10 1.502101e-05 1.770794e-05
4.355000e-10 1.495802e-05 1.763830e-05
4.360000e-10 1.489524e-05 1.756885e-05
4.365000e-10 1.483267e-05 1.749958e-05
4.370000e-10 1.477030e-05 1.743050e-05
4.375000e-10 1.470815e-05 1.736160e-05
4.380000e-10 1.464621e-05 1.729289e-05
4.385000e-10 1.458447e-05 1.722436e-05
4.390000e-10 1.452294e-05 1.715601e-05
4.395000e-10 1.446163e-05 1.708785e-05
4.400000e-10 1.440052e-05 1.701988e-05
4.405000e-10 1.433962e-05 1.695210e-05
4.410000e-10 1.427892e-05 1.688450e-05
4.415000e-10 1.421844e-05 1.681709e-05
4.420000e-10 1.415816e-05 1.674987e-05
4.425000e-10 1.409809e-05 1.668284e-05
4.430000e-10 1.403823e-05 1.661600e-05
4.435000e-10 1.397858e-05 1.654934e-05
4.440000e-10 1.391913e-05 1.648288e-05
4.445000e-10 1.385989e-05 1.641661e-05
4.450000e-10 1.380085e-05 1.635052e-05
4.455000e-10 1.374202e-05 1.628463e-05
4.460000e-10 1.368340e-05 1.621893e-05
4.465000e-10 1.362498e-05 1.615342e-05
4.470000e-10 1.356677e-05 1.608810e-05
4.475000e-10 1.350876e-05 1.602298e-05
4.480000e-10 1.345095e-05 1.595804e-05
4.485000e-10 1.339336e-05 1.589330e-05
4.490000e-10 1.333596e-05 1.582875e-05
4.495000e-10 1.327877e-05 1.576440e-05
4.500000e-10 1.322178e-05 1.570023e-05
4.505000e-10 1.316500e-05 1.563626e-05
4.510000e-10 1.310842e-05 1.557249e-05
4.515000e-10 1.305204e-05 1.550890e-05
4.520000e-10 1.299586e-05 1.544551e-05
4.525000e-10 1.293989e-05 1.538232e-05
4.530000e-10 1.288411e-05 1.531931e-05
4.535000e-10 1.282854e-05 1.525651e-05
4.540000e-10 1.277317e-05 1.519389e-05
4.545000e-10 1.271800e-05 1.513147e-05
4.550000e-10 1.266303e-05 1.506925e-05
4.555000e-10 1.260826e-05 1.500721e-05
4.560000e-10 1.255369e-05 1.494538e-05
4.565000e-10 1.249932e-05 1.488373e-05
4.570000e-10 1.244515e-05 1.482229e-05
4.575000e-10 1.239118e-05 1.476103e-05
4.580000e-10 1.233740e-05 1.469997e-05
4.585000e-10 1.228382e-05 1.463911e-05
4.590000e-10 1.223044e-05 1.457844e-05
4.595000e-10 1.217726e-05 1.451796e-05
4.600000e-10 1.212427e-05 1.445768e-05
4.605000e-10 1.207148e-05 1.439759e-05
4.610000e-10 1.201888e-05 1.433770e-05
4.615000e-10 1.196648e-05 1.427800e-05
4.620000e-10 1.191428e-05 1.421850e-05
4.625000e-10 1.186227e-05 1.415919e-05
4.630000e-10 1.181045e-05 1.410007e-05
4.635000e-10 1.175883e-05 1.404115e-05
4.640000e-10 1.170740e-05 1.398242e-05
4.645000e-10 1.165617e-05 1.392389e-05
4.650000e-10 1.160512e-05 1.386555e-05
4.655000e-10 1.155427e-05 1.380740e-05
4.660000e-10 1.150361e-05 1.374945e-05
4.665000e-10 1.145315e-05 1.369169e-05
4.670000e-10 1.140287e-05 1.363413e-05
4.675000e-10 1.135278e-05 1.357675e-05
4.680000e-10 1.130288e-05 1.351957e-05
4.685000e-10 1.125318e-05 1.346259e-05
4.690000e-10 1.120366e-05 1.340579e-05
4.695000e-10 1.115433e-05 1.334919e-05
4.700000e-10 1.110519e-05 1.329279e-05
4.705000e-10 1.105623e-05 1.323657e-05
4.710000e-10 1.100747e-05 1.318055e-05
4.715000e-10 1.095889e-05 1.312471e-05
4.720000e-10 1.091050e-05 1.306907e-05
4.725000e-10 1.086229e-05 1.301362e-05
4.730000e-10 1.081427e-05 1.295837e-05
4.735000e-10 1.076643e-05 1.290330e-05
4.740000e-10 1.071878e-05 1.284843e-05
4.745000e-10 1.067132e-05 1.279374e-05
4.750000e-10 1.062403e-05 1.273925e-05
4.755000e-10 1.057693e-05 1.268494e-05
4.760000e-10 1.053001e-05 1.263083e-05
4.765000e-10 1.048328e-05 1.257690e-05
4.770000e-10 1.043673e-05 1.252317e-05
4.775000e-10 1.039036e-05 1.246962e-05
4.780000e-10 1.034416e-05 1.241627e-05
4.785000e-10 1.029815e-05 1.236310e-05
4.790000e-10 1.025232e-05 1.231012e-05
4.795000e-10 1.020667e-05 1.225733e-05
4.800000e-10 1.016120e-05 1.220472e-05
4.805000e-10 1.011591e-05 1.215231e-05
4.810000e-10 1.007079e-05 1.210008e-05
4.815000e-10 1.002586e-05 1.204804e-05
4.820000e-10 9.981096e-06 1.199618e-05
4.825000e-10 9.936512e-06 1.194451e-05
4.830000e-10 9.892105e-06 1.189303e-05
4.835000e-10 9.847873e-06 1.184173e-05
4.840000e-10 9.803817e-06 1.179062e-05
4.845000e-10 9.759935e-06 1.173969e-05
4.850000e-10 9.716228e-06 1.168895e-05
4.855000e-10 9.672694e-06 1.163840e-05
4.860000e-10 9.629333e-06 1.158802e-05
4.865000e-10 9.586145e-06 1.153784e-05
4.870000e-10 9.543130e-06 1.148783e-05
4.875000e-10 9.500286e-06 1.143801e-05
4.880000e-10 9.457614e-06 1.138837e-05
4.885000e-10 9.415112e-06 1.133891e-05
4.890000e-10 9.372781e-06 1.128964e-05
4.895000e-10 9.330619e-06 1.124055e-05
4.900000e-10 9.288627e-06 1.119163e-05
4.905000e-10 9.246804e-06 1.114290e-05
4.910000e-10 9.205149e-06 1.109435e-05
4.915000e-10 9.163662e-06 1.104599e-05
4.920000e-10 9.122342e-06 1.099780e-05
4.925000e-10 9.081189e-06 1.094979e-05
4.930000e-10 9.040203e-06 1.090196e-05
4.935000e-10 8.999382e-06 1.085431e-05
4.940000e-10 8.958727e-06 1.080683e-05
4.945000e-10 8.918236e-06 1.075954e-05
4.950000e-10 8.877910e-06 1.071242e-05
4.955000e-10 8.837748e-06 1.066548e-05
4.960000e-10 8.797749e-06 1.061872e-05
4.965000e-10 8.757913e-06 1.057213e-05
4.970000e-10 8.718239e-06 1.052572e-05
4.975000e-10 8.678727e-06 1.047949e-05
4.980000e-10 8.639377e-06 1.043343e-05
4.985000e-10 8.600188e-06 1.038755e-05
4.990000e-10 8.561158e-06 1.034184e-05
4.995000e-10 8.522289e-06 1.029630e-05
5.000000e-10 8.483579e-06 1.025094e-05
5.005000e-10 8.445028e-06 1.020576e-05
5.010000e-10 8.406635e-06 1.016074e-05
5.015000e-10 8.368401e-06 1.011590e-05
5.020000e-10 8.330323e-06 1.007123e-05
5.025000e-10 8.292402e-06 1.002673e-05
5.030000e-10 8.254638e-06 9.982403e-06
5.035000e-10 8.217030e-06 9.938246e-06
5.040000e-10 8.179577e-06 9.894261e-06
5.045000e-10 8.142279e-06 9.850445e-06
5.050000e-10 8.105135e-06 9.806799e-06
5.055000e-10 8.068145e-06 9.763322e-06
5.060000e-10 8.031309e-06 9.720013e-06
5.065000e-10 7.994625e-06 9.676874e-06
5.070000e-10 7.958094e-06 9.633902e-06
5.075000e-10 7.921715e-06 9.591097e-06
5.080000e-10 7.885487e-06 9.548459e-06
5.085000e-10 7.849410e-06 9.505988e-06
5.090000e-10 7.813483e-06 9.463684e-06
5.095000e-10 7.777706e-06 9.421545e-06
5.100000e-10 7.742079e-06 9.379571e-06
5.105000e-10 7.706600e-06 9.337762e-06
5.110000e-10 7.671270e-06 9.296117e-06
5.115000e-10 7.636088e-06 9.254636e-06
5.120000e-10 7.601053e-06 9.213319e-06
5.125000e-10 7.566165e-06 9.172165e-06
5.130000e-10 7.531423e-06 9.131174e-06
5.135000e-10 7.496828e-06 9.090345e-06
5.140000e-10 7.462378e-06 9.049677e-06
5.145000e-10 7.428073e-06 9.009171e-06
5.150000e-10 7.393912e-06 8.968825e-06
5.155000e-10 7.359895e-06 8.928640e-06
5.160000e-10 7.326022e-06 8.888615e-06
5.165000e-10 7.292291e-06 8.848750e-06
5.170000e-10 7.258703e-06 8.809043e-06
5.175000e-10 7.225257e-06 8.769495e-06
5.180000e-10 7.191953e-06 8.730105e-06
5.185000e-10 7.158789e-06 8.690873e-06
5.190000e-10 7.125767e-06 8.651798e-06
5.195000e-10 7.092884e-06 8.612880e-06
5.200000e-10 7.060140e-06 8.574118e-06
5.205000e-10 7.027536e-06 8.535511e-06
5.210000e-10 6.995070e-06 8.497061e-06
5.215000e-10 6.962743e-06 8.458765e-06
5.220000e-10 6.930553e-06 8.420624e-06
5.225000e-10 6.898500e-06 8.382636e-06
5.230000e-10 6.866584e-06 8.344803e-06
5.235000e-10 6.834804e-06 8.307122e-06
5.240000e-10 6.803159e-06 8.269594e-06
5.245000e-10 6.771650e-06 8.232218e-06
5.250000e-10 6.740276e-06 8.194994e-06
5.255000e-10 6.709035e-06 8.157921e-06
5.260000e-10 6.677929e-06 8.120999e-06
5.265000e-10 6.646956e-06 8.084227e-06
5.270000e-10 6.616115e-06 8.047605e-06
5.275000e-10 6.585407e-06 8.011133e-06
5.280000e-10 6.554831e-06 7.974810e-06
5.285000e-10 6.524386e-06 7.938635e-06
5.290000e-10 6.494072e-06 7.902608e-06
5.295000e-10 6.463889e-06 7.866728e-06
5.300000e-10 6.433835e-06 7.830996e-06
5.305000e-10 6.403911e-06 7.795410e-06
5.310000e-10 6.374116e-06 7.759971e-06
5.315000e-10 6.344449e-06 7.724677e-06
5.320000e-10 6.314911e-06 7.689529e-06
5.325000e-10 6.285500e-06 7.654525e-06
5.330000e-10 6.256216e-06 7.619666e-06
5.335000e-10 6.227059e-06 7.584951e-06
5.340000e-10 6.198028e-06 7.550379e-06
5.345000e-10 6.169123e-06 7.515950e-06
5.350000e-10 6.140344e-06 7.481663e-06
5.355000e-10 6.111689e-06 7.447519e-06
5.360000e-10 6.083158e-06 7.413516e-06
5.365000e-10 6.054751e-06 7.379654e-06
5.370000e-10 6.026468e-06 7.345933e-06
5.375000e-10 5.998308e-06 7.312352e-06
5.380000e-10 5.970270e-06 7.278911e-06
5.385000e-10 5.942354e-06 7.245609e-06
5.390000e-10 5.914560e-06 7.212446e-06
5.395000e-10 5.886888e-06 7.179421e-06
5.400000e-10 5.859335e-06 7.146534e-06
5.405000e-10 5.831903e-06 7.113785e-06
5.410000e-10 5.804591e-06 7.081172e-06
5.415000e-10 5.777398e-06 7.048696e-06
5.420000e-10 5.750325e-06 7.016357e-06
5.425000e-10 5.723369e-06 6.984152e-06
5.430000e-10 5.696532e-06 6.952083e-06
5.435000e-10 5.669812e-06 6.920149e-06
5.440000e-10 5.643209e-06 6.888349e-06
5.445000e-10 5.616723e-06 6.856682e-06
5.450000e-10 5.590353e-06 6.825149e-06
5.455000e-10 5.564099e-06 6.793749e-06
5.460000e-10 5.537960e-06 6.762481e-06
5.465000e-10 5.511937e-06 6.731346e-06
5.470000e-10 5.486027e-06 6.700341e-06
5.475000e-10 5.460232e-06 6.669468e-06
5.480000e-10 5.434550e-06 6.638726e-06
5.485000e-10 5.408982e-06 6.608113e-06
5.490000e-10 5.383526e-06 6.577631e-06
5.495000e-10 5.358182e-06 6.547277e-06
5.500000e-10 5.332950e-06 6.517053e-06
5.505000e-10 5.307830e-06 6.486956e-06
5.510000e-10 5.282821e-06 6.456988e-06
5.515000e-10 5.257922e-06 6.427147e-06
5.520000e-10 5.233133e-06 6.397433e-06
5.525000e-10 5.208454e-06 6.367846e-06
5.530000e-10 5.183885e-06 6.338385e-06
5.535000e-10 5.159424e-06 6.309050e-06
5.540000e-10 5.135072e-06 6.279839e-06
5.545000e-10 5.110827e-06 6.250754e-06
5.550000e-10 5.086690e-06 6.221793e-06
5.555000e-10 5.062661e-06 6.192956e-06
5.560000e-10 5.038738e-06 6.164242e-06
5.565000e-10 5.014921e-06 6.135651e-06
5.570000e-10 4.991211e-06 6.107183e-06
5.575000e-10 4.967606e-06 6.078837e-06
5.580000e-10 4.944106e-06 6.050613e-06
5.585000e-10 4.920710e-06 6.022510e-06
5.590000e-10 4.897419e-06 5.994528e-06
5.595000e-10 4.874232e-06 5.966666e-06
5.600000e-10 4.851148e-06 5.938925e-06
5.605000e-10 4.828167e-06 5.911302e-06
5.610000e-10 4.805289e-06 5.883799e-06
5.615000e-10 4.782513e-06 5.856415e-06
5.620000e-10 4.759839e-06 5.829148e-06
5.625000e-10 4.737266e-06 5.802000e-06
5.630000e-10 4.714794e-06 5.774969e-06
5.635000e-10 4.692423e-06 5.748055e-06
5.640000e-10 4.670152e-06 5.721257e-06
5.645000e-10 4.647980e-06 5.694575e-06
5.650000e-10 4.625908e-06 5.668009e-06
5.655000e-10 4.603936e-06 5.641559e-06
5.660000e-10 4.582061e-06 5.615223e-06
5.665000e-10 4.560285e-06 5.589001e-06
5.670000e-10 4.538607e-06 5.562894e-06
5.675000e-10 4.517026e-06 5.536900e-06
5.680000e-10 4.495542e-06 5.511019e-06
5.685000e-10 4.474155e-06 5.485250e-06
5.690000e-10 4.452864e-06 5.459594e-06
5.695000e-10 4.431669e-06 5.434050e-06
5.700000e-10 4.410570e-06 5.408617e-06
5.705000e-10 4.389565e-06 5.383295e-06
5.710000e-10 4.368655e-06 5.358084e-06
5.715000e-10 4.347840e-06 5.332983e-06
5.720000e-10 4.327118e-06 5.307992e-06
5.725000e-10 4.306490e-06 5.283110e-06
5.730000e-10 4.285955e-06 5.258337e-06
5.735000e-10 4.265513e-06 5.233672e-06
5.740000e-10 4.245163e-06 5.209116e-06
5.745000e-10 4.224906e-06 5.184667e-06
5.750000e-10 4.204740e-06 5.160326e-06
5.755000e-10 4.184665e-06 5.136091e-06
5.760000e-10 4.164681e-06 5.111963e-06
5.765000e-10 4.144788e-06 5.087941e-06
5.770000e-10 4.124985e-06 5.064025e-06
5.775000e-10 4.105272e-06 5.040214e-06
5.780000e-10 4.085648e-06 5.016508e-06
5.785000e-10 4.066113e-06 4.992906e-06
5.790000e-10 4.046667e-06 4.969408e-06
5.795000e-10 4.027309e-06 4.946014e-06
5.800000e-10 4.008040e-06 4.922723e-06
5.805000e-10 3.988857e-06 4.899535e-06
5.810000e-10 3.969763e-06 4.876450e-06
5.815000e-10 3.950755e-06 4.853466e-06
5.820000e-10 3.931833e-06 4.830585e-06
5.825000e-10 3.912998e-06 4.807804e-06
5.830000e-10 3.894248e-06 4.785124e-06
5.835000e-10 3.875584e-06 4.762545e-06
5.840000e-10 3.857005e-06 4.740066e-06
5.845000e-10 3.838511e-06 4.717687e-06
5.850000e-10 3.820101e-06 4.695407e-06
5.855000e-10 3.801776e-06 4.673225e-06
5.860000e-10 3.783534e-06 4.651143e-06
5.865000e-10 3.765375e-06 4.629158e-06
5.870000e-10 3.747299e-06 4.607271e-06
5.875000e-10 3.729306e-06 4.585482e-06
5.880000e-10 3.711395e-06 4.563790e-06
5.885000e-10 3.693567e-06 4.542194e-06
5.890000e-10 3.675820e-06 4.520694e-06
5.895000e-10 3.658154e-06 4.499291e-06
5.900000e-10 3.640569e-06 4.477983e-06
5.905000e-10 3.623065e-06 4.456770e-06
5.910000e-10 3.605640e-06 4.435651e-06
5.915000e-10 3.588296e-06 4.414627e-06
5.920000e-10 3.571032e-06 4.393697e-06
5.925000e-10 3.553847e-06 4.372861e-06
5.930000e-10 3.536740e-06 4.352117e-06
5.935000e-10 3.519712e-06 4.331467e-06
5.940000e-10 3.502763e-06 4.310909e-06
5.945000e-10 3.485891e-06 4.290443e-06
5.950000e-10 3.469097e-06 4.270069e-06
5.955000e-10 3.452381e-06 4.249787e-06
5.960000e-10 3.435741e-06 4.229595e-06
5.965000e-10 3.419178e-06 4.209494e-06
5.970000e-10 3.402691e-06 4.189483e-06
5.975000e-10 3.386280e-06 4.169563e-06
5.980000e-10 3.369945e-06 4.149731e-06
5.985000e-10 3.353685e-06 4.129989e-06
5.990000e-10 3.337500e-06 4.110336e-06
5.995000e-10 3.321390e-06 4.090772e-06
6.000000e-10 3.305354e-06 4.071295e-06
6.005000e-10 3.289392e-06 4.051906e-06
6.010000e-10 3.273504e-06 4.032605e-06
6.015000e-10 3.257690e-06 4.013390e-06
6.020000e-10 3.241948e-06 3.994263e-06
6.025000e-10 3.226280e-06 3.975222e-06
6.030000e-10 3.210683e-06 3.956266e-06
6.035000e-10 3.195159e-06 3.937397e-06
6.040000e-10 3.179707e-06 3.918612e-06
6.045000e-10 3.164327e-06 3.899913e-06
6.050000e-10 3.149017e-06 3.881298e-06
6.055000e-10 3.133779e-06 3.862768e-06
6.060000e-10 3.118611e-06 3.844321e-06
6.065000e-10 3.103514e-06 3.825958e-06
6.070000e-10 3.088487e-06 3.807678e-06
6.075000e-10 3.073529e-06 3.789482e-06
6.080000e-10 3.058641e-06 3.771367e-06
6.085000e-10 3.043822e-06 3.753335e-06
6.090000e-10 3.029072e-06 3.735385e-06
6.095000e-10 3.014390e-06 3.717516e-06
6.100000e-10 2.999777e-06 3.699729e-06
6.105000e-10 2.985231e-06 3.682022e-06
6.110000e-10 2.970753e-06 3.664396e-06
6.115000e-10 2.956343e-06 3.646850e-06
6.120000e-10 2.942000e-06 3.629384e-06
6.125000e-10 2.927723e-06 3.611998e-06
6.130000e-10 2.913513e-06 3.594691e-06
6.135000e-10 2.899369e-06 3.577462e-06
6.140000e-10 2.885292e-06 3.560313e-06
6.145000e-10 2.871279e-06 3.543241e-06
6.150000e-10 2.857332e-06 3.526247e-06
6.155000e-10 2.843451e-06 3.509331e-06
6.160000e-10 2.829634e-06 3.492493e-06
6.165000e-10 2.815881e-06 3.475731e-06
6.170000e-10 2.802193e-06 3.459045e-06
6.175000e-10 2.788568e-06 3.442436e-06
6.180000e-10 2.775008e-06 3.425904e-06
6.185000e-10 2.761510e-06 3.409446e-06
6.190000e-10 2.748076e-06 3.393064e-06
6.195000e-10 2.734705e-06 3.376757e-06
6.200000e-10 2.721396e-06 3.360525e-06
6.205000e-10 2.708150e-06 3.344367e-06
6.210000e-10 2.694965e-06 3.328284e-06
6.215000e-10 2.681842e-06 3.312274e-06
6.220000e-10 2.668781e-06 3.296337e-06
6.225000e-10 2.655781e-06 3.280474e-06
6.230000e-10 2.642842e-06 3.264683e-06
6.235000e-10 2.629963e-06 3.248965e-06
6.240000e-10 2.617145e-06 3.233320e-06
6.245000e-10 2.604388e-06 3.217746e-06
6.250000e-10 2.591689e-06 3.202244e-06
6.255000e-10 2.579051e-06 3.186813e-06
6.260000e-10 2.566472e-06 3.171453e-06
6.265000e-10 2.553952e-06 3.156164e-06
6.270000e-10 2.541491e-06 3.140946e-06
6.275000e-10 2.529088e-06 3.125797e-06
6.280000e-10 2.516744e-06 3.110718e-06
6.285000e-10 2.504458e-06 3.095709e-06
6.290000e-10 2.492229e-06 3.080769e-06
6.295000e-10 2.480059e-06 3.065898e-06
6.300000e-10 2.467945e-06 3.051096e-06
6.305000e-10 2.455888e-06 3.036362e-06
6.310000e-10 2.443889e-06 3.021696e-06
6.315000e-10 2.431945e-06 3.007098e-06
6.320000e-10 2.420059e-06 2.992568e-06
6.325000e-10 2.408228e-06 2.978104e-06
6.330000e-10 2.396452e-06 2.963708e-06
6.335000e-10 2.384733e-06 2.949378e-06
6.340000e-10 2.373069e-06 2.935114e-06
6.345000e-10 2.361459e-06 2.920917e-06
6.350000e-10 2.349905e-06 2.906785e-06
6.355000e-10 2.338405e-06 2.892719e-06
6.360000e-10 2.326959e-06 2.878718e-06
6.365000e-10 2.315568e-06 2.864782e-06
6.370000e-10 2.304230e-06 2.850911e-06
6.375000e-10 2.292946e-06 2.837104e-06
6.380000e-10 2.281715e-06 2.823361e-06
6.385000e-10 2.270538e-06 2.809682e-06
6.390000e-10 2.259413e-06 2.796066e-06
6.395000e-10 2.248341e-06 2.782514e-06
6.400000e-10 2.237321e-06 2.769025e-06
6.405000e-10 2.226354e-06 2.755598e-06
6.410000e-10 2.215438e-06 2.742234e-06
6.415000e-10 2.204575e-06 2.728932e-06
6.420000e-10 2.193762e-06 2.715692e-06
6.425000e-10 2.183001e-06 2.702514e-06
6.430000e-10 2.172291e-06 2.689397e-06
6.435000e-10 2.161632e-06 2.676341e-06
6.440000e-10 2.151023e-06 2.663346e-06
6.445000e-10 2.140465e-06 2.650412e-06
6.450000e-10 2.129956e-06 2.637538e-06
6.455000e-10 2.119498e-06 2.624724e-06
6.460000e-10 2.109089e-06 2.611969e-06
6.465000e-10 2.098730e-06 2.599275e-06
6.470000e-10 2.088420e-06 2.586639e-06
6.475000e-10 2.078159e-06 2.574063e-06
6.480000e-10 2.067946e-06 2.561546e-06
6.485000e-10 2.057783e-06 2.549087e-06
6.490000e-10 2.047667e-06 2.536686e-06
6.495000e-10 2.037600e-06 2.524343e-06
6.500000e-10 2.027580e-06 2.512058e-06
6.505000e-10 2.017609e-06 2.499830e-06
6.510000e-10 2.007685e-06 2.487660e-06
6.515000e-10 1.997808e-06 2.475547e-06
6.520000e-10 1.987978e-06 2.463490e-06
6.525000e-10 1.978195e-06 2.451490e-06
6.530000e-10 1.968458e-06 2.439546e-06
6.535000e-10 1.958768e-06 2.427659e-06
6.540000e-10 1.949124e-06 2.415827e-06
6.545000e-10 1.939526e-06 2.404050e-06
6.550000e-10 1.929974e-06 2.392329e-06
6.555000e-10 1.920468e-06 2.380663e-06
6.560000e-10 1.911007e-06 2.369051e-06
6.565000e-10 1.901591e-06 2.357494e-06
6.570000e-10 1.892220e-06 2.345992e-06
6.575000e-10 1.882893e-06 2.334543e-06
6.580000e-10 1.873612e-06 2.323148e-06
6.585000e-10 1.864374e-06 2.311807e-06
6.590000e-10 1.855181e-06 2.300519e-06
6.595000e-10 1.846032e-06 2.289285e-06
6.600000e-10 1.836926e-06 2.278103e-06
6.605000e-10 1.827864e-06 2.266974e-06
6.610000e-10 1.818846e-06 2.255897e-06
6.615000e-10 1.809870e-06 2.244873e-06
6.620000e-10 1.800938e-06 2.233900e-06
6.625000e-10 1.792048e-06 2.222979e-06
6.630000e-10 1.783201e-06 2.212110e-06
6.635000e-10 1.774396e-06 2.201292e-06
6.640000e-10 1.765633e-06 2.190525e-06
6.645000e-10 1.756913e-06 2.179809e-06
6.650000e-10 1.748234e-06 2.169143e-06
6.655000e-10 1.739597e-06 2.158528e-06
6.660000e-10 1.731001e-06 2.147963e-06
6.665000e-10 1.722446e-06 2.137447e-06
6.670000e-10 1.713933e-06 2.126982e-06
6.675000e-10 1.705460e-06 2.116566e-06
6.680000e-10 1.697028e-06 2.106199e-06
6.685000e-10 1.688637e-06 2.095881e-06
6.690000e-10 1.680285e-06 2.085612e-06
6.695000e-10 1.671974e-06 2.075392e-06
6.700000e-10 1.663703e-06 2.065220e-06
6.705000e-10 1.655472e-06 2.055096e-06
6.710000e-10 1.647280e-06 2.045020e-06
6.715000e-10 1.639127e-06 2.034992e-06
6.720000e-10 1.631014e-06 2.025011e-06
6.725000e-10 1.622939e-06 2.015078e-06
6.730000e-10 1.614904e-06 2.005192e-06
6.735000e-10 1.606907e-06 1.995352e-06
6.740000e-10 1.598949e-06 1.985560e-06
6.745000e-10 1.591029e-06 1.975813e-06
6.750000e-10 1.583147e-06 1.966113e-06
6.755000e-10 1.575303e-06 1.956460e-06
6.760000e-10 1.567497e-06 1.946851e-06
6.765000e-10 1.559728e-06 1.937289e-06
6.770000e-10 1.551997e-06 1.927772e-06
6.775000e-10 1.544303e-06 1.918300e-06
6.780000e-10 1.536646e-06 1.908874e-06
6.785000e-10 1.529026e-06 1.899492e-06
6.790000e-10 1.521443e-06 1.890154e-06
6.795000e-10 1.513897e-06 1.880861e-06
6.800000e-10 1.506387e-06 1.871613e-06
6.805000e-10 1.498913e-06 1.862408e-06
6.810000e-10 1.491475e-06 1.853247e-06
6.815000e-10 1.484073e-06 1.844130e-06
6.820000e-10 1.476707e-06 1.835056e-06
6.825000e-10 1.469376e-06 1.826026e-06
6.830000e-10 1.462081e-06 1.817038e-06
6.835000e-10 1.454821e-06 1.808094e-06
6.840000e-10 1.447596e-06 1.799191e-06
6.845000e-10 1.440406e-06 1.790332e-06
6.850000e-10 1.433251e-06 1.781515e-06
6.855000e-10 1.426131e-06 1.772739e-06
6.860000e-10 1.419044e-06 1.764006e-06
6.865000e-10 1.411993e-06 1.755314e-06
6.870000e-10 1.404975e-06 1.746664e-06
6.875000e-10 1.397991e-06 1.738055e-06
6.880000e-10 1.391041e-06 1.729488e-06
6.885000e-10 1.384125e-06 1.720961e-06
6.890000e-10 1.377242e-06 1.712475e-06
6.895000e-10 1.370392e-06 1.704029e-06
6.900000e-10 1.363576e-06 1.695624e-06
6.905000e-10 1.356793e-06 1.687259e-06
6.910000e-10 1.350042e-06 1.678934e-06
6.915000e-10 1.343325e-06 1.670649e-06
6.920000e-10 1.336640e-06 1.662404e-06
6.925000e-10 1.329987e-06 1.654198e-06
6.930000e-10 1.323366e-06 1.646032e-06
6.935000e-10 1.316778e-06 1.637904e-06
6.940000e-10 1.310222e-06 1.629815e-06
6.945000e-10 1.303697e-06 1.621766e-06
6.950000e-10 1.297204e-06 1.613754e-06
6.955000e-10 1.290743e-06 1.605782e-06
6.960000e-10 1.284313e-06 1.597847e-06
6.965000e-10 1.277914e-06 1.589951e-06
6.970000e-10 1.271546e-06 1.582092e-06
6.975000e-10 1.265210e-06 1.574271e-06
6.980000e-10 1.258904e-06 1.566488e-06
6.985000e-10 1.252628e-06 1.558741e-06
6.990000e-10 1.246384e-06 1.551033e-06
6.995000e-10 1.240169e-06 1.543361e-06
7.000000e-10 1.233985e-06 1.535726e-06
7.005000e-10 1.227831e-06 1.528128e-06
7.010000e-10 1.221707e-06 1.520566e-06
7.015000e-10 1.215612e-06 1.513040e-06
7.020000e-10 1.209547e-06 1.505551e-06
7.025000e-10 1.203512e-06 1.498098e-06
7.030000e-10 1.197506e-06 1.490681e-06
7.035000e-10 1.191530e-06 1.483299e-06
7.040000e-10 1.185582e-06 1.475953e-06
7.045000e-10 1.179664e-06 1.468642e-06
7.050000e-10 1.173774e-06 1.461366e-06
7.055000e-10 1.167913e-06 1.454126e-06
7.060000e-10 1.162081e-06 1.446920e-06
7.065000e-10 1.156276e-06 1.439749e-06
7.070000e-10 1.150501e-06 1.432613e-06
7.075000e-10 1.144753e-06 1.425511e-06
7.080000e-10 1.139034e-06 1.418443e-06
7.085000e-10 1.133342e-06 1.411409e-06
7.090000e-10 1.127678e-06 1.404409e-06
7.095000e-10 1.122042e-06 1.397443e-06
7.100000e-10 1.116433e-06 1.390511e-06
7.105000e-10 1.110852e-06 1.383612e-06
7.110000e-10 1.105298e-06 1.376746e-06
7.115000e-10 1.099771e-06 1.369914e-06
7.120000e-10 1.094271e-06 1.363114e-06
7.125000e-10 1.088798e-06 1.356347e-06
7.130000e-10 1.083352e-06 1.349613e-06
7.135000e-10 1.077932e-06 1.342912e-06
7.140000e-10 1.072539e-06 1.336243e-06
7.145000e-10 1.067172e-06 1.329606e-06
7.150000e-10 1.061831e-06 1.323001e-06
7.155000e-10 1.056517e-06 1.316428e-06
7.160000e-10 1.051228e-06 1.309887e-06
7.165000e-10 1.045965e-06 1.303378e-06
7.170000e-10 1.040728e-06 1.296900e-06
7.175000e-10 1.035517e-06 1.290453e-06
7.180000e-10 1.030331e-06 1.284038e-06
7.185000e-10 1.025171e-06 1.277654e-06
7.190000e-10 1.020036e-06 1.271300e-06
7.195000e-10 1.014926e-06 1.264978e-06
7.200000e-10 1.009841e-06 1.258686e-06
7.205000e-10 1.004781e-06 1.252424e-06
7.210000e-10 9.997454e-07 1.246193e-06
7.215000e-10 9.947348e-07 1.239992e-06
7.220000e-10 9.897488e-07 1.233821e-06
7.225000e-10 9.847871e-07 1.227680e-06
7.230000e-10 9.798498e-07 1.221569e-06
7.235000e-10 9.749368e-07 1.215487e-06
7.240000e-10 9.700478e-07 1.209435e-06
7.245000e-10 9.651827e-07 1.203413e-06
7.250000e-10 9.603416e-07 1.197419e-06
7.255000e-10 9.555242e-07 1.191455e-06
7.260000e-10 9.507304e-07 1.185520e-06
7.265000e-10 9.459602e-07 1.179613e-06
7.270000e-10 9.412134e-07 1.173735e-06
7.275000e-10 9.364899e-07 1.167886e-06
7.280000e-10 9.317896e-07 1.162065e-06
7.285000e-10 9.271123e-07 1.156272e-06
7.290000e-10 9.224581e-07 1.150508e-06
7.295000e-10 9.178267e-07 1.144771e-06
7.300000e-10 9.132180e-07 1.139063e-06
7.305000e-10 9.086320e-07 1.133382e-06
7.310000e-10 9.040686e-07 1.127729e-06
7.315000e-10 8.995275e-07 1.122103e-06
7.320000e-10 8.950088e-07 1.116505e-06
7.325000e-10 8.905123e-07 1.110934e-06
7.330000e-10 8.860380e-07 1.105390e-06
7.335000e-10 8.815856e-07 1.099874e-06
7.340000e-10 8.771552e-07 1.094384e-06
7.345000e-10 8.727465e-07 1.088920e-06
7.350000e-10 8.683595e-07 1.083484e-06
7.355000e-10 8.639942e-07 1.078073e-06
7.360000e-10 8.596503e-07 1.072690e-06
7.365000e-10 8.553278e-07 1.067332e-06
7.370000e-10 8.510266e-07 1.062001e-06
7.375000e-10 8.467466e-07 1.056695e-06
7.380000e-10 8.424876e-07 1.051416e-06
7.385000e-10 8.382496e-07 1.046162e-06
7.390000e-10 8.340325e-07 1.040934e-06
7.395000e-10 8.298362e-07 1.035731e-06
7.400000e-10 8.256606e-07 1.030554e-06
7.405000e-10 8.215056e-07 1.025402e-06
7.410000e-10 8.173710e-07 1.020275e-06
7.415000e-10 8.132568e-07 1.015173e-06
7.420000e-10 8.091630e-07 1.010096e-06
7.425000e-10 8.050893e-07 1.005044e-06
7.430000e-10 8.010357e-07 1.000017e-06
7.435000e-10 7.970021e-07 9.950140e-07
7.440000e-10 7.929884e-07 9.900356e-07
7.445000e-10 7.889945e-07 9.850816e-07
7.450000e-10 7.850203e-07 9.801518e-07
7.455000e-10 7.810658e-07 9.752460e-07
7.460000e-10 7.771307e-07 9.703643e-07
7.465000e-10 7.732151e-07 9.655065e-07
7.470000e-10 7.693189e-07 9.606724e-07
7.475000e-10 7.654419e-07 9.558620e-07
7.480000e-10 7.615840e-07 9.510751e-07
7.485000e-10 7.577452e-07 9.463116e-07
7.490000e-10 7.539254e-07 9.415715e-07
7.495000e-10 7.501244e-07 9.368545e-07
7.500000e-10 7.463422e-07 9.321607e-07
7.505000e-10 7.425788e-07 9.274899e-07
7.510000e-10 7.388339e-07 9.228419e-07
7.515000e-10 7.351076e-07 9.182167e-07
7.520000e-10 7.313997e-07 9.136142e-07
7.525000e-10 7.277101e-07 9.090343e-07
7.530000e-10 7.240388e-07 9.044768e-07
7.535000e-10 7.203856e-07 8.999416e-07
7.540000e-10 7.167506e-07 8.954287e-07
7.545000e-10 7.131335e-07 8.909379e-07
7.550000e-10 7.095343e-07 8.864692e-07
7.555000e-10 7.059529e-07 8.820223e-07
7.560000e-10 7.023893e-07 8.775973e-07
7.565000e-10 6.988433e-07 8.731940e-07
7.570000e-10 6.953149e-07 8.688124e-07
7.575000e-10 6.918040e-07 8.644522e-07
7.580000e-10 6.883104e-07 8.601134e-07
7.585000e-10 6.848342e-07 8.557960e-07
7.590000e-10 6.813752e-07 8.514997e-07
7.595000e-10 6.779333e-07 8.472246e-07
7.600000e-10 6.745085e-07 8.429705e-07
7.605000e-10 6.711007e-07 8.387372e-07
7.610000e-10 6.677097e-07 8.345248e-07
7.615000e-10 6.643356e-07 8.303331e-07
7.620000e-10 6.609782e-07 8.261620e-07
7.625000e-10 6.576375e-07 8.220114e-07
7.630000e-10 6.543134e-07 8.178812e-07
7.635000e-10 6.510057e-07 8.137713e-07
7.640000e-10 6.477144e-07 8.096817e-07
7.645000e-10 6.444395e-07 8.056122e-07
7.650000e-10 6.411809e-07 8.015627e-07
7.655000e-10 6.379384e-07 7.975331e-07
7.660000e-10 6.347120e-07 7.935233e-07
7.665000e-10 6.315016e-07 7.895333e-07
7.670000e-10 6.283072e-07 7.855630e-07
7.675000e-10 6.251286e-07 7.816122e-07
7.680000e-10 6.219659e-07 7.776809e-07
7.685000e-10 6.188188e-07 7.737689e-07
7.690000e-10 6.156874e-07 7.698762e-07
7.695000e-10 6.125715e-07 7.660027e-07
7.700000e-10 6.094712e-07 7.621483e-07
7.705000e-10 6.063862e-07 7.583128e-07
7.710000e-10 6.033166e-07 7.544963e-07
7.715000e-10 6.002622e-07 7.506986e-07
7.720000e-10 5.972230e-07 7.469197e-07
7.725000e-10 5.941990e-07 7.431593e-07
7.730000e-10 5.911900e-07 7.394175e-07
7.735000e-10 5.881959e-07 7.356942e-07
7.740000e-10 5.852168e-07 7.319893e-07
7.745000e-10 5.822524e-07 7.283026e-07
7.750000e-10 5.793029e-07 7.246341e-07
7.755000e-10 5.763680e-07 7.209838e-07
7.760000e-10 5.734477e-07 7.173514e-07
7.765000e-10 5.705419e-07 7.137370e-07
7.770000e-10 5.676506e-07 7.101405e-07
7.775000e-10 5.647737e-07 7.065617e-07
7.780000e-10 5.619112e-07 7.030006e-07
7.785000e-10 5.590629e-07 6.994571e-07
7.790000e-10 5.562288e-07 6.959311e-07
7.795000e-10 5.534088e-07 6.924225e-07
7.800000e-10 5.506028e-07 6.889313e-07
7.805000e-10 5.478109e-07 6.854573e-07
7.810000e-10 5.450328e-07 6.820005e-07
7.815000e-10 5.422686e-07 6.785608e-07
7.820000e-10 5.395182e-07 6.751382e-07
7.825000e-10 5.367815e-07 6.717324e-07
7.830000e-10 5.340584e-07 6.683435e-07
7.835000e-10 5.313489e-07 6.649713e-07
7.840000e-10 5.286530e-07 6.616159e-07
7.845000e-10 5.259705e-07 6.582771e-07
7.850000e-10 5.233013e-07 6.549547e-07
7.855000e-10 5.206455e-07 6.516489e-07
7.860000e-10 5.180029e-07 6.483594e-07
7.865000e-10 5.153736e-07 6.450861e-07
7.870000e-10 5.127573e-07 6.418291e-07
7.875000e-10 5.101541e-07 6.385883e-07
7.880000e-10 5.075639e-07 6.353635e-07
7.885000e-10 5.049866e-07 6.321546e-07
7.890000e-10 5.024222e-07 6.289617e-07
7.895000e-10 4.998706e-07 6.257846e-07
7.900000e-10 4.973318e-07 6.226232e-07
7.905000e-10 4.948056e-07 6.194775e-07
7.910000e-10 4.922921e-07 6.163475e-07
7.915000e-10 4.897911e-07 6.132329e-07
7.920000e-10 4.873026e-07 6.101338e-07
7.925000e-10 4.848266e-07 6.070500e-07
7.930000e-10 4.823629e-07 6.039816e-07
7.935000e-10 4.799115e-07 6.009283e-07
7.940000e-10 4.774724e-07 5.978903e-07
7.945000e-10 4.750455e-07 5.948673e-07
7.950000e-10 4.726308e-07 5.918593e-07
7.955000e-10 4.702281e-07 5.888662e-07
7.960000e-10 4.678374e-07 5.858880e-07
7.965000e-10 4.654587e-07 5.829246e-07
7.970000e-10 4.630918e-07 5.799759e-07
7.975000e-10 4.607369e-07 5.770418e-07
7.980000e-10 4.583937e-07 5.741223e-07
7.985000e-10 4.560622e-07 5.712174e-07
7.990000e-10 4.537424e-07 5.683268e-07
7.995000e-10 4.514342e-07 5.654507e-07
8.000000e-10 4.491376e-07 5.625888e-07
8.005000e-10 4.468525e-07 5.597411e-07
8.010000e-10 4.445788e-07 5.569076e-07
8.015000e-10 4.423165e-07 5.540882e-07
8.020000e-10 4.400655e-07 5.512828e-07
8.025000e-10 4.378258e-07 5.484914e-07
8.030000e-10 4.355973e-07 5.457138e-07
8.035000e-10 4.333800e-07 5.429501e-07
8.040000e-10 4.311738e-07 5.402001e-07
8.045000e-10 4.289787e-07 5.374638e-07
8.050000e-10 4.267946e-07 5.347411e-07
8.055000e-10 4.246214e-07 5.320320e-07
8.060000e-10 4.224591e-07 5.293363e-07
8.065000e-10 4.203076e-07 5.266541e-07
8.070000e-10 4.181669e-07 5.239852e-07
8.075000e-10 4.160370e-07 5.213296e-07
8.080000e-10 4.139177e-07 5.186872e-07
8.085000e-10 4.118091e-07 5.160580e-07
8.090000e-10 4.097111e-07 5.134419e-07
8.095000e-10 4.076236e-07 5.108389e-07
8.100000e-10 4.055465e-07 5.082488e-07
8.105000e-10 4.034799e-07 5.056716e-07
8.110000e-10 4.014236e-07 5.031072e-07
8.115000e-10 3.993777e-07 5.005556e-07
8.120000e-10 3.973420e-07 4.980168e-07
8.125000e-10 3.953166e-07 4.954906e-07
8.130000e-10 3.933013e-07 4.929770e-07
8.135000e-10 3.912962e-07 4.904760e-07
8.140000e-10 3.893011e-07 4.879874e-07
8.145000e-10 3.873160e-07 4.855112e-07
8.150000e-10 3.853409e-07 4.830474e-07
8.155000e-10 3.833757e-07 4.805959e-07
8.160000e-10 3.814204e-07 4.781566e-07
8.165000e-10 3.794750e-07 4.757294e-07
8.170000e-10 3.775393e-07 4.733144e-07
8.175000e-10 3.756133e-07 4.709115e-07
8.180000e-10 3.736970e-07 4.685205e-07
8.185000e-10 3.717903e-07 4.661415e-07
8.190000e-10 3.698933e-07 4.637744e-07
8.195000e-10 3.680057e-07 4.614191e-07
8.200000e-10 3.661277e-07 4.590755e-07
8.205000e-10 3.642591e-07 4.567437e-07
8.210000e-10 3.623999e-07 4.544235e-07
8.215000e-10 3.605500e-07 4.521149e-07
8.220000e-10 3.587094e-07 4.498178e-07
8.225000e-10 3.568782e-07 4.475322e-07
8.230000e-10 3.550561e-07 4.452581e-07
8.235000e-10 3.532432e-07 4.429953e-07
8.240000e-10 3.514394e-07 4.407438e-07
8.245000e-10 3.496447e-07 4.385036e-07
8.250000e-10 3.478590e-07 4.362745e-07
8.255000e-10 3.460823e-07 4.340567e-07
8.260000e-10 3.443146e-07 4.318499e-07
8.265000e-10 3.425557e-07 4.296541e-07
8.270000e-10 3.408057e-07 4.274694e-07
8.275000e-10 3.390645e-07 4.252956e-07
8.280000e-10 3.373321e-07 4.231326e-07
8.285000e-10 3.356085e-07 4.209805e-07
8.290000e-10 3.338935e-07 4.188391e-07
8.295000e-10 3.321871e-07 4.167085e-07
8.300000e-10 3.304893e-07 4.145886e-07
8.305000e-10 3.288001e-07 4.124792e-07
8.310000e-10 3.271194e-07 4.103804e-07
8.315000e-10 3.254472e-07 4.082921e-07
8.320000e-10 3.237834e-07 4.062143e-07
8.325000e-10 3.221280e-07 4.041469e-07
8.330000e-10 3.204810e-07 4.020899e-07
8.335000e-10 3.188422e-07 4.000431e-07
8.340000e-10 3.172117e-07 3.980066e-07
8.345000e-10 3.155894e-07 3.959803e-07
8.350000e-10 3.139753e-07 3.939642e-07
8.355000e-10 3.123694e-07 3.919582e-07
8.360000e-10 3.107715e-07 3.899622e-07
8.365000e-10 3.091817e-07 3.879763e-07
8.370000e-10 3.076000e-07 3.860002e-07
8.375000e-10 3.060262e-07 3.840342e-07
8.380000e-10 3.044603e-07 3.820779e-07
8.385000e-10 3.029024e-07 3.801315e-07
8.390000e-10 3.013523e-07 3.781948e-07
8.395000e-10 2.998101e-07 3.762679e-07
8.400000e-10 2.982756e-07 3.743506e-07
8.405000e-10 2.967489e-07 3.724430e-07
8.410000e-10 2.952298e-07 3.705449e-07
8.415000e-10 2.937185e-07 3.686563e-07
8.420000e-10 2.922148e-07 3.667773e-07
8.425000e-10 2.907187e-07 3.649076e-07
8.430000e-10 2.892301e-07 3.630474e-07
8.435000e-10 2.877491e-07 3.611965e-07
8.440000e-10 2.862755e-07 3.593548e-07
8.445000e-10 2.848094e-07 3.575225e-07
8.450000e-10 2.833507e-07 3.556993e-07
8.455000e-10 2.818993e-07 3.538853e-07
8.460000e-10 2.804553e-07 3.520804e-07
8.465000e-10 2.790186e-07 3.502846e-07
8.470000e-10 2.775892e-07 3.484978e-07
8.475000e-10 2.761670e-07 3.467200e-07
8.480000e-10 2.747520e-07 3.449511e-07
8.485000e-10 2.733441e-07 3.431911e-07
8.490000e-10 2.719433e-07 3.414399e-07
8.495000e-10 2.705497e-07 3.396976e-07
8.500000e-10 2.691631e-07 3.379640e-07
8.505000e-10 2.677834e-07 3.362391e-07
8.510000e-10 2.664108e-07 3.345229e-07
8.515000e-10 2.650451e-07 3.328154e-07
8.520000e-10 2.636864e-07 3.311164e-07
8.525000e-10 2.623345e-07 3.294260e-07
8.530000e-10 2.609894e-07 3.277441e-07
8.535000e-10 2.596512e-07 3.260706e-07
8.540000e-10 2.583197e-07 3.244056e-07
8.545000e-10 2.569950e-07 3.227489e-07
8.550000e-10 2.556769e-07 3.211006e-07
8.555000e-10 2.543656e-07 3.194606e-07
8.560000e-10 2.530608e-07 3.178288e-07
8.565000e-10 2.517627e-07 3.162053e-07
8.570000e-10 2.504712e-07 3.145899e-07
8.575000e-10 2.491862e-07 3.129827e-07
8.580000e-10 2.479077e-07 3.113835e-07
8.585000e-10 2.466357e-07 3.097924e-07
8.590000e-10 2.453701e-07 3.082093e-07
8.595000e-10 2.441110e-07 3.066342e-07
8.600000e-10 2.428582e-07 3.050671e-07
8.605000e-10 2.416118e-07 3.035078e-07
8.610000e-10 2.403717e-07 3.019564e-07
8.615000e-10 2.391378e-07 3.004128e-07
8.620000e-10 2.379102e-07 2.988770e-07
8.625000e-10 2.366889e-07 2.973489e-07
8.630000e-10 2.354737e-07 2.958286e-07
8.635000e-10 2.342647e-07 2.943159e-07
8.640000e-10 2.330619e-07 2.928108e-07
8.645000e-10 2.318651e-07 2.913133e-07
8.650000e-10 2.306744e-07 2.898234e-07
8.655000e-10 2.294897e-07 2.883410e-07
8.660000e-10 2.283111e-07 2.868660e-07
8.665000e-10 2.271384e-07 2.853985e-07
8.670000e-10 2.259717e-07 2.839384e-07
8.675000e-10 2.248109e-07 2.824857e-07
8.680000e-10 2.236559e-07 2.810403e-07
8.685000e-10 2.225069e-07 2.796022e-07
8.690000e-10 2.213637e-07 2.781714e-07
8.695000e-10 2.202262e-07 2.767477e-07
8.700000e-10 2.190946e-07 2.753313e-07
8.705000e-10 2.179687e-07 2.739220e-07
8.710000e-10 2.168485e-07 2.725199e-07
8.715000e-10 2.157340e-07 2.711248e-07
8.720000e-10 2.146251e-07 2.697367e-07
8.725000e-10 2.135219e-07 2.683557e-07
8.730000e-10 2.124243e-07 2.669816e-07
8.735000e-10 2.113322e-07 2.656145e-07
8.740000e-10 2.102457e-07 2.642543e-07
8.745000e-10 2.091648e-07 2.629010e-07
8.750000e-10 2.080893e-07 2.615545e-07
8.755000e-10 2.070193e-07 2.602148e-07
8.760000e-10 2.059547e-07 2.588819e-07
8.765000e-10 2.048955e-07 2.575557e-07
8.770000e-10 2.038417e-07 2.562362e-07
8.775000e-10 2.027933e-07 2.549234e-07
8.780000e-10 2.017502e-07 2.536172e-07
8.785000e-10 2.007123e-07 2.523176e-07
8.790000e-10 1.996798e-07 2.510246e-07
8.795000e-10 1.986525e-07 2.497382e-07
8.800000e-10 1.976305e-07 2.484582e-07
8.805000e-10 1.966136e-07 2.471847e-07
8.810000e-10 1.956019e-07 2.459177e-07
8.815000e-10 1.945954e-07 2.446571e-07
8.820000e-10 1.935939e-07 2.434028e-07
8.825000e-10 1.925976e-07 2.421549e-07
8.830000e-10 1.916063e-07 2.409133e-07
8.835000e-10 1.906201e-07 2.396780e-07
8.840000e-10 1.896389e-07 2.384489e-07
8.845000e-10 1.886627e-07 2.372261e-07
8.850000e-10 1.876914e-07 2.360095e-07
8.855000e-10 1.867251e-07 2.347990e-07
8.860000e-10 1.857637e-07 2.335946e-07
8.865000e-10 1.848072e-07 2.323964e-07
8.870000e-10 1.838556e-07 2.312042e-07
8.875000e-10 1.829088e-07 2.300180e-07
8.880000e-10 1.819668e-07 2.288379e-07
8.885000e-10 1.810296e-07 2.276637e-07
8.890000e-10 1.800972e-07 2.264955e-07
8.895000e-10 1.791696e-07 2.253332e-07
8.900000e-10 1.782466e-07 2.241768e-07
8.905000e-10 1.773284e-07 2.230262e-07
8.910000e-10 1.764149e-07 2.218815e-07
8.915000e-10 1.755060e-07 2.207426e-07
8.920000e-10 1.746017e-07 2.196095e-07
8.925000e-10 1.737020e-07 2.184821e-07
8.930000e-10 1.728069e-07 2.173604e-07
8.935000e-10 1.719164e-07 2.162444e-07
8.940000e-10 1.710304e-07 2.151340e-07
8.945000e-10 1.701490e-07 2.140293e-07
8.950000e-10 1.692720e-07 2.129302e-07
8.955000e-10 1.683995e-07 2.118367e-07
8.960000e-10 1.675314e-07 2.107487e-07
8.965000e-10 1.666678e-07 2.096662e-07
8.970000e-10 1.658085e-07 2.085892e-07
8.975000e-10 1.649537e-07 2.075177e-07
8.980000e-10 1.641032e-07 2.064516e-07
8.985000e-10 1.632570e-07 2.053910e-07
8.990000e-10 1.624152e-07 2.043357e-07
8.995000e-10 1.615776e-07 2.032857e-07
9.000000e-10 1.607444e-07 2.022411e-07
9.005000e-10 1.599153e-07 2.012018e-07
9.010000e-10 1.590905e-07 2.001678e-07
9.015000e-10 1.582699e-07 1.991390e-07
9.020000e-10 1.574535e-07 1.981155e-07
9.025000e-10 1.566413e-07 1.970971e-07
9.030000e-10 1.558332e-07 1.960840e-07
9.035000e-10 1.550292e-07 1.950759e-07
9.040000e-10 1.542293e-07 1.940730e-07
9.045000e-10 1.534335e-07 1.930752e-07
9.050000e-10 1.526418e-07 1.920824e-07
9.055000e-10 1.518541e-07 1.910947e-07
9.060000e-10 1.510705e-07 1.901120e-07
9.065000e-10 1.502908e-07 1.891343e-07
9.070000e-10 1.495151e-07 1.881616e-07
9.075000e-10 1.487434e-07 1.871938e-07
9.080000e-10 1.479756e-07 1.862309e-07
9.085000e-10 1.472117e-07 1.852729e-07
9.090000e-10 1.464518e-07 1.843198e-07
9.095000e-10 1.456957e-07 1.833716e-07
9.100000e-10 1.449435e-07 1.824281e-07
9.105000e-10 1.441951e-07 1.814895e-07
9.110000e-10 1.434505e-07 1.805556e-07
9.115000e-10 1.427098e-07 1.796265e-07
9.120000e-10 1.419728e-07 1.787021e-07
9.125000e-10 1.412396e-07 1.777824e-07
9.130000e-10 1.405101e-07 1.768674e-07
9.135000e-10 1.397844e-07 1.759570e-07
9.140000e-10 1.390624e-07 1.750513e-07
9.145000e-10 1.383441e-07 1.741501e-07
9.150000e-10 1.376294e-07 1.732536e-07
9.155000e-10 1.369184e-07 1.723616e-07
9.160000e-10 1.362110e-07 1.714742e-07
9.165000e-10 1.355073e-07 1.705913e-07
9.170000e-10 1.348071e-07 1.697128e-07
9.175000e-10 1.341105e-07 1.688389e-07
9.180000e-10 1.334175e-07 1.679694e-07
9.185000e-10 1.327281e-07 1.671043e-07
9.190000e-10 1.320421e-07 1.662436e-07
9.195000e-10 1.313597e-07 1.653873e-07
9.200000e-10 1.306807e-07 1.645354e-07
9.205000e-10 1.300053e-07 1.636878e-07
9.210000e-10 1.293332e-07 1.628445e-07
9.215000e-10 1.286647e-07 1.620055e-07
9.220000e-10 1.279995e-07 1.611708e-07
9.225000e-10 1.273377e-07 1.603403e-07
9.230000e-10 1.266794e-07 1.595141e-07
9.235000e-10 1.260244e-07 1.586921e-07
9.240000e-10 1.253727e-07 1.578742e-07
9.245000e-10 1.247244e-07 1.570606e-07
9.250000e-10 1.240794e-07 1.562511e-07
9.255000e-10 1.234377e-07 1.554457e-07
9.260000e-10 1.227993e-07 1.546444e-07
9.265000e-10 1.221642e-07 1.538472e-07
9.270000e-10 1.215323e-07 1.530540e-07
9.275000e-10 1.209036e-07 1.522649e-07
9.280000e-10 1.202782e-07 1.514799e-07
9.285000e-10 1.196560e-07 1.506988e-07
9.290000e-10 1.190369e-07 1.499217e-07
9.295000e-10 1.184211e-07 1.491486e-07
9.300000e-10 1.178083e-07 1.483794e-07
9.305000e-10 1.171988e-07 1.476141e-07
9.310000e-10 1.165923e-07 1.468528e-07
9.315000e-10 1.159890e-07 1.460953e-07
9.320000e-10 1.153887e-07 1.453417e-07
9.325000e-10 1.147915e-07 1.445919e-07
9.330000e-10 1.141974e-07 1.438460e-07
9.335000e-10 1.136063e-07 1.431039e-07
9.340000e-10 1.130183e-07 1.423655e-07
9.345000e-10 1.124332e-07 1.416310e-07
9.350000e-10 1.118512e-07 1.409001e-07
9.355000e-10 1.112721e-07 1.401730e-07
9.360000e-10 1.106960e-07 1.394496e-07
9.365000e-10 1.101229e-07 1.387300e-07
9.370000e-10 1.095527e-07 1.380139e-07
9.375000e-10 1.089854e-07 1.373016e-07
9.380000e-10 1.084211e-07 1.365928e-07
9.385000e-10 1.078596e-07 1.358877e-07
9.390000e-10 1.073010e-07 1.351862e-07
9.395000e-10 1.067453e-07 1.344883e-07
9.400000e-10 1.061924e-07 1.337940e-07
9.405000e-10 1.056424e-07 1.331031e-07
9.410000e-10 1.050952e-07 1.324159e-07
9.415000e-10 1.045508e-07 1.317321e-07
9.420000e-10 1.040091e-07 1.310518e-07
9.425000e-10 1.034703e-07 1.303750e-07
9.430000e-10 1.029342e-07 1.297017e-07
9.435000e-10 1.024009e-07 1.290318e-07
9.440000e-10 1.018703e-07 1.283653e-07
9.445000e-10 1.013424e-07 1.277022e-07
9.450000e-10 1.008173e-07 1.270425e-07
9.455000e-10 1.002948e-07 1.263862e-07
9.460000e-10 9.977505e-08 1.257333e-07
9.465000e-10 9.925794e-08 1.250836e-07
9.470000e-10 9.874349e-08 1.244373e-07
9.475000e-10 9.823168e-08 1.237943e-07
9.480000e-10 9.772249e-08 1.231546e-07
9.485000e-10 9.721592e-08 1.225182e-07
9.490000e-10 9.671195e-08 1.218850e-07
9.495000e-10 9.621056e-08 1.212551e-07
9.500000e-10 9.571176e-08 1.206284e-07
9.505000e-10 9.521551e-08 1.200049e-07
9.510000e-10 9.472181e-08 1.193845e-07
9.515000e-10 9.423065e-08 1.187674e-07
9.520000e-10 9.374201e-08 1.181534e-07
9.525000e-10 9.325589e-08 1.175425e-07
9.530000e-10 9.277225e-08 1.169348e-07
9.535000e-10 9.229111e-08 1.163302e-07
9.540000e-10 9.181243e-08 1.157287e-07
9.545000e-10 9.133622e-08 1.151302e-07
9.550000e-10 9.086245e-08 1.145349e-07
9.555000e-10 9.039112e-08 1.139425e-07
9.560000e-10 8.992221e-08 1.133532e-07
9.565000e-10 8.945571e-08 1.127669e-07
9.570000e-10 8.899161e-08 1.121837e-07
9.575000e-10 8.852989e-08 1.116034e-07
9.580000e-10 8.807055e-08 1.110260e-07
9.585000e-10 8.761357e-08 1.104517e-07
9.590000e-10 8.715893e-08 1.098802e-07
9.595000e-10 8.670664e-08 1.093117e-07
9.600000e-10 8.625667e-08 1.087462e-07
9.605000e-10 8.580901e-08 1.081835e-07
9.610000e-10 8.536366e-08 1.076237e-07
9.615000e-10 8.492060e-08 1.070667e-07
9.620000e-10 8.447981e-08 1.065126e-07
9.625000e-10 8.404130e-08 1.059614e-07
9.630000e-10 8.360504e-08 1.054130e-07
9.635000e-10 8.317102e-08 1.048674e-07
9.640000e-10 8.273923e-08 1.043245e-07
9.645000e-10 8.230967e-08 1.037845e-07
9.650000e-10 8.188232e-08 1.032472e-07
9.655000e-10 8.145716e-08 1.027127e-07
9.660000e-10 8.103420e-08 1.021810e-07
9.665000e-10 8.061341e-08 1.016519e-07
9.670000e-10 8.019478e-08 1.011256e-07
9.675000e-10 7.977831e-08 1.006019e-07
9.680000e-10 7.936399e-08 1.000810e-07
9.685000e-10 7.895179e-08 9.956271e-08
9.690000e-10 7.854172e-08 9.904709e-08
9.695000e-10 7.813376e-08 9.853412e-08
9.700000e-10 7.772790e-08 9.802377e-08
9.705000e-10 7.732413e-08 9.751604e-08
9.710000e-10 7.692244e-08 9.701092e-08
9.715000e-10 7.652281e-08 9.650838e-08
9.720000e-10 7.612525e-08 9.600843e-08
9.725000e-10 7.572973e-08 9.551104e-08
9.730000e-10 7.533625e-08 9.501620e-08
9.735000e-10 7.494479e-08 9.452390e-08
9.740000e-10 7.455535e-08 9.403413e-08
9.745000e-10 7.416792e-08 9.354687e-08
9.750000e-10 7.378248e-08 9.306212e-08
9.755000e-10 7.339903e-08 9.257984e-08
9.760000e-10 7.301756e-08 9.210005e-08
9.765000e-10 7.263804e-08 9.162272e-08
9.770000e-10 7.226049e-08 9.114784e-08
9.775000e-10 7.188488e-08 9.067539e-08
9.780000e-10 7.151120e-08 9.020538e-08
9.785000e-10 7.113945e-08 8.973777e-08
9.790000e-10 7.076962e-08 8.927257e-08
9.795000e-10 7.040169e-08 8.880975e-08
9.800000e-10 7.003566e-08 8.834931e-08
9.805000e-10 6.967152e-08 8.789124e-08
9.810000e-10 6.930925e-08 8.743552e-08
9.815000e-10 6.894885e-08 8.698214e-08
9.820000e-10 6.859031e-08 8.653109e-08
9.825000e-10 6.823362e-08 8.608236e-08
9.830000e-10 6.787877e-08 8.563593e-08
9.835000e-10 6.752574e-08 8.519179e-08
9.840000e-10 6.717454e-08 8.474994e-08
9.845000e-10 6.682514e-08 8.431036e-08
9.850000e-10 6.647755e-08 8.387303e-08
9.855000e-10 6.613176e-08 8.343796e-08
9.860000e-10 6.578774e-08 8.300512e-08
9.865000e-10 6.544550e-08 8.257450e-08
9.870000e-10 6.510503e-08 8.214610e-08
9.875000e-10 6.476631e-08 8.171990e-08
9.880000e-10 6.442934e-08 8.129589e-08
9.885000e-10 6.409410e-08 8.087406e-08
9.890000e-10 6.376060e-08 8.045440e-08
9.895000e-10 6.342882e-08 8.003690e-08
9.900000e-10 6.309875e-08 7.962154e-08
9.905000e-10 6.277038e-08 7.920832e-08
9.910000e-10 6.244371e-08 7.879723e-08
9.915000e-10 6.211872e-08 7.838824e-08
9.920000e-10 6.179541e-08 7.798137e-08
9.925000e-10 6.147377e-08 7.757658e-08
9.930000e-10 6.115379e-08 7.717388e-08
9.935000e-10 6.083547e-08 7.677325e-08
9.940000e-10 6.051878e-08 7.637468e-08
9.945000e-10 6.020373e-08 7.597816e-08
9.950000e-10 5.989031e-08 7.558368e-08
9.955000e-10 5.957850e-08 7.519123e-08
9.960000e-10 5.926831e-08 7.480080e-08
9.965000e-10 5.895971e-08 7.441238e-08
9.970000e-10 5.865271e-08 7.402595e-08
9.975000e-10 5.834730e-08 7.364152e-08
9.980000e-10 5.804346e-08 7.325907e-08
9.985000e-10 5.774119e-08 7.287858e-08
9.990000e-10 5.744049e-08 7.250005e-08
9.995000e-10 5.714133e-08 7.212347e-08
1.000000e-09 5.684373e-08 7.174883e-08
1.000500e-09 5.654766e-08 7.137612e-08
1.001000e-09 5.625311e-08 7.100533e-08
1.001500e-09 5.596010e-08 7.063644e-08
1.002000e-09 5.566859e-08 7.026946e-08
1.002500e-09 5.537859e-08 6.990437e-08
1.003000e-09 5.509009e-08 6.954115e-08
1.003500e-09 5.480308e-08 6.917981e-08
1.004000e-09 5.451755e-08 6.882033e-08
1.004500e-09 5.423350e-08 6.846270e-08
1.005000e-09 5.395092e-08 6.810691e-08
1.005500e-09 5.366980e-08 6.775295e-08
1.006000e-09 5.339013e-08 6.740082e-08
1.006500e-09 5.311191e-08 6.705050e-08
1.007000e-09 5.283512e-08 6.670199e-08
1.007500e-09 5.255977e-08 6.635527e-08
1.008000e-09 5.228584e-08 6.601034e-08
1.008500e-09 5.201333e-08 6.566719e-08
1.009000e-09 5.174222e-08 6.532580e-08
1.009500e-09 5.147252e-08 6.498618e-08
1.010000e-09 5.120421e-08 6.464831e-08
1.010500e-09 5.093729e-08 6.431217e-08
1.011000e-09 5.067175e-08 6.397777e-08
1.011500e-09 5.040758e-08 6.364510e-08
1.012000e-09 5.014478e-08 6.331413e-08
1.012500e-09 4.988334e-08 6.298488e-08
1.013000e-09 4.962325e-08 6.265732e-08
1.013500e-09 4.936451e-08 6.233145e-08
1.014000e-09 4.910710e-08 6.200727e-08
1.014500e-09 4.885103e-08 6.168475e-08
1.015000e-09 4.859628e-08 6.136390e-08
1.015500e-09 4.834285e-08 6.104470e-08
1.016000e-09 4.809073e-08 6.072715e-08
1.016500e-09 4.783992e-08 6.041123e-08
1.017000e-09 4.759040e-08 6.009695e-08
1.017500e-09 4.734218e-08 5.978428e-08
1.018000e-09 4.709524e-08 5.947323e-08
1.018500e-09 4.684958e-08 5.916379e-08
1.019000e-09 4.660519e-08 5.885594e-08
1.019500e-09 4.636206e-08 5.854968e-08
1.020000e-09 4.612020e-08 5.824500e-08
1.020500e-09 4.587958e-08 5.794189e-08
1.021000e-09 4.564021e-08 5.764035e-08
1.021500e-09 4.540208e-08 5.734036e-08
1.022000e-09 4.516519e-08 5.704192e-08
1.022500e-09 4.492952e-08 5.674502e-08
1.023000e-09 4.469507e-08 5.644966e-08
1.023500e-09 4.446183e-08 5.615581e-08
1.024000e-09 4.422980e-08 5.586349e-08
1.024500e-09 4.399898e-08 5.557267e-08
1.025000e-09 4.376935e-08 5.528336e-08
1.025500e-09 4.354091e-08 5.499554e-08
1.026000e-09 4.331365e-08 5.470921e-08
1.026500e-09 4.308757e-08 5.442435e-08
1.027000e-09 4.286266e-08 5.414097e-08
1.027500e-09 4.263891e-08 5.385904e-08
1.028000e-09 4.241633e-08 5.357858e-08
1.028500e-09 4.219490e-08 5.329956e-08
1.029000e-09 4.197461e-08 5.302199e-08
1.029500e-09 4.175547e-08 5.274585e-08
1.030000e-09 4.153746e-08 5.247113e-08
1.030500e-09 4.132058e-08 5.219784e-08
1.031000e-09 4.110483e-08 5.192595e-08
1.031500e-09 4.089019e-08 5.165547e-08
1.032000e-09 4.067667e-08 5.138639e-08
1.032500e-09 4.046425e-08 5.111870e-08
1.033000e-09 4.025294e-08 5.085239e-08
1.033500e-09 4.004272e-08 5.058746e-08
1.034000e-09 3.983359e-08 5.032390e-08
1.034500e-09 3.962554e-08 5.006170e-08
1.035000e-09 3.941857e-08 4.980085e-08
1.035500e-09 3.921268e-08 4.954135e-08
1.036000e-09 3.900785e-08 4.928320e-08
1.036500e-09 3.880409e-08 4.902638e-08
1.037000e-09 3.860138e-08 4.877088e-08
1.037500e-09 3.839972e-08 4.851671e-08
1.038000e-09 3.819911e-08 4.826385e-08
1.038500e-09 3.799954e-08 4.801230e-08
1.039000e-09 3.780100e-08 4.776205e-08
1.039500e-09 3.760349e-08 4.751309e-08
1.040000e-09 3.740701e-08 4.726542e-08
1.040500e-09 3.721155e-08 4.701904e-08
1.041000e-09 3.701710e-08 4.677392e-08
1.041500e-09 3.682366e-08 4.653008e-08
1.042000e-09 3.663122e-08 4.628749e-08
1.042500e-09 3.643978e-08 4.604616e-08
1.043000e-09 3.624934e-08 4.580608e-08
1.043500e-09 3.605988e-08 4.556724e-08
1.044000e-09 3.587141e-08 4.532963e-08
1.044500e-09 3.568391e-08 4.509326e-08
1.045000e-09 3.549739e-08 4.485811e-08
1.045500e-09 3.531184e-08 4.462417e-08
1.046000e-09 3.512724e-08 4.439145e-08
1.046500e-09 3.494361e-08 4.415993e-08
1.047000e-09 3.476093e-08 4.392960e-08
1.047500e-09 3.457920e-08 4.370047e-08
1.048000e-09 3.439841e-08 4.347253e-08
1.048500e-09 3.421856e-08 4.324576e-08
1.049000e-09 3.403964e-08 4.302017e-08
1.049500e-09 3.386165e-08 4.279575e-08
1.050000e-09 3.368459e-08 4.257249e-08
1.050500e-09 3.350844e-08 4.235038e-08
1.051000e-09 3.333321e-08 4.212943e-08
1.051500e-09 3.315889e-08 4.190962e-08
1.052000e-09 3.298548e-08 4.169094e-08
1.052500e-09 3.281296e-08 4.147340e-08
1.053000e-09 3.264134e-08 4.125698e-08
1.053500e-09 3.247062e-08 4.104169e-08
1.054000e-09 3.230078e-08 4.082751e-08
1.054500e-09 3.213182e-08 4.061444e-08
1.055000e-09 3.196374e-08 4.040247e-08
1.055500e-09 3.179653e-08 4.019161e-08
1.056000e-09 3.163019e-08 3.998183e-08
1.056500e-09 3.146472e-08 3.977314e-08
1.057000e-09 3.130010e-08 3.956553e-08
1.057500e-09 3.113634e-08 3.935900e-08
1.058000e-09 3.097343e-08 3.915353e-08
1.058500e-09 3.081137e-08 3.894914e-08
1.059000e-09 3.065015e-08 3.874580e-08
1.059500e-09 3.048976e-08 3.854351e-08
1.060000e-09 3.033021e-08 3.834227e-08
1.060500e-09 3.017149e-08 3.814208e-08
1.061000e-09 3.001360e-08 3.794292e-08
1.061500e-09 2.985652e-08 3.774479e-08
1.062000e-09 2.970027e-08 3.754770e-08
1.062500e-09 2.954482e-08 3.735162e-08
1.063000e-09 2.939018e-08 3.715656e-08
1.063500e-09 2.923635e-08 3.696251e-08
1.064000e-09 2.908331e-08 3.676946e-08
1.064500e-09 2.893107e-08 3.657742e-08
1.065000e-09 2.877963e-08 3.638637e-08
1.065500e-09 2.862897e-08 3.619632e-08
1.066000e-09 2.847909e-08 3.600725e-08
1.066500e-09 2.832999e-08 3.581916e-08
1.067000e-09 2.818167e-08 3.563204e-08
1.067500e-09 2.803412e-08 3.544589e-08
1.068000e-09 2.788733e-08 3.526071e-08
1.068500e-09 2.774131e-08 3.507650e-08
1.069000e-09 2.759605e-08 3.489323e-08
1.069500e-09 2.745155e-08 3.471092e-08
1.070000e-09 2.730779e-08 3.452955e-08
1.070500e-09 2.716479e-08 3.434912e-08
1.071000e-09 2.702252e-08 3.416963e-08
1.071500e-09 2.688100e-08 3.399107e-08
1.072000e-09 2.674022e-08 3.381344e-08
1.072500e-09 2.660016e-08 3.363672e-08
1.073000e-09 2.646084e-08 3.346093e-08
1.073500e-09 2.632224e-08 3.328605e-08
1.074000e-09 2.618436e-08 3.311207e-08
1.074500e-09 2.604720e-08 3.293900e-08
1.075000e-09 2.591075e-08 3.276682e-08
1.075500e-09 2.577501e-08 3.259554e-08
1.076000e-09 2.563998e-08 3.242515e-08
1.076500e-09 2.550565e-08 3.225564e-08
1.077000e-09 2.537202e-08 3.208701e-08
1.077500e-09 2.523909e-08 3.191926e-08
1.078000e-09 2.510685e-08 3.175238e-08
1.078500e-09 2.497529e-08 3.158636e-08
1.079000e-09 2.484442e-08 3.142121e-08
1.079500e-09 2.471424e-08 3.125691e-08
1.080000e-09 2.458473e-08 3.109347e-08
1.080500e-09 2.445589e-08 3.093087e-08
1.081000e-09 2.432773e-08 3.076912e-08
1.081500e-09 2.420023e-08 3.060821e-08
1.082000e-09 2.407339e-08 3.044813e-08
1.082500e-09 2.394722e-08 3.028889e-08
1.083000e-09 2.382170e-08 3.013047e-08
1.083500e-09 2.369684e-08 2.997288e-08
1.084000e-09 2.357263e-08 2.981610e-08
1.084500e-09 2.344906e-08 2.966014e-08
1.085000e-09 2.332614e-08 2.950499e-08
1.085500e-09 2.320386e-08 2.935064e-08
1.086000e-09 2.308221e-08 2.919710e-08
1.086500e-09 2.296120e-08 2.904435e-08
1.087000e-09 2.284082e-08 2.889240e-08
1.087500e-09 2.272107e-08 2.874124e-08
1.088000e-09 2.260194e-08 2.859086e-08
1.088500e-09 2.248343e-08 2.844126e-08
1.089000e-09 2.236553e-08 2.829244e-08
1.089500e-09 2.224826e-08 2.814440e-08
1.090000e-09 2.213159e-08 2.799712e-08
1.090500e-09 2.201553e-08 2.785061e-08
1.091000e-09 2.190007e-08 2.770486e-08
1.091500e-09 2.178522e-08 2.755987e-08
1.092000e-09 2.167097e-08 2.741563e-08
1.092500e-09 2.155731e-08 2.727214e-08
1.093000e-09 2.144424e-08 2.712940e-08
1.093500e-09 2.133177e-08 2.698740e-08
1.094000e-09 2.121987e-08 2.684613e-08
1.094500e-09 2.110857e-08 2.670561e-08
1.095000e-09 2.099784e-08 2.656581e-08
1.095500e-09 2.088769e-08 2.642674e-08
1.096000e-09 2.077811e-08 2.628839e-08
1.096500e-09 2.066911e-08 2.615076e-08
1.097000e-09 2.056067e-08 2.601385e-08
1.097500e-09 2.045280e-08 2.587765e-08
1.098000e-09 2.034549e-08 2.574215e-08
1.098500e-09 2.023874e-08 2.560737e-08
1.099000e-09 2.013255e-08 2.547328e-08
1.099500e-09 2.002691e-08 2.533989e-08
1.100000e-09 1.992182e-08 2.520719e-08
1.100500e-09 1.981728e-08 2.507519e-08
1.101000e-09 1.971328e-08 2.494387e-08
1.101500e-09 1.960983e-08 2.481323e-08
1.102000e-09 1.950692e-08 2.468328e-08
1.102500e-09 1.940454e-08 2.455400e-08
1.103000e-09 1.930270e-08 2.442539e-08
1.103500e-09 1.920139e-08 2.429745e-08
1.104000e-09 1.910060e-08 2.417018e-08
1.104500e-09 1.900035e-08 2.404357e-08
1.105000e-09 1.890061e-08 2.391762e-08
1.105500e-09 1.880140e-08 2.379232e-08
1.106000e-09 1.870270e-08 2.366767e-08
1.106500e-09 1.860452e-08 2.354368e-08
1.107000e-09 1.850685e-08 2.342033e-08
1.107500e-09 1.840969e-08 2.329762e-08
1.108000e-09 1.831304e-08 2.317555e-08
1.108500e-09 1.821689e-08 2.305412e-08
1.109000e-09 1.812124e-08 2.293331e-08
1.109500e-09 1.802610e-08 2.281314e-08
1.110000e-09 1.793145e-08 2.269359e-08
1.110500e-09 1.783729e-08 2.257467e-08
1.111000e-09 1.774362e-08 2.245636e-08
1.111500e-09 1.765045e-08 2.233867e-08
1.112000e-09 1.755776e-08 2.222159e-08
1.112500e-09 1.746555e-08 2.210513e-08
1.113000e-09 1.737382e-08 2.198926e-08
1.113500e-09 1.728258e-08 2.187401e-08
1.114000e-09 1.719181e-08 2.175935e-08
1.114500e-09 1.710151e-08 2.164529e-08
1.115000e-09 1.701169e-08 2.153182e-08
1.115500e-09 1.692233e-08 2.141895e-08
1.116000e-09 1.683344e-08 2.130666e-08
1.116500e-09 1.674502e-08 2.119495e-08
1.117000e-09 1.665705e-08 2.108383e-08
1.117500e-09 1.656955e-08 2.097329e-08
1.118000e-09 1.648250e-08 2.086333e-08
1.118500e-09 1.639591e-08 2.075393e-08
1.119000e-09 1.630977e-08 2.064511e-08
1.119500e-09 1.622408e-08 2.053685e-08
1.120000e-09 1.613884e-08 2.042916e-08
1.120500e-09 1.605404e-08 2.032203e-08
1.121000e-09 1.596968e-08 2.021545e-08
1.121500e-09 1.588577e-08 2.010944e-08
1.122000e-09 1.580229e-08 2.000397e-08
1.122500e-09 1.571925e-08 1.989905e-08
1.123000e-09 1.563665e-08 1.979469e-08
1.123500e-09 1.555447e-08 1.969086e-08
1.124000e-09 1.547273e-08 1.958758e-08
1.124500e-09 1.539141e-08 1.948483e-08
1.125000e-09 1.531052e-08 1.938262e-08
1.125500e-09 1.523005e-08 1.928094e-08
1.126000e-09 1.515000e-08 1.917980e-08
1.126500e-09 1.507036e-08 1.907918e-08
1.127000e-09 1.499115e-08 1.897908e-08
1.127500e-09 1.491235e-08 1.887951e-08
1.128000e-09 1.483396e-08 1.878045e-08
1.128500e-09 1.475598e-08 1.868191e-08
1.129000e-09 1.467840e-08 1.858389e-08
1.129500e-09 1.460124e-08 1.848638e-08
1.130000e-09 1.452447e-08 1.838937e-08
1.130500e-09 1.444811e-08 1.829287e-08
1.131000e-09 1.437215e-08 1.819688e-08
1.131500e-09 1.429658e-08 1.810138e-08
1.132000e-09 1.422141e-08 1.800638e-08
1.132500e-09 1.414663e-08 1.791188e-08
1.133000e-09 1.407224e-08 1.781787e-08
1.133500e-09 1.399824e-08 1.772436e-08
1.134000e-09 1.392463e-08 1.763133e-08
1.134500e-09 1.385141e-08 1.753878e-08
1.135000e-09 1.377856e-08 1.744672e-08
1.135500e-09 1.370610e-08 1.735514e-08
1.136000e-09 1.363402e-08 1.726403e-08
1.136500e-09 1.356231e-08 1.717340e-08
1.137000e-09 1.349098e-08 1.708325e-08
1.137500e-09 1.342002e-08 1.699356e-08
1.138000e-09 1.334943e-08 1.690434e-08
1.138500e-09 1.327921e-08 1.681559e-08
1.139000e-09 1.320936e-08 1.672730e-08
1.139500e-09 1.313987e-08 1.663947e-08
1.140000e-09 1.307075e-08 1.655210e-08
1.140500e-09 1.300199e-08 1.646519e-08
1.141000e-09 1.293359e-08 1.637873e-08
1.141500e-09 1.286554e-08 1.629272e-08
1.142000e-09 1.279786e-08 1.620716e-08
1.142500e-09 1.273052e-08 1.612205e-08
1.143000e-09 1.266354e-08 1.603738e-08
1.143500e-09 1.259691e-08 1.595315e-08
1.144000e-09 1.253063e-08 1.586936e-08
1.144500e-09 1.246469e-08 1.578601e-08
1.145000e-09 1.239910e-08 1.570310e-08
1.145500e-09 1.233385e-08 1.562061e-08
1.146000e-09 1.226895e-08 1.553856e-08
1.146500e-09 1.220438e-08 1.545694e-08
1.147000e-09 1.214015e-08 1.537574e-08
1.147500e-09 1.207626e-08 1.529497e-08
1.148000e-09 1.201270e-08 1.521462e-08
1.148500e-09 1.194948e-08 1.513469e-08
1.149000e-09 1.188659e-08 1.505517e-08
1.149500e-09 1.182402e-08 1.497607e-08
1.150000e-09 1.176178e-08 1.489739e-08
1.150500e-09 1.169987e-08 1.481911e-08
1.151000e-09 1.163828e-08 1.474125e-08
1.151500e-09 1.157702e-08 1.466379e-08
1.152000e-09 1.151607e-08 1.458673e-08
1.152500e-09 1.145545e-08 1.451008e-08
1.153000e-09 1.139514e-08 1.443383e-08
1.153500e-09 1.133515e-08 1.435798e-08
1.154000e-09 1.127547e-08 1.428252e-08
1.154500e-09 1.121611e-08 1.420746e-08
1.155000e-09 1.115705e-08 1.413278e-08
1.155500e-09 1.109830e-08 1.405850e-08
1.156000e-09 1.103987e-08 1.398461e-08
1.156500e-09 1.098174e-08 1.391111e-08
1.157000e-09 1.092391e-08 1.383798e-08
1.157500e-09 1.086638e-08 1.376524e-08
1.158000e-09 1.080916e-08 1.369288e-08
1.158500e-09 1.075224e-08 1.362090e-08
1.159000e-09 1.069561e-08 1.354930e-08
1.159500e-09 1.063928e-08 1.347806e-08
1.160000e-09 1.058325e-08 1.340721e-08
1.160500e-09 1.052751e-08 1.333672e-08
1.161000e-09 1.047206e-08 1.326660e-08
1.161500e-09 1.041690e-08 1.319684e-08
1.162000e-09 1.036203e-08 1.312745e-08
1.162500e-09 1.030745e-08 1.305843e-08
1.163000e-09 1.025316e-08 1.298976e-08
1.163500e-09 1.019915e-08 1.292146e-08
1.164000e-09 1.014542e-08 1.285351e-08
1.164500e-09 1.009197e-08 1.278591e-08
1.165000e-09 1.003881e-08 1.271867e-08
1.165500e-09 9.985917e-09 1.265178e-08
1.166000e-09 9.933307e-09 1.258525e-08
1.166500e-09 9.880972e-09 1.251905e-08
1.167000e-09 9.828911e-09 1.245321e-08
1.167500e-09 9.777123e-09 1.238771e-08
1.168000e-09 9.725607e-09 1.232255e-08
1.168500e-09 9.674361e-09 1.225773e-08
1.169000e-09 9.623383e-09 1.219325e-08
1.169500e-09 9.572672e-09 1.212911e-08
1.170000e-09 9.522228e-09 1.206531e-08
1.170500e-09 9.472047e-09 1.200184e-08
1.171000e-09 9.422130e-09 1.193870e-08
1.171500e-09 9.372475e-09 1.187589e-08
1.172000e-09 9.323079e-09 1.181341e-08
1.172500e-09 9.273943e-09 1.175125e-08
1.173000e-09 9.225064e-09 1.168942e-08
1.173500e-09 9.176442e-09 1.162792e-08
1.174000e-09 9.128074e-09 1.156673e-08
1.174500e-09 9.079960e-09 1.150587e-08
1.175000e-09 9.032099e-09 1.144532e-08
1.175500e-09 8.984488e-09 1.138510e-08
1.176000e-09 8.937127e-09 1.132518e-08
1.176500e-09 8.890015e-09 1.126558e-08
1.177000e-09 8.843149e-09 1.120630e-08
1.177500e-09 8.796529e-09 1.114732e-08
1.178000e-09 8.750154e-09 1.108865e-08
1.178500e-09 8.704022e-09 1.103029e-08
1.179000e-09 8.658132e-09 1.097223e-08
1.179500e-09 8.612483e-09 1.091448e-08
1.180000e-09 8.567073e-09 1.085703e-08
1.180500e-09 8.521901e-09 1.079988e-08
1.181000e-09 8.476966e-09 1.074303e-08
1.181500e-09 8.432267e-09 1.068648e-08
1.182000e-09 8.387802e-09 1.063022e-08
1.182500e-09 8.343571e-09 1.057426e-08
1.183000e-09 8.299572e-09 1.051859e-08
1.183500e-09 8.255803e-09 1.046321e-08
1.184000e-09 8.212265e-09 1.040813e-08
1.184500e-09 8.168954e-09 1.035333e-08
1.185000e-09 8.125871e-09 1.029882e-08
1.185500e-09 8.083014e-09 1.024459e-08
1.186000e-09 8.040382e-09 1.019065e-08
1.186500e-09 7.997974e-09 1.013699e-08
1.187000e-09 7.955788e-09 1.008361e-08
1.187500e-09 7.913823e-09 1.003051e-08
1.188000e-09 7.872079e-09 9.977686e-09
1.188500e-09 7.830554e-09 9.925141e-09
1.189000e-09 7.789246e-09 9.872872e-09
1.189500e-09 7.748156e-09 9.820876e-09
1.190000e-09 7.707281e-09 9.769152e-09
1.190500e-09 7.666621e-09 9.717700e-09
1.191000e-09 7.626174e-09 9.666517e-09
1.191500e-09 7.585940e-09 9.615602e-09
1.192000e-09 7.545916e-09 9.564954e-09
1.192500e-09 7.506103e-09 9.514571e-09
1.193000e-09 7.466499e-09 9.464452e-09
1.193500e-09 7.427103e-09 9.414596e-09
1.194000e-09 7.387913e-09 9.365001e-09
1.194500e-09 7.348930e-09 9.315666e-09
1.195000e-09 7.310151e-09 9.266589e-09
1.195500e-09 7.271575e-09 9.217770e-09
1.196000e-09 7.233202e-09 9.169206e-09
1.196500e-09 7.195031e-09 9.120897e-09
1.197000e-09 7.157060e-09 9.072841e-09
1.197500e-09 7.119289e-09 9.025037e-09
1.198000e-09 7.081715e-09 8.977483e-09
1.198500e-09 7.044339e-09 8.930179e-09
1.199000e-09 7.007160e-09 8.883123e-09
1.199500e-09 6.970176e-09 8.836313e-09
1.200000e-09 6.933386e-09 8.789749e-09
