0.000000e+00 0 0
5.000000e-13 0 0
1.000000e-12 0 0
1.500000e-12 0 0
2.000000e-12 0 0
2.500000e-12 0 0
3.000000e-12 0 0
3.500000e-12 0 0
4.000000e-12 0 0
4.500000e-12 0 0
5.000000e-12 0 0
5.500000e-12 0 0
6.000000e-12 0 0
6.500000e-12 0 0
7.000000e-12 0 0
7.500000e-12 0 0
8.000000e-12 0 0
8.500000e-12 0 0
9.000000e-12 0 0
9.500000e-12 0 0
1.000000e-11 0 0
1.050000e-11 0 0
1.100000e-11 0 0
1.150000e-11 0 0
1.200000e-11 0 0
1.250000e-11 0 0
1.300000e-11 0 0
1.350000e-11 0 0
1.400000e-11 0 0
1.450000e-11 0 0
1.500000e-11 0 0
1.550000e-11 0 0
1.600000e-11 0 0
1.650000e-11 0 0
1.700000e-11 0 0
1.750000e-11 0 0
1.800000e-11 0 0
1.850000e-11 0 0
1.900000e-11 0 0
1.950000e-11 0 0
2.000000e-11 0 0
2.050000e-11 0 0
2.100000e-11 0 0
2.150000e-11 0 0
2.200000e-11 0 0
2.250000e-11 0 0
2.300000e-11 0 0
2.350000e-11 0 0
2.400000e-11 0 0
2.450000e-11 0 0
2.500000e-11 0 0
2.550000e-11 0 0
2.600000e-11 0 0
2.650000e-11 0 0
2.700000e-11 0 0
2.750000e-11 0 0
2.800000e-11 0 0
2.850000e-11 0 0
2.900000e-11 0 0
2.950000e-11 0 0
3.000000e-11 0 0
3.050000e-11 0 0
3.100000e-11 0 0
3.150000e-11 0 0
3.200000e-11 0 0
3.250000e-11 0 0
3.300000e-11 0 0
3.350000e-11 0 0
3.400000e-11 0 0
3.450000e-11 0 0
3.500000e-11 0 0
3.550000e-11 0 0
3.600000e-11 0 0
3.650000e-11 0 0
3.700000e-11 0 0
3.750000e-11 0 0
3.800000e-11 0 0
3.850000e-11 0 0
3.900000e-11 0 0
3.950000e-11 0 0
4.000000e-11 0 0
4.050000e-11 0 0
4.100000e-11 0 0
4.150000e-11 0 0
4.200000e-11 0 0
4.250000e-11 0 0
4.300000e-11 0 0
4.350000e-11 0 0
4.400000e-11 0 0
4.450000e-11 0 0
4.500000e-11 0 0
4.550000e-11 0 0
4.600000e-11 0 0
4.650000e-11 0 0
4.700000e-11 0 0
4.750000e-11 0 0
4.800000e-11 0 0
4.850000e-11 0 0
4.900000e-11 0 0
4.950000e-11 0 0
5.000000e-11 0 0
5.050000e-11 0 0
5.100000e-11 0 0
5.150000e-11 0 0
5.200000e-11 0 0
5.250000e-11 0 0
5.300000e-11 0 0
5.350000e-11 0 0
5.400000e-11 0 0
5.450000e-11 0 0
5.500000e-11 0 0
5.550000e-11 0 0
5.600000e-11 0 0
5.650000e-11 0 0
5.700000e-11 0 0
5.750000e-11 0 0
5.800000e-11 0 0
5.850000e-11 0 0
5.900000e-11 0 0
5.950000e-11 0 0
6.000000e-11 0 0
6.050000e-11 0 0
6.100000e-11 0 0
6.150000e-11 0 0
6.200000e-11 0 0
6.250000e-11 0 0
6.300000e-11 0 0
6.350000e-11 0 0
6.400000e-11 0 0
6.450000e-11 0 0
6.500000e-11 0 0
6.550000e-11 0 0
6.600000e-11 0 0
6.650000e-11 0 0
6.700000e-11 0 0
6.750000e-11 0 0
6.800000e-11 0 0
6.850000e-11 0 0
6.900000e-11 0 0
6.950000e-11 0 0
7.000000e-11 0 0
7.050000e-11 0 0
7.100000e-11 0 0
7.150000e-11 0 0
7.200000e-11 0 0
7.250000e-11 0 0
7.300000e-11 0 0
7.350000e-11 0 0
7.400000e-11 0 0
7.450000e-11 0 0
7.500000e-11 0 0
7.550000e-11 0 0
7.600000e-11 0 0
7.650000e-11 0 0
7.700000e-11 0 0
7.750000e-11 0 0
7.800000e-11 0 0
7.850000e-11 0 0
7.900000e-11 0 0
7.950000e-11 0 0
8.000000e-11 0 0
8.050000e-11 0 0
8.100000e-11 0 0
8.150000e-11 0 0
8.200000e-11 0 0
8.250000e-11 0 0
8.300000e-11 0 0
8.350000e-11 0 0
8.400000e-11 0 0
8.450000e-11 0 0
8.500000e-11 0 0
8.550000e-11 0 0
8.600000e-11 0 0
8.650000e-11 0 0
8.700000e-11 0 0
8.750000e-11 0 0
8.800000e-11 0 0
8.850000e-11 0 0
8.900000e-11 0 0
8.950000e-11 0 0
9.000000e-11 0 0
9.050000e-11 0 0
9.100000e-11 0 0
9.150000e-11 0 0
9.200000e-11 0 0
9.250000e-11 0 0
9.300000e-11 0 0
9.350000e-11 0 0
9.400000e-11 0 0
9.450000e-11 0 0
9.500000e-11 0 0
9.550000e-11 0 0
9.600000e-11 0 0
9.650000e-11 0 0
9.700000e-11 0 0
9.750000e-11 0 0
9.800000e-11 0 0
9.850000e-11 0 0
9.900000e-11 0 0
9.950000e-11 0 0
1.000000e-10 0 0
1.005000e-10 0 0
1.010000e-10 0 0
1.015000e-10 0 0
1.020000e-10 0 0
1.025000e-10 0 0
1.030000e-10 0 0
1.035000e-10 0 0
1.040000e-10 0 0
1.045000e-10 0 0
1.050000e-10 0 0
1.055000e-10 0 0
1.060000e-10 0 0
1.065000e-10 0 0
1.070000e-10 0 0
1.075000e-10 0 0
1.080000e-10 0 0
1.085000e-10 0 0
1.090000e-10 0 0
1.095000e-10 0 0
1.100000e-10 0 0
1.105000e-10 0 0
1.110000e-10 0 0
1.115000e-10 0 0
1.120000e-10 0 0
1.125000e-10 0 0
1.130000e-10 0 0
1.135000e-10 0 0
1.140000e-10 0 0
1.145000e-10 0 0
1.150000e-10 0 0
1.155000e-10 0 0
1.160000e-10 0 0
1.165000e-10 0 0
1.170000e-10 0 0
1.175000e-10 0 0
1.180000e-10 0 0
1.185000e-10 0 0
1.190000e-10 0 0
1.195000e-10 0 0
1.200000e-10 0 0
1.205000e-10 0 0
1.210000e-10 0 0
1.215000e-10 0 0
1.220000e-10 0 0
1.225000e-10 0 0
1.230000e-10 0 0
1.235000e-10 0 0
1.240000e-10 0 0
1.245000e-10 0 0
1.250000e-10 0 0
1.255000e-10 0 0
1.260000e-10 0 0
1.265000e-10 0 0
1.270000e-10 0 0
1.275000e-10 0 0
1.280000e-10 0 0
1.285000e-10 0 0
1.290000e-10 0 0
1.295000e-10 0 0
1.300000e-10 0 0
1.305000e-10 0 0
1.310000e-10 0 0
1.315000e-10 0 0
1.320000e-10 0 0
1.325000e-10 0 0
1.330000e-10 0 0
1.335000e-10 0 0
1.340000e-10 0 0
1.345000e-10 0 0
1.350000e-10 0 0
1.355000e-10 0 0
1.360000e-10 0 0
1.365000e-10 0 0
1.370000e-10 0 0
1.375000e-10 0 0
1.380000e-10 0 0
1.385000e-10 0 0
1.390000e-10 0 0
1.395000e-10 0 0
1.400000e-10 0 0
1.405000e-10 0 0
1.410000e-10 0 0
1.415000e-10 0 0
1.420000e-10 0 0
1.425000e-10 0 0
1.430000e-10 0 0
1.435000e-10 0 0
1.440000e-10 0 0
1.445000e-10 0 0
1.450000e-10 0 0
1.455000e-10 0 0
1.460000e-10 0 0
1.465000e-10 0 0
1.470000e-10 0 0
1.475000e-10 0 0
1.480000e-10 0 0
1.485000e-10 0 0
1.490000e-10 0 0
1.495000e-10 0 0
1.500000e-10 0 0
1.505000e-10 0 0
1.510000e-10 0 0
1.515000e-10 0 0
1.520000e-10 0 0
1.525000e-10 0 0
1.530000e-10 0 0
1.535000e-10 0 0
1.540000e-10 0 0
1.545000e-10 0 0
1.550000e-10 0 0
1.555000e-10 0 0
1.560000e-10 0 0
1.565000e-10 0 0
1.570000e-10 0 0
1.575000e-10 0 0
1.580000e-10 0 0
1.585000e-10 0 0
1.590000e-10 0 0
1.595000e-10 0 0
1.600000e-10 0 0
1.605000e-10 0 0
1.610000e-10 0 0
1.615000e-10 0 0
1.620000e-10 0 0
1.625000e-10 0 0
1.630000e-10 0 0
1.635000e-10 0 0
1.640000e-10 0 0
1.645000e-10 0 0
1.650000e-10 0 0
1.655000e-10 0 0
1.660000e-10 0 0
1.665000e-10 0 0
1.670000e-10 0 0
1.675000e-10 0 0
1.680000e-10 0 0
1.685000e-10 0 0
1.690000e-10 0 0
1.695000e-10 0 0
1.700000e-10 0 0
1.705000e-10 0 0
1.710000e-10 0 0
1.715000e-10 0 0
1.720000e-10 0 0
1.725000e-10 0 0
1.730000e-10 0 0
1.735000e-10 0 0
1.740000e-10 0 0
1.745000e-10 0 0
1.750000e-10 0 0
1.755000e-10 0 0
1.760000e-10 0 0
1.765000e-10 0 0
1.770000e-10 0 0
1.775000e-10 0 0
1.780000e-10 0 0
1.785000e-10 0 0
1.790000e-10 0 0
1.795000e-10 0 0
1.800000e-10 0 0
1.805000e-10 0 0
1.810000e-10 0 0
1.815000e-10 0 0
1.820000e-10 0 0
1.825000e-10 0 0
1.830000e-10 0 0
1.835000e-10 0 0
1.840000e-10 0 0
1.845000e-10 0 0
1.850000e-10 0 0
1.855000e-10 0 0
1.860000e-10 0 0
1.865000e-10 0 0
1.870000e-10 0 0
1.875000e-10 0 0
1.880000e-10 0 0
1.885000e-10 0 0
1.890000e-10 0 0
1.895000e-10 0 0
1.900000e-10 0 0
1.905000e-10 0 0
1.910000e-10 0 0
1.915000e-10 0 0
1.920000e-10 0 0
1.925000e-10 0 0
1.930000e-10 0 0
1.935000e-10 0 0
1.940000e-10 0 0
1.945000e-10 0 0
1.950000e-10 0 0
1.955000e-10 0 0
1.960000e-10 0 0
1.965000e-10 0 0
1.970000e-10 0 0
1.975000e-10 0 0
1.980000e-10 0 0
1.985000e-10 0 0
1.990000e-10 0 0
1.995000e-10 0 0
2.000000e-10 0 0
2.005000e-10 0 0
2.010000e-10 0 0
2.015000e-10 0 0
2.020000e-10 0 0
2.025000e-10 0 0
2.030000e-10 0 0
2.035000e-10 0 0
2.040000e-10 0 0
2.045000e-10 0 0
2.050000e-10 0 0
2.055000e-10 0 0
2.060000e-10 0 0
2.065000e-10 0 0
2.070000e-10 0 0
2.075000e-10 0 0
2.080000e-10 0 0
2.085000e-10 0 0
2.090000e-10 0 0
2.095000e-10 0 0
2.100000e-10 0 0
2.105000e-10 0 0
2.110000e-10 0 0
2.115000e-10 0 0
2.120000e-10 0 0
2.125000e-10 0 0
2.130000e-10 0 0
2.135000e-10 0 0
2.140000e-10 0 0
2.145000e-10 0 0
2.150000e-10 0 0
2.155000e-10 0 0
2.160000e-10 0 0
2.165000e-10 0 0
2.170000e-10 0 0
2.175000e-10 0 0
2.180000e-10 0 0
2.185000e-10 0 0
2.190000e-10 0 0
2.195000e-10 0 0
2.200000e-10 0 0
2.205000e-10 0 0
2.210000e-10 0 0
2.215000e-10 0 0
2.220000e-10 0 0
2.225000e-10 0 0
2.230000e-10 0 0
2.235000e-10 0 0
2.240000e-10 0 0
2.245000e-10 0 0
2.250000e-10 0 0
2.255000e-10 0 0
2.260000e-10 0 0
2.265000e-10 0 0
2.270000e-10 0 0
2.275000e-10 0 0
2.280000e-10 0 0
2.285000e-10 0 0
2.290000e-10 0 0
2.295000e-10 0 0
2.300000e-10 0 0
2.305000e-10 0 0
2.310000e-10 0 0
2.315000e-10 0 0
2.320000e-10 0 0
2.325000e-10 0 0
2.330000e-10 0 0
2.335000e-10 0 0
2.340000e-10 0 0
2.345000e-10 0 0
2.350000e-10 0 0
2.355000e-10 0 0
2.360000e-10 0 0
2.365000e-10 0 0
2.370000e-10 0 0
2.375000e-10 0 0
2.380000e-10 0 0
2.385000e-10 0 0
2.390000e-10 0 0
2.395000e-10 0 0
2.400000e-10 0 0
2.405000e-10 0 0
2.410000e-10 0 0
2.415000e-10 0 0
2.420000e-10 0 0
2.425000e-10 0 0
2.430000e-10 0 0
2.435000e-10 0 0
2.440000e-10 0 0
2.445000e-10 0 0
2.450000e-10 0 0
2.455000e-10 0 0
2.460000e-10 0 0
2.465000e-10 0 0
2.470000e-10 0 0
2.475000e-10 0 0
2.480000e-10 0 0
2.485000e-10 0 0
2.490000e-10 0 0
2.495000e-10 0 0
2.505000e-10 0.000000e+00 0
2.510000e-10 1.022248e-05 0
2.515000e-10 1.437668e-05 0
2.520000e-10 1.751021e-05 0
2.525000e-10 2.010703e-05 0
2.530000e-10 2.235580e-05 0
2.535000e-10 2.435388e-05 0
2.540000e-10 2.615946e-05 0
2.545000e-10 2.781071e-05 0
2.550000e-10 2.933429e-05 0
2.555000e-10 3.074974e-05 0
2.560000e-10 3.207193e-05 0
2.565000e-10 3.331246e-05 0
2.570000e-10 3.448061e-05 0
2.575000e-10 3.558398e-05 0
2.580000e-10 3.662886e-05 0
2.585000e-10 3.762054e-05 0
2.590000e-10 3.856353e-05 0
2.595000e-10 3.946170e-05 0
2.600000e-10 4.031843e-05 0
2.605000e-10 4.113666e-05 0
2.610000e-10 4.191900e-05 0
2.615000e-10 4.266776e-05 0
2.620000e-10 4.338501e-05 0
2.625000e-10 4.407260e-05 0
2.630000e-10 4.473221e-05 0
2.635000e-10 4.536535e-05 0
2.640000e-10 4.597341e-05 0
2.645000e-10 4.655765e-05 0
2.650000e-10 4.711924e-05 0
2.655000e-10 4.765925e-05 0
2.660000e-10 4.817865e-05 0
2.665000e-10 4.867837e-05 0
2.670000e-10 4.915926e-05 0
2.675000e-10 4.962209e-05 0
2.680000e-10 5.006761e-05 0
2.685000e-10 5.049651e-05 0
2.690000e-10 5.090943e-05 0
2.695000e-10 5.130697e-05 0
2.700000e-10 5.168972e-05 0
2.705000e-10 5.205819e-05 0
2.710000e-10 5.241291e-05 0
2.715000e-10 5.275435e-05 0
2.720000e-10 5.308295e-05 0
2.725000e-10 5.339916e-05 0
2.730000e-10 5.370338e-05 0
2.735000e-10 5.399599e-05 0
2.740000e-10 5.427737e-05 0
2.745000e-10 5.454786e-05 0
2.750000e-10 5.480781e-05 0
2.755000e-10 5.505752e-05 0
2.760000e-10 5.529731e-05 0
2.765000e-10 5.552746e-05 0
2.770000e-10 5.574826e-05 0
2.775000e-10 5.595998e-05 0
2.780000e-10 5.616286e-05 0
2.785000e-10 5.635717e-05 0
2.790000e-10 5.654313e-05 0
2.795000e-10 5.672097e-05 0
2.800000e-10 5.689091e-05 0
2.805000e-10 5.705317e-05 0.000000e+00
2.810000e-10 5.720794e-05 8.363847e-06
2.815000e-10 5.735543e-05 1.176273e-05
2.820000e-10 5.749581e-05 1.432654e-05
2.825000e-10 5.762927e-05 1.645121e-05
2.830000e-10 5.775600e-05 1.829111e-05
2.835000e-10 5.787615e-05 1.992590e-05
2.840000e-10 5.798990e-05 2.140319e-05
2.845000e-10 5.809739e-05 2.275421e-05
2.850000e-10 5.819879e-05 2.400078e-05
2.855000e-10 5.829425e-05 2.515888e-05
2.860000e-10 5.838390e-05 2.624067e-05
2.865000e-10 5.846789e-05 2.725565e-05
2.870000e-10 5.854636e-05 2.821141e-05
2.875000e-10 5.861943e-05 2.911417e-05
2.880000e-10 5.868723e-05 2.996907e-05
2.885000e-10 5.874988e-05 3.078044e-05
2.890000e-10 5.880751e-05 3.155198e-05
2.895000e-10 5.886024e-05 3.228685e-05
2.900000e-10 5.890817e-05 3.298780e-05
2.905000e-10 5.895141e-05 3.365727e-05
2.910000e-10 5.899008e-05 3.429737e-05
2.915000e-10 5.902427e-05 3.490999e-05
2.920000e-10 5.905409e-05 3.549683e-05
2.925000e-10 5.907964e-05 3.605940e-05
2.930000e-10 5.910102e-05 3.659908e-05
2.935000e-10 5.911830e-05 3.711710e-05
2.940000e-10 5.913160e-05 3.761461e-05
2.945000e-10 5.914099e-05 3.809263e-05
2.950000e-10 5.914656e-05 3.855211e-05
2.955000e-10 5.914840e-05 3.899393e-05
2.960000e-10 5.914659e-05 3.941890e-05
2.965000e-10 5.914120e-05 3.982776e-05
2.970000e-10 5.913233e-05 4.022121e-05
2.975000e-10 5.912003e-05 4.059989e-05
2.980000e-10 5.910440e-05 4.096441e-05
2.985000e-10 5.908549e-05 4.131532e-05
2.990000e-10 5.906339e-05 4.165317e-05
2.995000e-10 5.903816e-05 4.197843e-05
3.000000e-10 5.900986e-05 4.229159e-05
3.005000e-10 5.897857e-05 4.259307e-05
3.010000e-10 5.894435e-05 4.288329e-05
3.015000e-10 5.890727e-05 4.316265e-05
3.020000e-10 5.886737e-05 4.343151e-05
3.025000e-10 5.882473e-05 4.369022e-05
3.030000e-10 5.877940e-05 4.393913e-05
3.035000e-10 5.873145e-05 4.417854e-05
3.040000e-10 5.868092e-05 4.440876e-05
3.045000e-10 5.862788e-05 4.463007e-05
3.050000e-10 5.857237e-05 4.484275e-05
3.055000e-10 5.851445e-05 4.504706e-05
3.060000e-10 5.845418e-05 4.524325e-05
3.065000e-10 5.839159e-05 4.543156e-05
3.070000e-10 5.832675e-05 4.561221e-05
3.075000e-10 5.825970e-05 4.578543e-05
3.080000e-10 5.819049e-05 4.595143e-05
3.085000e-10 5.811916e-05 4.611041e-05
3.090000e-10 5.804576e-05 4.626256e-05
3.095000e-10 5.797034e-05 4.640807e-05
3.100000e-10 5.789293e-05 4.654711e-05
3.105000e-10 5.781359e-05 4.667987e-05
3.110000e-10 5.773235e-05 4.680650e-05
3.115000e-10 5.764926e-05 4.692717e-05
3.120000e-10 5.756435e-05 4.704203e-05
3.125000e-10 5.747767e-05 4.715122e-05
3.130000e-10 5.738926e-05 4.725491e-05
3.135000e-10 5.729914e-05 4.735321e-05
3.140000e-10 5.720737e-05 4.744628e-05
3.145000e-10 5.711397e-05 4.753423e-05
3.150000e-10 5.701898e-05 4.761719e-05
3.155000e-10 5.692244e-05 4.769529e-05
3.160000e-10 5.682439e-05 4.776865e-05
3.165000e-10 5.672485e-05 4.783737e-05
3.170000e-10 5.662386e-05 4.790156e-05
3.175000e-10 5.652145e-05 4.796135e-05
3.180000e-10 5.641765e-05 4.801682e-05
3.185000e-10 5.631250e-05 4.806809e-05
3.190000e-10 5.620603e-05 4.811524e-05
3.195000e-10 5.609826e-05 4.815838e-05
3.200000e-10 5.598923e-05 4.819759e-05
3.205000e-10 5.587897e-05 4.823297e-05
3.210000e-10 5.576750e-05 4.826461e-05
3.215000e-10 5.565486e-05 4.829259e-05
3.220000e-10 5.554106e-05 4.831699e-05
3.225000e-10 5.542614e-05 4.833789e-05
3.230000e-10 5.531013e-05 4.835538e-05
3.235000e-10 5.519304e-05 4.836952e-05
3.240000e-10 5.507491e-05 4.838040e-05
3.245000e-10 5.495577e-05 4.838808e-05
3.250000e-10 5.483562e-05 4.839264e-05
3.255000e-10 5.471451e-05 4.839414e-05
3.260000e-10 5.459246e-05 4.839266e-05
3.265000e-10 5.446948e-05 4.838826e-05
3.270000e-10 5.434560e-05 4.838100e-05
3.275000e-10 5.422085e-05 4.837094e-05
3.280000e-10 5.409524e-05 4.835814e-05
3.285000e-10 5.396880e-05 4.834268e-05
3.290000e-10 5.384154e-05 4.832459e-05
3.295000e-10 5.371350e-05 4.830395e-05
3.300000e-10 5.358469e-05 4.828080e-05
3.305000e-10 5.345514e-05 4.825520e-05
3.310000e-10 5.332485e-05 4.822720e-05
3.315000e-10 5.319385e-05 4.819685e-05
3.320000e-10 5.306217e-05 4.816421e-05
3.325000e-10 5.292982e-05 4.812933e-05
3.330000e-10 5.279681e-05 4.809224e-05
3.335000e-10 5.266317e-05 4.805300e-05
3.340000e-10 5.252892e-05 4.801166e-05
3.345000e-10 5.239407e-05 4.796826e-05
3.350000e-10 5.225864e-05 4.792285e-05
3.355000e-10 5.212264e-05 4.787546e-05
3.360000e-10 5.198611e-05 4.782614e-05
3.365000e-10 5.184904e-05 4.777494e-05
3.370000e-10 5.171146e-05 4.772189e-05
3.375000e-10 5.157338e-05 4.766703e-05
3.380000e-10 5.143482e-05 4.761040e-05
3.385000e-10 5.129580e-05 4.755204e-05
3.390000e-10 5.115633e-05 4.749199e-05
3.395000e-10 5.101642e-05 4.743028e-05
3.400000e-10 5.087609e-05 4.736695e-05
3.405000e-10 5.073536e-05 4.730203e-05
3.410000e-10 5.059424e-05 4.723556e-05
3.415000e-10 5.045273e-05 4.716758e-05
3.420000e-10 5.031087e-05 4.709811e-05
3.425000e-10 5.016865e-05 4.702719e-05
3.430000e-10 5.002610e-05 4.695485e-05
3.435000e-10 4.988322e-05 4.688112e-05
3.440000e-10 4.974003e-05 4.680603e-05
3.445000e-10 4.959655e-05 4.672961e-05
3.450000e-10 4.945278e-05 4.665189e-05
3.455000e-10 4.930873e-05 4.657291e-05
3.460000e-10 4.916443e-05 4.649268e-05
3.465000e-10 4.901987e-05 4.641124e-05
3.470000e-10 4.887508e-05 4.632861e-05
3.475000e-10 4.873006e-05 4.624482e-05
3.480000e-10 4.858482e-05 4.615990e-05
3.485000e-10 4.843938e-05 4.607387e-05
3.490000e-10 4.829375e-05 4.598675e-05
3.495000e-10 4.814793e-05 4.589858e-05
3.500000e-10 4.800195e-05 4.580937e-05
3.505000e-10 4.785580e-05 4.571916e-05
3.510000e-10 4.770950e-05 4.562796e-05
3.515000e-10 4.756306e-05 4.553579e-05
3.520000e-10 4.741648e-05 4.544269e-05
3.525000e-10 4.726979e-05 4.534866e-05
3.530000e-10 4.712298e-05 4.525374e-05
3.535000e-10 4.697607e-05 4.515794e-05
3.540000e-10 4.682907e-05 4.506129e-05
3.545000e-10 4.668198e-05 4.496381e-05
3.550000e-10 4.653481e-05 4.486551e-05
3.555000e-10 4.638758e-05 4.476642e-05
3.560000e-10 4.624029e-05 4.466656e-05
3.565000e-10 4.609295e-05 4.456594e-05
3.570000e-10 4.594557e-05 4.446458e-05
3.575000e-10 4.579816e-05 4.436251e-05
3.580000e-10 4.565071e-05 4.425974e-05
3.585000e-10 4.550326e-05 4.415629e-05
3.590000e-10 4.535579e-05 4.405217e-05
3.595000e-10 4.520832e-05 4.394741e-05
3.600000e-10 4.506085e-05 4.384202e-05
3.605000e-10 4.491340e-05 4.373602e-05
3.610000e-10 4.476597e-05 4.362942e-05
3.615000e-10 4.461857e-05 4.352224e-05
3.620000e-10 4.447120e-05 4.341450e-05
3.625000e-10 4.432387e-05 4.330621e-05
3.630000e-10 4.417658e-05 4.319739e-05
3.635000e-10 4.402936e-05 4.308805e-05
3.640000e-10 4.388219e-05 4.297820e-05
3.645000e-10 4.373509e-05 4.286787e-05
3.650000e-10 4.358807e-05 4.275707e-05
3.655000e-10 4.344112e-05 4.264580e-05
3.660000e-10 4.329427e-05 4.253409e-05
3.665000e-10 4.314750e-05 4.242194e-05
3.670000e-10 4.300083e-05 4.230937e-05
3.675000e-10 4.285427e-05 4.219640e-05
3.680000e-10 4.270781e-05 4.208304e-05
3.685000e-10 4.256147e-05 4.196929e-05
3.690000e-10 4.241526e-05 4.185518e-05
3.695000e-10 4.226916e-05 4.174071e-05
3.700000e-10 4.212320e-05 4.162590e-05
3.705000e-10 4.197738e-05 4.151075e-05
3.710000e-10 4.183169e-05 4.139528e-05
3.715000e-10 4.168616e-05 4.127951e-05
3.720000e-10 4.154077e-05 4.116344e-05
3.725000e-10 4.139554e-05 4.104708e-05
3.730000e-10 4.125048e-05 4.093044e-05
3.735000e-10 4.110558e-05 4.081354e-05
3.740000e-10 4.096085e-05 4.069639e-05
3.745000e-10 4.081629e-05 4.057899e-05
3.750000e-10 4.067192e-05 4.046136e-05
3.755000e-10 4.052772e-05 4.034351e-05
3.760000e-10 4.038372e-05 4.022544e-05
3.765000e-10 4.023991e-05 4.010717e-05
3.770000e-10 4.009629e-05 3.998870e-05
3.775000e-10 3.995288e-05 3.987005e-05
3.780000e-10 3.980967e-05 3.975122e-05
3.785000e-10 3.966667e-05 3.963222e-05
3.790000e-10 3.952388e-05 3.951307e-05
3.795000e-10 3.938130e-05 3.939376e-05
3.800000e-10 3.923895e-05 3.927432e-05
3.805000e-10 3.909682e-05 3.915474e-05
3.810000e-10 3.895491e-05 3.903504e-05
3.815000e-10 3.881324e-05 3.891523e-05
3.820000e-10 3.867180e-05 3.879530e-05
3.825000e-10 3.853059e-05 3.867528e-05
3.830000e-10 3.838963e-05 3.855517e-05
3.835000e-10 3.824891e-05 3.843497e-05
3.840000e-10 3.810844e-05 3.831469e-05
3.845000e-10 3.796821e-05 3.819435e-05
3.850000e-10 3.782824e-05 3.807394e-05
3.855000e-10 3.768853e-05 3.795348e-05
3.860000e-10 3.754907e-05 3.783297e-05
3.865000e-10 3.740987e-05 3.771242e-05
3.870000e-10 3.727094e-05 3.759183e-05
3.875000e-10 3.713227e-05 3.747122e-05
3.880000e-10 3.699388e-05 3.735058e-05
3.885000e-10 3.685576e-05 3.722994e-05
3.890000e-10 3.671791e-05 3.710928e-05
3.895000e-10 3.658034e-05 3.698862e-05
3.900000e-10 3.644304e-05 3.686797e-05
3.905000e-10 3.630603e-05 3.674733e-05
3.910000e-10 3.616931e-05 3.662670e-05
3.915000e-10 3.603287e-05 3.650610e-05
3.920000e-10 3.589672e-05 3.638552e-05
3.925000e-10 3.576086e-05 3.626498e-05
3.930000e-10 3.562530e-05 3.614448e-05
3.935000e-10 3.549003e-05 3.602402e-05
3.940000e-10 3.535505e-05 3.590361e-05
3.945000e-10 3.522038e-05 3.578326e-05
3.950000e-10 3.508601e-05 3.566297e-05
3.955000e-10 3.495194e-05 3.554274e-05
3.960000e-10 3.481818e-05 3.542258e-05
3.965000e-10 3.468472e-05 3.530250e-05
3.970000e-10 3.455158e-05 3.518250e-05
3.975000e-10 3.441874e-05 3.506258e-05
3.980000e-10 3.428622e-05 3.494276e-05
3.985000e-10 3.415401e-05 3.482302e-05
3.990000e-10 3.402212e-05 3.470339e-05
3.995000e-10 3.389054e-05 3.458386e-05
4.000000e-10 3.375928e-05 3.446444e-05
4.005000e-10 3.362834e-05 3.434513e-05
4.010000e-10 3.349773e-05 3.422593e-05
4.015000e-10 3.336744e-05 3.410686e-05
4.020000e-10 3.323747e-05 3.398790e-05
4.025000e-10 3.310782e-05 3.386908e-05
4.030000e-10 3.297851e-05 3.375039e-05
4.035000e-10 3.284952e-05 3.363184e-05
4.040000e-10 3.272087e-05 3.351342e-05
4.045000e-10 3.259254e-05 3.339515e-05
4.050000e-10 3.246455e-05 3.327702e-05
4.055000e-10 3.233689e-05 3.315905e-05
4.060000e-10 3.220956e-05 3.304122e-05
4.065000e-10 3.208257e-05 3.292356e-05
4.070000e-10 3.195592e-05 3.280606e-05
4.075000e-10 3.182960e-05 3.268872e-05
4.080000e-10 3.170362e-05 3.257155e-05
4.085000e-10 3.157799e-05 3.245455e-05
4.090000e-10 3.145269e-05 3.233772e-05
4.095000e-10 3.132773e-05 3.222107e-05
4.100000e-10 3.120312e-05 3.210459e-05
4.105000e-10 3.107885e-05 3.198831e-05
4.110000e-10 3.095492e-05 3.187220e-05
4.115000e-10 3.083134e-05 3.175629e-05
4.120000e-10 3.070810e-05 3.164056e-05
4.125000e-10 3.058521e-05 3.152503e-05
4.130000e-10 3.046266e-05 3.140970e-05
4.135000e-10 3.034046e-05 3.129456e-05
4.140000e-10 3.021861e-05 3.117963e-05
4.145000e-10 3.009711e-05 3.106490e-05
4.150000e-10 2.997596e-05 3.095038e-05
4.155000e-10 2.985516e-05 3.083607e-05
4.160000e-10 2.973471e-05 3.072196e-05
4.165000e-10 2.961461e-05 3.060808e-05
4.170000e-10 2.949486e-05 3.049441e-05
4.175000e-10 2.937546e-05 3.038095e-05
4.180000e-10 2.925641e-05 3.026772e-05
4.185000e-10 2.913772e-05 3.015471e-05
4.190000e-10 2.901938e-05 3.004192e-05
4.195000e-10 2.890139e-05 2.992937e-05
4.200000e-10 2.878376e-05 2.981704e-05
4.205000e-10 2.866648e-05 2.970494e-05
4.210000e-10 2.854956e-05 2.959307e-05
4.215000e-10 2.843299e-05 2.948144e-05
4.220000e-10 2.831677e-05 2.937004e-05
4.225000e-10 2.820091e-05 2.925889e-05
4.230000e-10 2.808541e-05 2.914797e-05
4.235000e-10 2.797026e-05 2.903729e-05
4.240000e-10 2.785547e-05 2.892686e-05
4.245000e-10 2.774103e-05 2.881668e-05
4.250000e-10 2.762695e-05 2.870674e-05
4.255000e-10 2.751323e-05 2.859704e-05
4.260000e-10 2.739986e-05 2.848760e-05
4.265000e-10 2.728685e-05 2.837841e-05
4.270000e-10 2.717419e-05 2.826947e-05
4.275000e-10 2.706189e-05 2.816079e-05
4.280000e-10 2.694995e-05 2.805236e-05
4.285000e-10 2.683836e-05 2.794419e-05
4.290000e-10 2.672713e-05 2.783628e-05
4.295000e-10 2.661626e-05 2.772862e-05
4.300000e-10 2.650574e-05 2.762123e-05
4.305000e-10 2.639558e-05 2.751410e-05
4.310000e-10 2.628578e-05 2.740723e-05
4.315000e-10 2.617633e-05 2.730063e-05
4.320000e-10 2.606724e-05 2.719429e-05
4.325000e-10 2.595851e-05 2.708822e-05
4.330000e-10 2.585013e-05 2.698242e-05
4.335000e-10 2.574211e-05 2.687688e-05
4.340000e-10 2.563444e-05 2.677162e-05
4.345000e-10 2.552713e-05 2.666662e-05
4.350000e-10 2.542017e-05 2.656190e-05
4.355000e-10 2.531357e-05 2.645745e-05
4.360000e-10 2.520732e-05 2.635328e-05
4.365000e-10 2.510143e-05 2.624938e-05
4.370000e-10 2.499590e-05 2.614575e-05
4.375000e-10 2.489071e-05 2.604240e-05
4.380000e-10 2.478589e-05 2.593933e-05
4.385000e-10 2.468141e-05 2.583653e-05
4.390000e-10 2.457729e-05 2.573402e-05
4.395000e-10 2.447352e-05 2.563178e-05
4.400000e-10 2.437011e-05 2.552982e-05
4.405000e-10 2.426704e-05 2.542815e-05
4.410000e-10 2.416433e-05 2.532675e-05
4.415000e-10 2.406197e-05 2.522564e-05
4.420000e-10 2.395997e-05 2.512481e-05
4.425000e-10 2.385831e-05 2.502426e-05
4.430000e-10 2.375701e-05 2.492400e-05
4.435000e-10 2.365605e-05 2.482402e-05
4.440000e-10 2.355545e-05 2.472432e-05
4.445000e-10 2.345519e-05 2.462491e-05
4.450000e-10 2.335528e-05 2.452579e-05
4.455000e-10 2.325573e-05 2.442695e-05
4.460000e-10 2.315652e-05 2.432840e-05
4.465000e-10 2.305766e-05 2.423013e-05
4.470000e-10 2.295914e-05 2.413216e-05
4.475000e-10 2.286097e-05 2.403447e-05
4.480000e-10 2.276315e-05 2.393707e-05
4.485000e-10 2.266568e-05 2.383995e-05
4.490000e-10 2.256855e-05 2.374313e-05
4.495000e-10 2.247176e-05 2.364660e-05
4.500000e-10 2.237532e-05 2.355035e-05
4.505000e-10 2.227923e-05 2.345440e-05
4.510000e-10 2.218347e-05 2.335873e-05
4.515000e-10 2.208806e-05 2.326335e-05
4.520000e-10 2.199300e-05 2.316827e-05
4.525000e-10 2.189827e-05 2.307348e-05
4.530000e-10 2.180389e-05 2.297897e-05
4.535000e-10 2.170984e-05 2.288476e-05
4.540000e-10 2.161614e-05 2.279084e-05
4.545000e-10 2.152277e-05 2.269721e-05
4.550000e-10 2.142975e-05 2.260387e-05
4.555000e-10 2.133706e-05 2.251082e-05
4.560000e-10 2.124471e-05 2.241807e-05
4.565000e-10 2.115270e-05 2.232560e-05
4.570000e-10 2.106102e-05 2.223343e-05
4.575000e-10 2.096968e-05 2.214155e-05
4.580000e-10 2.087868e-05 2.204996e-05
4.585000e-10 2.078801e-05 2.195866e-05
4.590000e-10 2.069767e-05 2.186765e-05
4.595000e-10 2.060767e-05 2.177694e-05
4.600000e-10 2.051800e-05 2.168652e-05
4.605000e-10 2.042866e-05 2.159639e-05
4.610000e-10 2.033965e-05 2.150655e-05
4.615000e-10 2.025097e-05 2.141700e-05
4.620000e-10 2.016263e-05 2.132774e-05
4.625000e-10 2.007461e-05 2.123878e-05
4.630000e-10 1.998692e-05 2.115011e-05
4.635000e-10 1.989956e-05 2.106172e-05
4.640000e-10 1.981253e-05 2.097363e-05
4.645000e-10 1.972582e-05 2.088583e-05
4.650000e-10 1.963944e-05 2.079832e-05
4.655000e-10 1.955338e-05 2.071110e-05
4.660000e-10 1.946765e-05 2.062417e-05
4.665000e-10 1.938225e-05 2.053754e-05
4.670000e-10 1.929716e-05 2.045119e-05
4.675000e-10 1.921240e-05 2.036513e-05
4.680000e-10 1.912796e-05 2.027936e-05
4.685000e-10 1.904384e-05 2.019388e-05
4.690000e-10 1.896004e-05 2.010869e-05
4.695000e-10 1.887656e-05 2.002379e-05
4.700000e-10 1.879340e-05 1.993918e-05
4.705000e-10 1.871055e-05 1.985485e-05
4.710000e-10 1.862802e-05 1.977082e-05
4.715000e-10 1.854581e-05 1.968707e-05
4.720000e-10 1.846392e-05 1.960361e-05
4.725000e-10 1.838234e-05 1.952044e-05
4.730000e-10 1.830107e-05 1.943755e-05
4.735000e-10 1.822012e-05 1.935495e-05
4.740000e-10 1.813948e-05 1.927264e-05
4.745000e-10 1.805915e-05 1.919061e-05
4.750000e-10 1.797913e-05 1.910887e-05
4.755000e-10 1.789942e-05 1.902741e-05
4.760000e-10 1.782002e-05 1.894624e-05
4.765000e-10 1.774093e-05 1.886535e-05
4.770000e-10 1.766215e-05 1.878475e-05
4.775000e-10 1.758368e-05 1.870443e-05
4.780000e-10 1.750551e-05 1.862440e-05
4.785000e-10 1.742765e-05 1.854465e-05
4.790000e-10 1.735009e-05 1.846518e-05
4.795000e-10 1.727283e-05 1.838599e-05
4.800000e-10 1.719588e-05 1.830708e-05
4.805000e-10 1.711923e-05 1.822846e-05
4.810000e-10 1.704288e-05 1.815012e-05
4.815000e-10 1.696683e-05 1.807205e-05
4.820000e-10 1.689109e-05 1.799427e-05
4.825000e-10 1.681564e-05 1.791677e-05
4.830000e-10 1.674049e-05 1.783954e-05
4.835000e-10 1.666563e-05 1.776260e-05
4.840000e-10 1.659107e-05 1.768593e-05
4.845000e-10 1.651681e-05 1.760954e-05
4.850000e-10 1.644285e-05 1.753343e-05
4.855000e-10 1.636917e-05 1.745760e-05
4.860000e-10 1.629579e-05 1.738204e-05
4.865000e-10 1.622271e-05 1.730675e-05
4.870000e-10 1.614991e-05 1.723175e-05
4.875000e-10 1.607741e-05 1.715701e-05
4.880000e-10 1.600519e-05 1.708255e-05
4.885000e-10 1.593327e-05 1.700837e-05
4.890000e-10 1.586163e-05 1.693446e-05
4.895000e-10 1.579028e-05 1.686082e-05
4.900000e-10 1.571922e-05 1.678745e-05
4.905000e-10 1.564844e-05 1.671436e-05
4.910000e-10 1.557794e-05 1.664153e-05
4.915000e-10 1.550774e-05 1.656898e-05
4.920000e-10 1.543781e-05 1.649670e-05
4.925000e-10 1.536817e-05 1.642468e-05
4.930000e-10 1.529880e-05 1.635294e-05
4.935000e-10 1.522972e-05 1.628146e-05
4.940000e-10 1.516092e-05 1.621025e-05
4.945000e-10 1.509240e-05 1.613931e-05
4.950000e-10 1.502416e-05 1.606863e-05
4.955000e-10 1.495619e-05 1.599822e-05
4.960000e-10 1.488850e-05 1.592808e-05
4.965000e-10 1.482108e-05 1.585820e-05
4.970000e-10 1.475394e-05 1.578859e-05
4.975000e-10 1.468708e-05 1.571924e-05
4.980000e-10 1.462048e-05 1.565015e-05
4.985000e-10 1.455416e-05 1.558132e-05
4.990000e-10 1.448811e-05 1.551276e-05
4.995000e-10 1.442234e-05 1.544446e-05
5.000000e-10 1.435683e-05 1.537641e-05
5.005000e-10 1.429159e-05 1.530863e-05
5.010000e-10 1.422661e-05 1.524111e-05
5.015000e-10 1.416191e-05 1.517385e-05
5.020000e-10 1.409747e-05 1.510684e-05
5.025000e-10 1.403330e-05 1.504009e-05
5.030000e-10 1.396939e-05 1.497360e-05
5.035000e-10 1.390574e-05 1.490737e-05
5.040000e-10 1.384236e-05 1.484139e-05
5.045000e-10 1.377924e-05 1.477567e-05
5.050000e-10 1.371638e-05 1.471020e-05
5.055000e-10 1.365378e-05 1.464498e-05
5.060000e-10 1.359145e-05 1.458002e-05
5.065000e-10 1.352937e-05 1.451531e-05
5.070000e-10 1.346754e-05 1.445085e-05
5.075000e-10 1.340598e-05 1.438665e-05
5.080000e-10 1.334467e-05 1.432269e-05
5.085000e-10 1.328362e-05 1.425898e-05
5.090000e-10 1.322282e-05 1.419553e-05
5.095000e-10 1.316227e-05 1.413232e-05
5.100000e-10 1.310198e-05 1.406936e-05
5.105000e-10 1.304194e-05 1.400664e-05
5.110000e-10 1.298215e-05 1.394418e-05
5.115000e-10 1.292261e-05 1.388195e-05
5.120000e-10 1.286332e-05 1.381998e-05
5.125000e-10 1.280428e-05 1.375825e-05
5.130000e-10 1.274549e-05 1.369676e-05
5.135000e-10 1.268694e-05 1.363552e-05
5.140000e-10 1.262864e-05 1.357452e-05
5.145000e-10 1.257058e-05 1.351376e-05
5.150000e-10 1.251277e-05 1.345324e-05
5.155000e-10 1.245521e-05 1.339296e-05
5.160000e-10 1.239788e-05 1.333292e-05
5.165000e-10 1.234080e-05 1.327312e-05
5.170000e-10 1.228396e-05 1.321356e-05
5.175000e-10 1.222736e-05 1.315424e-05
5.180000e-10 1.217100e-05 1.309516e-05
5.185000e-10 1.211487e-05 1.303631e-05
5.190000e-10 1.205899e-05 1.297770e-05
5.195000e-10 1.200334e-05 1.291932e-05
5.200000e-10 1.194793e-05 1.286118e-05
5.205000e-10 1.189275e-05 1.280327e-05
5.210000e-10 1.183781e-05 1.274559e-05
5.215000e-10 1.178310e-05 1.268815e-05
5.220000e-10 1.172863e-05 1.263094e-05
5.225000e-10 1.167438e-05 1.257395e-05
5.230000e-10 1.162037e-05 1.251720e-05
5.235000e-10 1.156659e-05 1.246068e-05
5.240000e-10 1.151304e-05 1.240439e-05
5.245000e-10 1.145972e-05 1.234833e-05
5.250000e-10 1.140662e-05 1.229249e-05
5.255000e-10 1.135375e-05 1.223688e-05
5.260000e-10 1.130111e-05 1.218150e-05
5.265000e-10 1.124869e-05 1.212634e-05
5.270000e-10 1.119650e-05 1.207141e-05
5.275000e-10 1.114454e-05 1.201670e-05
5.280000e-10 1.109279e-05 1.196221e-05
5.285000e-10 1.104127e-05 1.190795e-05
5.290000e-10 1.098997e-05 1.185391e-05
5.295000e-10 1.093889e-05 1.180009e-05
5.300000e-10 1.088803e-05 1.174649e-05
5.305000e-10 1.083739e-05 1.169312e-05
5.310000e-10 1.078697e-05 1.163996e-05
5.315000e-10 1.073676e-05 1.158702e-05
5.320000e-10 1.068677e-05 1.153429e-05
5.325000e-10 1.063700e-05 1.148179e-05
5.330000e-10 1.058744e-05 1.142950e-05
5.335000e-10 1.053810e-05 1.137743e-05
5.340000e-10 1.048897e-05 1.132557e-05
5.345000e-10 1.044005e-05 1.127392e-05
5.350000e-10 1.039135e-05 1.122249e-05
5.355000e-10 1.034286e-05 1.117128e-05
5.360000e-10 1.029458e-05 1.112027e-05
5.365000e-10 1.024650e-05 1.106948e-05
5.370000e-10 1.019864e-05 1.101890e-05
5.375000e-10 1.015098e-05 1.096853e-05
5.380000e-10 1.010353e-05 1.091837e-05
5.385000e-10 1.005629e-05 1.086841e-05
5.390000e-10 1.000926e-05 1.081867e-05
5.395000e-10 9.962425e-06 1.076913e-05
5.400000e-10 9.915798e-06 1.071980e-05
5.405000e-10 9.869375e-06 1.067068e-05
5.410000e-10 9.823154e-06 1.062176e-05
5.415000e-10 9.777136e-06 1.057304e-05
5.420000e-10 9.731319e-06 1.052453e-05
5.425000e-10 9.685702e-06 1.047623e-05
5.430000e-10 9.640284e-06 1.042812e-05
5.435000e-10 9.595066e-06 1.038022e-05
5.440000e-10 9.550046e-06 1.033252e-05
5.445000e-10 9.505224e-06 1.028502e-05
5.450000e-10 9.460598e-06 1.023772e-05
5.455000e-10 9.416168e-06 1.019062e-05
5.460000e-10 9.371933e-06 1.014372e-05
5.465000e-10 9.327893e-06 1.009702e-05
5.470000e-10 9.284046e-06 1.005051e-05
5.475000e-10 9.240392e-06 1.000420e-05
5.480000e-10 9.196931e-06 9.958089e-06
5.485000e-10 9.153661e-06 9.912170e-06
5.490000e-10 9.110582e-06 9.866446e-06
5.495000e-10 9.067693e-06 9.820916e-06
5.500000e-10 9.024993e-06 9.775579e-06
5.505000e-10 8.982482e-06 9.730435e-06
5.510000e-10 8.940158e-06 9.685482e-06
5.515000e-10 8.898022e-06 9.640721e-06
5.520000e-10 8.856072e-06 9.596150e-06
5.525000e-10 8.814307e-06 9.551769e-06
5.530000e-10 8.772728e-06 9.507578e-06
5.535000e-10 8.731333e-06 9.463574e-06
5.540000e-10 8.690121e-06 9.419759e-06
5.545000e-10 8.649092e-06 9.376131e-06
5.550000e-10 8.608245e-06 9.332689e-06
5.555000e-10 8.567580e-06 9.289434e-06
5.560000e-10 8.527095e-06 9.246363e-06
5.565000e-10 8.486790e-06 9.203477e-06
5.570000e-10 8.446664e-06 9.160775e-06
5.575000e-10 8.406717e-06 9.118256e-06
5.580000e-10 8.366948e-06 9.075920e-06
5.585000e-10 8.327356e-06 9.033765e-06
5.590000e-10 8.287940e-06 8.991792e-06
5.595000e-10 8.248700e-06 8.950000e-06
5.600000e-10 8.209635e-06 8.908387e-06
5.605000e-10 8.170744e-06 8.866954e-06
5.610000e-10 8.132027e-06 8.825699e-06
5.615000e-10 8.093483e-06 8.784622e-06
5.620000e-10 8.055111e-06 8.743723e-06
5.625000e-10 8.016911e-06 8.703000e-06
5.630000e-10 7.978882e-06 8.662453e-06
5.635000e-10 7.941023e-06 8.622082e-06
5.640000e-10 7.903333e-06 8.581886e-06
5.645000e-10 7.865813e-06 8.541863e-06
5.650000e-10 7.828461e-06 8.502014e-06
5.655000e-10 7.791276e-06 8.462338e-06
5.660000e-10 7.754258e-06 8.422834e-06
5.665000e-10 7.717406e-06 8.383502e-06
5.670000e-10 7.680720e-06 8.344340e-06
5.675000e-10 7.644198e-06 8.305349e-06
5.680000e-10 7.607841e-06 8.266528e-06
5.685000e-10 7.571647e-06 8.227875e-06
5.690000e-10 7.535616e-06 8.189391e-06
5.695000e-10 7.499748e-06 8.151075e-06
5.700000e-10 7.464041e-06 8.112926e-06
5.705000e-10 7.428495e-06 8.074943e-06
5.710000e-10 7.393109e-06 8.037126e-06
5.715000e-10 7.357882e-06 7.999475e-06
5.720000e-10 7.322815e-06 7.961988e-06
5.725000e-10 7.287906e-06 7.924665e-06
5.730000e-10 7.253155e-06 7.887505e-06
5.735000e-10 7.218561e-06 7.850509e-06
5.740000e-10 7.184123e-06 7.813674e-06
5.745000e-10 7.149840e-06 7.777001e-06
5.750000e-10 7.115713e-06 7.740489e-06
5.755000e-10 7.081741e-06 7.704137e-06
5.760000e-10 7.047922e-06 7.667945e-06
5.765000e-10 7.014257e-06 7.631912e-06
5.770000e-10 6.980744e-06 7.596038e-06
5.775000e-10 6.947383e-06 7.560321e-06
5.780000e-10 6.914173e-06 7.524762e-06
5.785000e-10 6.881115e-06 7.489359e-06
5.790000e-10 6.848206e-06 7.454112e-06
5.795000e-10 6.815447e-06 7.419021e-06
5.800000e-10 6.782836e-06 7.384085e-06
5.805000e-10 6.750374e-06 7.349303e-06
5.810000e-10 6.718060e-06 7.314675e-06
5.815000e-10 6.685892e-06 7.280200e-06
5.820000e-10 6.653871e-06 7.245877e-06
5.825000e-10 6.621996e-06 7.211706e-06
5.830000e-10 6.590266e-06 7.177686e-06
5.835000e-10 6.558681e-06 7.143818e-06
5.840000e-10 6.527240e-06 7.110099e-06
5.845000e-10 6.495942e-06 7.076530e-06
5.850000e-10 6.464787e-06 7.043110e-06
5.855000e-10 6.433774e-06 7.009838e-06
5.860000e-10 6.402903e-06 6.976714e-06
5.865000e-10 6.372173e-06 6.943737e-06
5.870000e-10 6.341583e-06 6.910907e-06
5.875000e-10 6.311134e-06 6.878223e-06
5.880000e-10 6.280823e-06 6.845685e-06
5.885000e-10 6.250651e-06 6.813291e-06
5.890000e-10 6.220618e-06 6.781042e-06
5.895000e-10 6.190722e-06 6.748936e-06
5.900000e-10 6.160963e-06 6.716974e-06
5.905000e-10 6.131340e-06 6.685154e-06
5.910000e-10 6.101853e-06 6.653477e-06
5.915000e-10 6.072502e-06 6.621941e-06
5.920000e-10 6.043285e-06 6.590546e-06
5.925000e-10 6.014202e-06 6.559291e-06
5.930000e-10 5.985253e-06 6.528176e-06
5.935000e-10 5.956436e-06 6.497201e-06
5.940000e-10 5.927753e-06 6.466364e-06
5.945000e-10 5.899201e-06 6.435665e-06
5.950000e-10 5.870780e-06 6.405104e-06
5.955000e-10 5.842490e-06 6.374680e-06
5.960000e-10 5.814331e-06 6.344393e-06
5.965000e-10 5.786301e-06 6.314241e-06
5.970000e-10 5.758400e-06 6.284225e-06
5.975000e-10 5.730628e-06 6.254344e-06
5.980000e-10 5.702984e-06 6.224597e-06
5.985000e-10 5.675467e-06 6.194984e-06
5.990000e-10 5.648077e-06 6.165504e-06
5.995000e-10 5.620814e-06 6.136157e-06
6.000000e-10 5.593676e-06 6.106942e-06
6.005000e-10 5.566664e-06 6.077859e-06
6.010000e-10 5.539777e-06 6.048907e-06
6.015000e-10 5.513014e-06 6.020086e-06
6.020000e-10 5.486374e-06 5.991394e-06
6.025000e-10 5.459858e-06 5.962832e-06
6.030000e-10 5.433464e-06 5.934399e-06
6.035000e-10 5.407193e-06 5.906095e-06
6.040000e-10 5.381043e-06 5.877918e-06
6.045000e-10 5.355014e-06 5.849869e-06
6.050000e-10 5.329106e-06 5.821947e-06
6.055000e-10 5.303318e-06 5.794152e-06
6.060000e-10 5.277650e-06 5.766482e-06
6.065000e-10 5.252101e-06 5.738937e-06
6.070000e-10 5.226670e-06 5.711518e-06
6.075000e-10 5.201357e-06 5.684222e-06
6.080000e-10 5.176161e-06 5.657051e-06
6.085000e-10 5.151083e-06 5.630003e-06
6.090000e-10 5.126121e-06 5.603078e-06
6.095000e-10 5.101275e-06 5.576275e-06
6.100000e-10 5.076545e-06 5.549593e-06
6.105000e-10 5.051930e-06 5.523033e-06
6.110000e-10 5.027429e-06 5.496594e-06
6.115000e-10 5.003042e-06 5.470276e-06
6.120000e-10 4.978769e-06 5.444077e-06
6.125000e-10 4.954609e-06 5.417997e-06
6.130000e-10 4.930561e-06 5.392036e-06
6.135000e-10 4.906625e-06 5.366194e-06
6.140000e-10 4.882801e-06 5.340469e-06
6.145000e-10 4.859088e-06 5.314862e-06
6.150000e-10 4.835486e-06 5.289371e-06
6.155000e-10 4.811993e-06 5.263997e-06
6.160000e-10 4.788611e-06 5.238739e-06
6.165000e-10 4.765337e-06 5.213596e-06
6.170000e-10 4.742172e-06 5.188568e-06
6.175000e-10 4.719116e-06 5.163655e-06
6.180000e-10 4.696167e-06 5.138855e-06
6.185000e-10 4.673325e-06 5.114169e-06
6.190000e-10 4.650590e-06 5.089596e-06
6.195000e-10 4.627962e-06 5.065136e-06
6.200000e-10 4.605439e-06 5.040788e-06
6.205000e-10 4.583022e-06 5.016551e-06
6.210000e-10 4.560710e-06 4.992425e-06
6.215000e-10 4.538502e-06 4.968410e-06
6.220000e-10 4.516399e-06 4.944506e-06
6.225000e-10 4.494399e-06 4.920711e-06
6.230000e-10 4.472502e-06 4.897025e-06
6.235000e-10 4.450707e-06 4.873448e-06
6.240000e-10 4.429015e-06 4.849979e-06
6.245000e-10 4.407425e-06 4.826619e-06
6.250000e-10 4.385936e-06 4.803366e-06
6.255000e-10 4.364548e-06 4.780219e-06
6.260000e-10 4.343260e-06 4.757180e-06
6.265000e-10 4.322073e-06 4.734246e-06
6.270000e-10 4.300985e-06 4.711418e-06
6.275000e-10 4.279996e-06 4.688696e-06
6.280000e-10 4.259105e-06 4.666078e-06
6.285000e-10 4.238313e-06 4.643564e-06
6.290000e-10 4.217619e-06 4.621154e-06
6.295000e-10 4.197022e-06 4.598848e-06
6.300000e-10 4.176522e-06 4.576644e-06
6.305000e-10 4.156119e-06 4.554543e-06
6.310000e-10 4.135812e-06 4.532545e-06
6.315000e-10 4.115600e-06 4.510647e-06
6.320000e-10 4.095484e-06 4.488852e-06
6.325000e-10 4.075462e-06 4.467156e-06
6.330000e-10 4.055535e-06 4.445562e-06
6.335000e-10 4.035702e-06 4.424067e-06
6.340000e-10 4.015962e-06 4.402672e-06
6.345000e-10 3.996316e-06 4.381375e-06
6.350000e-10 3.976762e-06 4.360178e-06
6.355000e-10 3.957301e-06 4.339079e-06
6.360000e-10 3.937931e-06 4.318077e-06
6.365000e-10 3.918653e-06 4.297173e-06
6.370000e-10 3.899467e-06 4.276366e-06
6.375000e-10 3.880370e-06 4.255656e-06
6.380000e-10 3.861365e-06 4.235041e-06
6.385000e-10 3.842449e-06 4.214523e-06
6.390000e-10 3.823622e-06 4.194099e-06
6.395000e-10 3.804885e-06 4.173771e-06
6.400000e-10 3.786236e-06 4.153537e-06
6.405000e-10 3.767676e-06 4.133397e-06
6.410000e-10 3.749203e-06 4.113351e-06
6.415000e-10 3.730818e-06 4.093398e-06
6.420000e-10 3.712521e-06 4.073538e-06
6.425000e-10 3.694309e-06 4.053771e-06
6.430000e-10 3.676185e-06 4.034095e-06
6.435000e-10 3.658146e-06 4.014512e-06
6.440000e-10 3.640193e-06 3.995019e-06
6.445000e-10 3.622325e-06 3.975617e-06
6.450000e-10 3.604541e-06 3.956306e-06
6.455000e-10 3.586842e-06 3.937085e-06
6.460000e-10 3.569228e-06 3.917954e-06
6.465000e-10 3.551697e-06 3.898912e-06
6.470000e-10 3.534249e-06 3.879959e-06
6.475000e-10 3.516884e-06 3.861095e-06
6.480000e-10 3.499601e-06 3.842318e-06
6.485000e-10 3.482401e-06 3.823630e-06
6.490000e-10 3.465283e-06 3.805029e-06
6.495000e-10 3.448246e-06 3.786514e-06
6.500000e-10 3.431290e-06 3.768087e-06
6.505000e-10 3.414415e-06 3.749746e-06
6.510000e-10 3.397620e-06 3.731490e-06
6.515000e-10 3.380905e-06 3.713320e-06
6.520000e-10 3.364270e-06 3.695235e-06
6.525000e-10 3.347714e-06 3.677235e-06
6.530000e-10 3.331237e-06 3.659320e-06
6.535000e-10 3.314838e-06 3.641488e-06
6.540000e-10 3.298518e-06 3.623740e-06
6.545000e-10 3.282275e-06 3.606075e-06
6.550000e-10 3.266110e-06 3.588493e-06
6.555000e-10 3.250022e-06 3.570994e-06
6.560000e-10 3.234011e-06 3.553577e-06
6.565000e-10 3.218076e-06 3.536241e-06
6.570000e-10 3.202218e-06 3.518987e-06
6.575000e-10 3.186435e-06 3.501815e-06
6.580000e-10 3.170727e-06 3.484723e-06
6.585000e-10 3.155095e-06 3.467711e-06
6.590000e-10 3.139537e-06 3.450779e-06
6.595000e-10 3.124054e-06 3.433927e-06
6.600000e-10 3.108644e-06 3.417155e-06
6.605000e-10 3.093309e-06 3.400461e-06
6.610000e-10 3.078046e-06 3.383846e-06
6.615000e-10 3.062857e-06 3.367309e-06
6.620000e-10 3.047741e-06 3.350850e-06
6.625000e-10 3.032697e-06 3.334469e-06
6.630000e-10 3.017724e-06 3.318165e-06
6.635000e-10 3.002824e-06 3.301938e-06
6.640000e-10 2.987995e-06 3.285787e-06
6.645000e-10 2.973237e-06 3.269713e-06
6.650000e-10 2.958550e-06 3.253714e-06
6.655000e-10 2.943933e-06 3.237792e-06
6.660000e-10 2.929386e-06 3.221944e-06
6.665000e-10 2.914909e-06 3.206171e-06
6.670000e-10 2.900502e-06 3.190473e-06
6.675000e-10 2.886163e-06 3.174849e-06
6.680000e-10 2.871894e-06 3.159298e-06
6.685000e-10 2.857693e-06 3.143822e-06
6.690000e-10 2.843560e-06 3.128418e-06
6.695000e-10 2.829495e-06 3.113088e-06
6.700000e-10 2.815497e-06 3.097830e-06
6.705000e-10 2.801567e-06 3.082644e-06
6.710000e-10 2.787704e-06 3.067530e-06
6.715000e-10 2.773907e-06 3.052488e-06
6.720000e-10 2.760177e-06 3.037517e-06
6.725000e-10 2.746513e-06 3.022617e-06
6.730000e-10 2.732914e-06 3.007787e-06
6.735000e-10 2.719381e-06 2.993028e-06
6.740000e-10 2.705913e-06 2.978339e-06
6.745000e-10 2.692510e-06 2.963720e-06
6.750000e-10 2.679172e-06 2.949170e-06
6.755000e-10 2.665897e-06 2.934689e-06
6.760000e-10 2.652687e-06 2.920277e-06
6.765000e-10 2.639540e-06 2.905934e-06
6.770000e-10 2.626456e-06 2.891658e-06
6.775000e-10 2.613436e-06 2.877450e-06
6.780000e-10 2.600478e-06 2.863310e-06
6.785000e-10 2.587583e-06 2.849237e-06
6.790000e-10 2.574750e-06 2.835231e-06
6.795000e-10 2.561979e-06 2.821292e-06
6.800000e-10 2.549270e-06 2.807419e-06
6.805000e-10 2.536622e-06 2.793612e-06
6.810000e-10 2.524034e-06 2.779871e-06
6.815000e-10 2.511508e-06 2.766195e-06
6.820000e-10 2.499042e-06 2.752584e-06
6.825000e-10 2.486637e-06 2.739039e-06
6.830000e-10 2.474291e-06 2.725557e-06
6.835000e-10 2.462005e-06 2.712140e-06
6.840000e-10 2.449778e-06 2.698787e-06
6.845000e-10 2.437611e-06 2.685498e-06
6.850000e-10 2.425502e-06 2.672272e-06
6.855000e-10 2.413452e-06 2.659109e-06
6.860000e-10 2.401460e-06 2.646009e-06
6.865000e-10 2.389526e-06 2.632972e-06
6.870000e-10 2.377650e-06 2.619996e-06
6.875000e-10 2.365831e-06 2.607083e-06
6.880000e-10 2.354069e-06 2.594231e-06
6.885000e-10 2.342365e-06 2.581441e-06
6.890000e-10 2.330717e-06 2.568712e-06
6.895000e-10 2.319126e-06 2.556044e-06
6.900000e-10 2.307590e-06 2.543436e-06
6.905000e-10 2.296111e-06 2.530889e-06
6.910000e-10 2.284687e-06 2.518402e-06
6.915000e-10 2.273319e-06 2.505974e-06
6.920000e-10 2.262005e-06 2.493606e-06
6.925000e-10 2.250747e-06 2.481297e-06
6.930000e-10 2.239543e-06 2.469047e-06
6.935000e-10 2.228394e-06 2.456856e-06
6.940000e-10 2.217298e-06 2.444723e-06
6.945000e-10 2.206257e-06 2.432648e-06
6.950000e-10 2.195269e-06 2.420632e-06
6.955000e-10 2.184334e-06 2.408672e-06
6.960000e-10 2.173452e-06 2.396771e-06
6.965000e-10 2.162624e-06 2.384926e-06
6.970000e-10 2.151848e-06 2.373138e-06
6.975000e-10 2.141124e-06 2.361406e-06
6.980000e-10 2.130452e-06 2.349731e-06
6.985000e-10 2.119833e-06 2.338112e-06
6.990000e-10 2.109264e-06 2.326549e-06
6.995000e-10 2.098748e-06 2.315041e-06
7.000000e-10 2.088282e-06 2.303589e-06
7.005000e-10 2.077867e-06 2.292191e-06
7.010000e-10 2.067503e-06 2.280849e-06
7.015000e-10 2.057190e-06 2.269561e-06
7.020000e-10 2.046926e-06 2.258327e-06
7.025000e-10 2.036713e-06 2.247147e-06
7.030000e-10 2.026549e-06 2.236021e-06
7.035000e-10 2.016435e-06 2.224948e-06
7.040000e-10 2.006370e-06 2.213929e-06
7.045000e-10 1.996354e-06 2.202963e-06
7.050000e-10 1.986387e-06 2.192049e-06
7.055000e-10 1.976468e-06 2.181189e-06
7.060000e-10 1.966598e-06 2.170380e-06
7.065000e-10 1.956776e-06 2.159624e-06
7.070000e-10 1.947001e-06 2.148919e-06
7.075000e-10 1.937275e-06 2.138266e-06
7.080000e-10 1.927596e-06 2.127664e-06
7.085000e-10 1.917964e-06 2.117114e-06
7.090000e-10 1.908379e-06 2.106614e-06
7.095000e-10 1.898840e-06 2.096165e-06
7.100000e-10 1.889349e-06 2.085766e-06
7.105000e-10 1.879903e-06 2.075418e-06
7.110000e-10 1.870504e-06 2.065119e-06
7.115000e-10 1.861151e-06 2.054870e-06
7.120000e-10 1.851843e-06 2.044671e-06
7.125000e-10 1.842581e-06 2.034521e-06
7.130000e-10 1.833364e-06 2.024420e-06
7.135000e-10 1.824192e-06 2.014368e-06
7.140000e-10 1.815065e-06 2.004364e-06
7.145000e-10 1.805983e-06 1.994409e-06
7.150000e-10 1.796945e-06 1.984502e-06
7.155000e-10 1.787951e-06 1.974642e-06
7.160000e-10 1.779001e-06 1.964831e-06
7.165000e-10 1.770095e-06 1.955067e-06
7.170000e-10 1.761233e-06 1.945350e-06
7.175000e-10 1.752414e-06 1.935680e-06
7.180000e-10 1.743638e-06 1.926057e-06
7.185000e-10 1.734905e-06 1.916480e-06
7.190000e-10 1.726214e-06 1.906950e-06
7.195000e-10 1.717567e-06 1.897466e-06
7.200000e-10 1.708961e-06 1.888028e-06
7.205000e-10 1.700398e-06 1.878636e-06
7.210000e-10 1.691877e-06 1.869289e-06
7.215000e-10 1.683397e-06 1.859988e-06
7.220000e-10 1.674959e-06 1.850732e-06
7.225000e-10 1.666563e-06 1.841520e-06
7.230000e-10 1.658207e-06 1.832353e-06
7.235000e-10 1.649893e-06 1.823231e-06
7.240000e-10 1.641619e-06 1.814153e-06
7.245000e-10 1.633386e-06 1.805119e-06
7.250000e-10 1.625193e-06 1.796129e-06
7.255000e-10 1.617041e-06 1.787182e-06
7.260000e-10 1.608928e-06 1.778279e-06
7.265000e-10 1.600856e-06 1.769419e-06
7.270000e-10 1.592823e-06 1.760603e-06
7.275000e-10 1.584829e-06 1.751829e-06
7.280000e-10 1.576875e-06 1.743097e-06
7.285000e-10 1.568959e-06 1.734408e-06
7.290000e-10 1.561083e-06 1.725762e-06
7.295000e-10 1.553245e-06 1.717157e-06
7.300000e-10 1.545446e-06 1.708594e-06
7.305000e-10 1.537685e-06 1.700073e-06
7.310000e-10 1.529962e-06 1.691594e-06
7.315000e-10 1.522277e-06 1.683155e-06
7.320000e-10 1.514630e-06 1.674758e-06
7.325000e-10 1.507021e-06 1.666401e-06
7.330000e-10 1.499449e-06 1.658086e-06
7.335000e-10 1.491914e-06 1.649810e-06
7.340000e-10 1.484416e-06 1.641575e-06
7.345000e-10 1.476956e-06 1.633380e-06
7.350000e-10 1.469532e-06 1.625225e-06
7.355000e-10 1.462144e-06 1.617110e-06
7.360000e-10 1.454793e-06 1.609035e-06
7.365000e-10 1.447478e-06 1.600998e-06
7.370000e-10 1.440199e-06 1.593001e-06
7.375000e-10 1.432956e-06 1.585043e-06
7.380000e-10 1.425748e-06 1.577124e-06
7.385000e-10 1.418576e-06 1.569243e-06
7.390000e-10 1.411440e-06 1.561401e-06
7.395000e-10 1.404338e-06 1.553597e-06
7.400000e-10 1.397272e-06 1.545831e-06
7.405000e-10 1.390240e-06 1.538103e-06
7.410000e-10 1.383243e-06 1.530413e-06
7.415000e-10 1.376281e-06 1.522760e-06
7.420000e-10 1.369353e-06 1.515145e-06
7.425000e-10 1.362459e-06 1.507566e-06
7.430000e-10 1.355599e-06 1.500025e-06
7.435000e-10 1.348773e-06 1.492521e-06
7.440000e-10 1.341980e-06 1.485053e-06
7.445000e-10 1.335221e-06 1.477622e-06
7.450000e-10 1.328496e-06 1.470228e-06
7.455000e-10 1.321804e-06 1.462869e-06
7.460000e-10 1.315144e-06 1.455546e-06
7.465000e-10 1.308518e-06 1.448260e-06
7.470000e-10 1.301924e-06 1.441009e-06
7.475000e-10 1.295363e-06 1.433793e-06
7.480000e-10 1.288834e-06 1.426613e-06
7.485000e-10 1.282338e-06 1.419467e-06
7.490000e-10 1.275874e-06 1.412357e-06
7.495000e-10 1.269441e-06 1.405282e-06
7.500000e-10 1.263041e-06 1.398241e-06
7.505000e-10 1.256672e-06 1.391235e-06
7.510000e-10 1.250334e-06 1.384263e-06
7.515000e-10 1.244028e-06 1.377325e-06
7.520000e-10 1.237753e-06 1.370421e-06
7.525000e-10 1.231509e-06 1.363551e-06
7.530000e-10 1.225296e-06 1.356715e-06
7.535000e-10 1.219114e-06 1.349912e-06
7.540000e-10 1.212962e-06 1.343143e-06
7.545000e-10 1.206841e-06 1.336407e-06
7.550000e-10 1.200750e-06 1.329704e-06
7.555000e-10 1.194690e-06 1.323034e-06
7.560000e-10 1.188659e-06 1.316396e-06
7.565000e-10 1.182658e-06 1.309791e-06
7.570000e-10 1.176687e-06 1.303219e-06
7.575000e-10 1.170745e-06 1.296678e-06
7.580000e-10 1.164833e-06 1.290170e-06
7.585000e-10 1.158950e-06 1.283694e-06
7.590000e-10 1.153096e-06 1.277250e-06
7.595000e-10 1.147272e-06 1.270837e-06
7.600000e-10 1.141476e-06 1.264456e-06
7.605000e-10 1.135709e-06 1.258106e-06
7.610000e-10 1.129970e-06 1.251787e-06
7.615000e-10 1.124260e-06 1.245500e-06
7.620000e-10 1.118579e-06 1.239243e-06
7.625000e-10 1.112925e-06 1.233017e-06
7.630000e-10 1.107300e-06 1.226822e-06
7.635000e-10 1.101702e-06 1.220657e-06
7.640000e-10 1.096132e-06 1.214523e-06
7.645000e-10 1.090590e-06 1.208418e-06
7.650000e-10 1.085075e-06 1.202344e-06
7.655000e-10 1.079588e-06 1.196300e-06
7.660000e-10 1.074128e-06 1.190285e-06
7.665000e-10 1.068695e-06 1.184300e-06
7.670000e-10 1.063289e-06 1.178344e-06
7.675000e-10 1.057910e-06 1.172418e-06
7.680000e-10 1.052558e-06 1.166521e-06
7.685000e-10 1.047232e-06 1.160653e-06
7.690000e-10 1.041933e-06 1.154814e-06
7.695000e-10 1.036660e-06 1.149004e-06
7.700000e-10 1.031413e-06 1.143222e-06
7.705000e-10 1.026192e-06 1.137469e-06
7.710000e-10 1.020997e-06 1.131744e-06
7.715000e-10 1.015828e-06 1.126048e-06
7.720000e-10 1.010685e-06 1.120379e-06
7.725000e-10 1.005568e-06 1.114739e-06
7.730000e-10 1.000475e-06 1.109126e-06
7.735000e-10 9.954085e-07 1.103541e-06
7.740000e-10 9.903668e-07 1.097984e-06
7.745000e-10 9.853503e-07 1.092454e-06
7.750000e-10 9.803587e-07 1.086951e-06
7.755000e-10 9.753919e-07 1.081476e-06
7.760000e-10 9.704499e-07 1.076027e-06
7.765000e-10 9.655325e-07 1.070606e-06
7.770000e-10 9.606395e-07 1.065211e-06
7.775000e-10 9.557709e-07 1.059843e-06
7.780000e-10 9.509266e-07 1.054501e-06
7.785000e-10 9.461064e-07 1.049186e-06
7.790000e-10 9.413102e-07 1.043897e-06
7.795000e-10 9.365379e-07 1.038634e-06
7.800000e-10 9.317894e-07 1.033397e-06
7.805000e-10 9.270645e-07 1.028186e-06
7.810000e-10 9.223632e-07 1.023001e-06
7.815000e-10 9.176853e-07 1.017841e-06
7.820000e-10 9.130308e-07 1.012707e-06
7.825000e-10 9.083994e-07 1.007599e-06
7.830000e-10 9.037912e-07 1.002515e-06
7.835000e-10 8.992059e-07 9.974570e-07
7.840000e-10 8.946435e-07 9.924238e-07
7.845000e-10 8.901039e-07 9.874156e-07
7.850000e-10 8.855869e-07 9.824321e-07
7.855000e-10 8.810924e-07 9.774733e-07
7.860000e-10 8.766204e-07 9.725390e-07
7.865000e-10 8.721706e-07 9.676292e-07
7.870000e-10 8.677431e-07 9.627437e-07
7.875000e-10 8.633377e-07 9.578824e-07
7.880000e-10 8.589543e-07 9.530452e-07
7.885000e-10 8.545928e-07 9.482320e-07
7.890000e-10 8.502530e-07 9.434426e-07
7.895000e-10 8.459349e-07 9.386769e-07
7.900000e-10 8.416384e-07 9.339349e-07
7.905000e-10 8.373634e-07 9.292163e-07
7.910000e-10 8.331097e-07 9.245212e-07
7.915000e-10 8.288773e-07 9.198493e-07
7.920000e-10 8.246660e-07 9.152006e-07
7.925000e-10 8.204757e-07 9.105750e-07
7.930000e-10 8.163064e-07 9.059723e-07
7.935000e-10 8.121580e-07 9.013925e-07
7.940000e-10 8.080303e-07 8.968354e-07
7.945000e-10 8.039232e-07 8.923009e-07
7.950000e-10 7.998367e-07 8.877889e-07
7.955000e-10 7.957706e-07 8.832993e-07
7.960000e-10 7.917248e-07 8.788320e-07
7.965000e-10 7.876993e-07 8.743869e-07
7.970000e-10 7.836939e-07 8.699638e-07
7.975000e-10 7.797085e-07 8.655627e-07
7.980000e-10 7.757431e-07 8.611835e-07
7.985000e-10 7.717976e-07 8.568261e-07
7.990000e-10 7.678718e-07 8.524902e-07
7.995000e-10 7.639656e-07 8.481760e-07
8.000000e-10 7.600790e-07 8.438832e-07
8.005000e-10 7.562119e-07 8.396117e-07
8.010000e-10 7.523641e-07 8.353614e-07
8.015000e-10 7.485356e-07 8.311323e-07
8.020000e-10 7.447263e-07 8.269242e-07
8.025000e-10 7.409360e-07 8.227371e-07
8.030000e-10 7.371647e-07 8.185707e-07
8.035000e-10 7.334124e-07 8.144251e-07
8.040000e-10 7.296788e-07 8.103001e-07
8.045000e-10 7.259639e-07 8.061957e-07
8.050000e-10 7.222677e-07 8.021116e-07
8.055000e-10 7.185900e-07 7.980479e-07
8.060000e-10 7.149307e-07 7.940045e-07
8.065000e-10 7.112898e-07 7.899811e-07
8.070000e-10 7.076671e-07 7.859778e-07
8.075000e-10 7.040626e-07 7.819944e-07
8.080000e-10 7.004762e-07 7.780309e-07
8.085000e-10 6.969077e-07 7.740871e-07
8.090000e-10 6.933572e-07 7.701629e-07
8.095000e-10 6.898245e-07 7.662583e-07
8.100000e-10 6.863095e-07 7.623731e-07
8.105000e-10 6.828121e-07 7.585073e-07
8.110000e-10 6.793323e-07 7.546608e-07
8.115000e-10 6.758700e-07 7.508335e-07
8.120000e-10 6.724250e-07 7.470252e-07
8.125000e-10 6.689973e-07 7.432359e-07
8.130000e-10 6.655868e-07 7.394655e-07
8.135000e-10 6.621935e-07 7.357139e-07
8.140000e-10 6.588172e-07 7.319810e-07
8.145000e-10 6.554579e-07 7.282668e-07
8.150000e-10 6.521154e-07 7.245711e-07
8.155000e-10 6.487897e-07 7.208938e-07
8.160000e-10 6.454807e-07 7.172348e-07
8.165000e-10 6.421884e-07 7.135942e-07
8.170000e-10 6.389126e-07 7.099716e-07
8.175000e-10 6.356533e-07 7.063672e-07
8.180000e-10 6.324103e-07 7.027808e-07
8.185000e-10 6.291836e-07 6.992123e-07
8.190000e-10 6.259732e-07 6.956616e-07
8.195000e-10 6.227789e-07 6.921286e-07
8.200000e-10 6.196007e-07 6.886133e-07
8.205000e-10 6.164384e-07 6.851155e-07
8.210000e-10 6.132921e-07 6.816352e-07
8.215000e-10 6.101615e-07 6.781723e-07
8.220000e-10 6.070467e-07 6.747267e-07
8.225000e-10 6.039476e-07 6.712983e-07
8.230000e-10 6.008641e-07 6.678871e-07
8.235000e-10 5.977961e-07 6.644929e-07
8.240000e-10 5.947436e-07 6.611157e-07
8.245000e-10 5.917064e-07 6.577553e-07
8.250000e-10 5.886844e-07 6.544118e-07
8.255000e-10 5.856777e-07 6.510850e-07
8.260000e-10 5.826862e-07 6.477748e-07
8.265000e-10 5.797097e-07 6.444812e-07
8.270000e-10 5.767481e-07 6.412041e-07
8.275000e-10 5.738015e-07 6.379434e-07
8.280000e-10 5.708698e-07 6.346989e-07
8.285000e-10 5.679528e-07 6.314707e-07
8.290000e-10 5.650505e-07 6.282587e-07
8.295000e-10 5.621628e-07 6.250628e-07
8.300000e-10 5.592897e-07 6.218828e-07
8.305000e-10 5.564310e-07 6.187188e-07
8.310000e-10 5.535867e-07 6.155706e-07
8.315000e-10 5.507568e-07 6.124382e-07
8.320000e-10 5.479412e-07 6.093215e-07
8.325000e-10 5.451397e-07 6.062204e-07
8.330000e-10 5.423524e-07 6.031348e-07
8.335000e-10 5.395791e-07 6.000647e-07
8.340000e-10 5.368198e-07 5.970099e-07
8.345000e-10 5.340744e-07 5.939705e-07
8.350000e-10 5.313429e-07 5.909463e-07
8.355000e-10 5.286251e-07 5.879373e-07
8.360000e-10 5.259210e-07 5.849433e-07
8.365000e-10 5.232306e-07 5.819644e-07
8.370000e-10 5.205538e-07 5.790004e-07
8.375000e-10 5.178905e-07 5.760512e-07
8.380000e-10 5.152406e-07 5.731169e-07
8.385000e-10 5.126040e-07 5.701972e-07
8.390000e-10 5.099808e-07 5.672923e-07
8.395000e-10 5.073709e-07 5.644018e-07
8.400000e-10 5.047741e-07 5.615259e-07
8.405000e-10 5.021904e-07 5.586645e-07
8.410000e-10 4.996197e-07 5.558173e-07
8.415000e-10 4.970621e-07 5.529845e-07
8.420000e-10 4.945173e-07 5.501659e-07
8.425000e-10 4.919854e-07 5.473614e-07
8.430000e-10 4.894663e-07 5.445711e-07
8.435000e-10 4.869599e-07 5.417947e-07
8.440000e-10 4.844662e-07 5.390323e-07
8.445000e-10 4.819851e-07 5.362837e-07
8.450000e-10 4.795165e-07 5.335490e-07
8.455000e-10 4.770604e-07 5.308279e-07
8.460000e-10 4.746167e-07 5.281206e-07
8.465000e-10 4.721854e-07 5.254269e-07
8.470000e-10 4.697663e-07 5.227467e-07
8.475000e-10 4.673595e-07 5.200799e-07
8.480000e-10 4.649649e-07 5.174266e-07
8.485000e-10 4.625823e-07 5.147866e-07
8.490000e-10 4.602118e-07 5.121599e-07
8.495000e-10 4.578533e-07 5.095464e-07
8.500000e-10 4.555067e-07 5.069460e-07
8.505000e-10 4.531720e-07 5.043587e-07
8.510000e-10 4.508491e-07 5.017844e-07
8.515000e-10 4.485379e-07 4.992231e-07
8.520000e-10 4.462385e-07 4.966746e-07
8.525000e-10 4.439506e-07 4.941390e-07
8.530000e-10 4.416744e-07 4.916161e-07
8.535000e-10 4.394097e-07 4.891059e-07
8.540000e-10 4.371564e-07 4.866084e-07
8.545000e-10 4.349145e-07 4.841234e-07
8.550000e-10 4.326840e-07 4.816509e-07
8.555000e-10 4.304648e-07 4.791909e-07
8.560000e-10 4.282568e-07 4.767432e-07
8.565000e-10 4.260600e-07 4.743079e-07
8.570000e-10 4.238743e-07 4.718848e-07
8.575000e-10 4.216997e-07 4.694740e-07
8.580000e-10 4.195361e-07 4.670753e-07
8.585000e-10 4.173835e-07 4.646886e-07
8.590000e-10 4.152418e-07 4.623140e-07
8.595000e-10 4.131109e-07 4.599514e-07
8.600000e-10 4.109908e-07 4.576006e-07
8.605000e-10 4.088815e-07 4.552617e-07
8.610000e-10 4.067828e-07 4.529346e-07
8.615000e-10 4.046948e-07 4.506192e-07
8.620000e-10 4.026173e-07 4.483155e-07
8.625000e-10 4.005504e-07 4.460234e-07
8.630000e-10 3.984940e-07 4.437429e-07
8.635000e-10 3.964480e-07 4.414738e-07
8.640000e-10 3.944124e-07 4.392162e-07
8.645000e-10 3.923871e-07 4.369700e-07
8.650000e-10 3.903720e-07 4.347351e-07
8.655000e-10 3.883672e-07 4.325114e-07
8.660000e-10 3.863726e-07 4.302990e-07
8.665000e-10 3.843881e-07 4.280978e-07
8.670000e-10 3.824136e-07 4.259076e-07
8.675000e-10 3.804491e-07 4.237286e-07
8.680000e-10 3.784947e-07 4.215605e-07
8.685000e-10 3.765501e-07 4.194033e-07
8.690000e-10 3.746154e-07 4.172570e-07
8.695000e-10 3.726905e-07 4.151216e-07
8.700000e-10 3.707754e-07 4.129970e-07
8.705000e-10 3.688700e-07 4.108830e-07
8.710000e-10 3.669743e-07 4.087798e-07
8.715000e-10 3.650882e-07 4.066871e-07
8.720000e-10 3.632117e-07 4.046051e-07
8.725000e-10 3.613448e-07 4.025335e-07
8.730000e-10 3.594872e-07 4.004724e-07
8.735000e-10 3.576392e-07 3.984218e-07
8.740000e-10 3.558005e-07 3.963815e-07
8.745000e-10 3.539712e-07 3.943515e-07
8.750000e-10 3.521511e-07 3.923317e-07
8.755000e-10 3.503403e-07 3.903222e-07
8.760000e-10 3.485387e-07 3.883228e-07
8.765000e-10 3.467462e-07 3.863335e-07
8.770000e-10 3.449629e-07 3.843543e-07
8.775000e-10 3.431886e-07 3.823851e-07
8.780000e-10 3.414233e-07 3.804258e-07
8.785000e-10 3.396670e-07 3.784764e-07
8.790000e-10 3.379197e-07 3.765369e-07
8.795000e-10 3.361812e-07 3.746072e-07
8.800000e-10 3.344516e-07 3.726873e-07
8.805000e-10 3.327307e-07 3.707771e-07
8.810000e-10 3.310186e-07 3.688765e-07
8.815000e-10 3.293152e-07 3.669856e-07
8.820000e-10 3.276205e-07 3.651042e-07
8.825000e-10 3.259344e-07 3.632323e-07
8.830000e-10 3.242568e-07 3.613700e-07
8.835000e-10 3.225878e-07 3.595170e-07
8.840000e-10 3.209273e-07 3.576734e-07
8.845000e-10 3.192753e-07 3.558392e-07
8.850000e-10 3.176316e-07 3.540142e-07
8.855000e-10 3.159963e-07 3.521985e-07
8.860000e-10 3.143693e-07 3.503919e-07
8.865000e-10 3.127506e-07 3.485946e-07
8.870000e-10 3.111402e-07 3.468063e-07
8.875000e-10 3.095379e-07 3.450270e-07
8.880000e-10 3.079438e-07 3.432568e-07
8.885000e-10 3.063578e-07 3.414956e-07
8.890000e-10 3.047799e-07 3.397433e-07
8.895000e-10 3.032100e-07 3.379998e-07
8.900000e-10 3.016482e-07 3.362652e-07
8.905000e-10 3.000942e-07 3.345394e-07
8.910000e-10 2.985482e-07 3.328223e-07
8.915000e-10 2.970101e-07 3.311139e-07
8.920000e-10 2.954798e-07 3.294142e-07
8.925000e-10 2.939573e-07 3.277231e-07
8.930000e-10 2.924425e-07 3.260406e-07
8.935000e-10 2.909355e-07 3.243666e-07
8.940000e-10 2.894361e-07 3.227010e-07
8.945000e-10 2.879444e-07 3.210440e-07
8.950000e-10 2.864603e-07 3.193953e-07
8.955000e-10 2.849837e-07 3.177550e-07
8.960000e-10 2.835147e-07 3.161230e-07
8.965000e-10 2.820532e-07 3.144993e-07
8.970000e-10 2.805991e-07 3.128838e-07
8.975000e-10 2.791524e-07 3.112766e-07
8.980000e-10 2.777131e-07 3.096775e-07
8.985000e-10 2.762811e-07 3.080865e-07
8.990000e-10 2.748565e-07 3.065035e-07
8.995000e-10 2.734391e-07 3.049286e-07
9.000000e-10 2.720289e-07 3.033617e-07
9.005000e-10 2.706259e-07 3.018028e-07
9.010000e-10 2.692301e-07 3.002517e-07
9.015000e-10 2.678414e-07 2.987086e-07
9.020000e-10 2.664598e-07 2.971732e-07
9.025000e-10 2.650852e-07 2.956457e-07
9.030000e-10 2.637177e-07 2.941259e-07
9.035000e-10 2.623571e-07 2.926139e-07
9.040000e-10 2.610035e-07 2.911095e-07
9.045000e-10 2.596568e-07 2.896128e-07
9.050000e-10 2.583169e-07 2.881236e-07
9.055000e-10 2.569839e-07 2.866421e-07
9.060000e-10 2.556577e-07 2.851680e-07
9.065000e-10 2.543382e-07 2.837015e-07
9.070000e-10 2.530255e-07 2.822424e-07
9.075000e-10 2.517196e-07 2.807907e-07
9.080000e-10 2.504202e-07 2.793464e-07
9.085000e-10 2.491275e-07 2.779094e-07
9.090000e-10 2.478414e-07 2.764797e-07
9.095000e-10 2.465619e-07 2.750573e-07
9.100000e-10 2.452889e-07 2.736422e-07
9.105000e-10 2.440224e-07 2.722342e-07
9.110000e-10 2.427624e-07 2.708334e-07
9.115000e-10 2.415088e-07 2.694397e-07
9.120000e-10 2.402617e-07 2.680531e-07
9.125000e-10 2.390208e-07 2.666736e-07
9.130000e-10 2.377864e-07 2.653010e-07
9.135000e-10 2.365582e-07 2.639355e-07
9.140000e-10 2.353364e-07 2.625769e-07
9.145000e-10 2.341207e-07 2.612252e-07
9.150000e-10 2.329113e-07 2.598804e-07
9.155000e-10 2.317081e-07 2.585424e-07
9.160000e-10 2.305110e-07 2.572113e-07
9.165000e-10 2.293200e-07 2.558869e-07
9.170000e-10 2.281351e-07 2.545692e-07
9.175000e-10 2.269563e-07 2.532583e-07
9.180000e-10 2.257835e-07 2.519540e-07
9.185000e-10 2.246167e-07 2.506564e-07
9.190000e-10 2.234559e-07 2.493654e-07
9.195000e-10 2.223010e-07 2.480809e-07
9.200000e-10 2.211520e-07 2.468030e-07
9.205000e-10 2.200089e-07 2.455316e-07
9.210000e-10 2.188716e-07 2.442667e-07
9.215000e-10 2.177402e-07 2.430082e-07
9.220000e-10 2.166145e-07 2.417562e-07
9.225000e-10 2.154946e-07 2.405105e-07
9.230000e-10 2.143805e-07 2.392711e-07
9.235000e-10 2.132720e-07 2.380381e-07
9.240000e-10 2.121692e-07 2.368114e-07
9.245000e-10 2.110721e-07 2.355909e-07
9.250000e-10 2.099806e-07 2.343766e-07
9.255000e-10 2.088946e-07 2.331685e-07
9.260000e-10 2.078142e-07 2.319666e-07
9.265000e-10 2.067394e-07 2.307708e-07
9.270000e-10 2.056700e-07 2.295811e-07
9.275000e-10 2.046062e-07 2.283974e-07
9.280000e-10 2.035477e-07 2.272198e-07
9.285000e-10 2.024947e-07 2.260482e-07
9.290000e-10 2.014471e-07 2.248826e-07
9.295000e-10 2.004049e-07 2.237229e-07
9.300000e-10 1.993680e-07 2.225691e-07
9.305000e-10 1.983364e-07 2.214212e-07
9.310000e-10 1.973101e-07 2.202792e-07
9.315000e-10 1.962890e-07 2.191430e-07
9.320000e-10 1.952732e-07 2.180126e-07
9.325000e-10 1.942626e-07 2.168879e-07
9.330000e-10 1.932571e-07 2.157690e-07
9.335000e-10 1.922568e-07 2.146558e-07
9.340000e-10 1.912617e-07 2.135483e-07
9.345000e-10 1.902716e-07 2.124464e-07
9.350000e-10 1.892866e-07 2.113502e-07
9.355000e-10 1.883067e-07 2.102595e-07
9.360000e-10 1.873318e-07 2.091745e-07
9.365000e-10 1.863618e-07 2.080949e-07
9.370000e-10 1.853969e-07 2.070209e-07
9.375000e-10 1.844369e-07 2.059524e-07
9.380000e-10 1.834818e-07 2.048893e-07
9.385000e-10 1.825316e-07 2.038316e-07
9.390000e-10 1.815863e-07 2.027794e-07
9.395000e-10 1.806459e-07 2.017325e-07
9.400000e-10 1.797102e-07 2.006909e-07
9.405000e-10 1.787794e-07 1.996547e-07
9.410000e-10 1.778533e-07 1.986238e-07
9.415000e-10 1.769320e-07 1.975981e-07
9.420000e-10 1.760155e-07 1.965777e-07
9.425000e-10 1.751036e-07 1.955625e-07
9.430000e-10 1.741964e-07 1.945525e-07
9.435000e-10 1.732938e-07 1.935476e-07
9.440000e-10 1.723959e-07 1.925479e-07
9.445000e-10 1.715026e-07 1.915533e-07
9.450000e-10 1.706139e-07 1.905638e-07
9.455000e-10 1.697297e-07 1.895793e-07
9.460000e-10 1.688501e-07 1.885999e-07
9.465000e-10 1.679750e-07 1.876255e-07
9.470000e-10 1.671044e-07 1.866560e-07
9.475000e-10 1.662382e-07 1.856915e-07
9.480000e-10 1.653765e-07 1.847320e-07
9.485000e-10 1.645192e-07 1.837773e-07
9.490000e-10 1.636664e-07 1.828275e-07
9.495000e-10 1.628179e-07 1.818826e-07
9.500000e-10 1.619737e-07 1.809425e-07
9.505000e-10 1.611339e-07 1.800073e-07
9.510000e-10 1.602985e-07 1.790768e-07
9.515000e-10 1.594673e-07 1.781511e-07
9.520000e-10 1.586403e-07 1.772301e-07
9.525000e-10 1.578177e-07 1.763138e-07
9.530000e-10 1.569992e-07 1.754022e-07
9.535000e-10 1.561850e-07 1.744953e-07
9.540000e-10 1.553749e-07 1.735930e-07
9.545000e-10 1.545690e-07 1.726953e-07
9.550000e-10 1.537672e-07 1.718023e-07
9.555000e-10 1.529696e-07 1.709138e-07
9.560000e-10 1.521760e-07 1.700298e-07
9.565000e-10 1.513866e-07 1.691504e-07
9.570000e-10 1.506012e-07 1.682755e-07
9.575000e-10 1.498198e-07 1.674050e-07
9.580000e-10 1.490425e-07 1.665391e-07
9.585000e-10 1.482691e-07 1.656775e-07
9.590000e-10 1.474997e-07 1.648204e-07
9.595000e-10 1.467343e-07 1.639676e-07
9.600000e-10 1.459728e-07 1.631192e-07
9.605000e-10 1.452153e-07 1.622752e-07
9.610000e-10 1.444616e-07 1.614355e-07
9.615000e-10 1.437118e-07 1.606001e-07
9.620000e-10 1.429658e-07 1.597690e-07
9.625000e-10 1.422237e-07 1.589421e-07
9.630000e-10 1.414854e-07 1.581195e-07
9.635000e-10 1.407510e-07 1.573010e-07
9.640000e-10 1.400202e-07 1.564868e-07
9.645000e-10 1.392933e-07 1.556768e-07
9.650000e-10 1.385701e-07 1.548709e-07
9.655000e-10 1.378506e-07 1.540691e-07
9.660000e-10 1.371348e-07 1.532714e-07
9.665000e-10 1.364227e-07 1.524779e-07
9.670000e-10 1.357143e-07 1.516884e-07
9.675000e-10 1.350095e-07 1.509029e-07
9.680000e-10 1.343083e-07 1.501215e-07
9.685000e-10 1.336107e-07 1.493441e-07
9.690000e-10 1.329168e-07 1.485706e-07
9.695000e-10 1.322264e-07 1.478012e-07
9.700000e-10 1.315395e-07 1.470357e-07
9.705000e-10 1.308562e-07 1.462741e-07
9.710000e-10 1.301764e-07 1.455164e-07
9.715000e-10 1.295001e-07 1.447626e-07
9.720000e-10 1.288273e-07 1.440126e-07
9.725000e-10 1.281580e-07 1.432666e-07
9.730000e-10 1.274921e-07 1.425243e-07
9.735000e-10 1.268296e-07 1.417859e-07
9.740000e-10 1.261706e-07 1.410512e-07
9.745000e-10 1.255149e-07 1.403203e-07
9.750000e-10 1.248627e-07 1.395932e-07
9.755000e-10 1.242137e-07 1.388698e-07
9.760000e-10 1.235682e-07 1.381501e-07
9.765000e-10 1.229259e-07 1.374341e-07
9.770000e-10 1.222870e-07 1.367218e-07
9.775000e-10 1.216513e-07 1.360131e-07
9.780000e-10 1.210190e-07 1.353081e-07
9.785000e-10 1.203898e-07 1.346067e-07
9.790000e-10 1.197640e-07 1.339089e-07
9.795000e-10 1.191413e-07 1.332146e-07
9.800000e-10 1.185219e-07 1.325240e-07
9.805000e-10 1.179056e-07 1.318369e-07
9.810000e-10 1.172926e-07 1.311533e-07
9.815000e-10 1.166827e-07 1.304732e-07
9.820000e-10 1.160759e-07 1.297966e-07
9.825000e-10 1.154723e-07 1.291235e-07
9.830000e-10 1.148718e-07 1.284539e-07
9.835000e-10 1.142743e-07 1.277877e-07
9.840000e-10 1.136800e-07 1.271249e-07
9.845000e-10 1.130887e-07 1.264655e-07
9.850000e-10 1.125005e-07 1.258095e-07
9.855000e-10 1.119153e-07 1.251569e-07
9.860000e-10 1.113331e-07 1.245077e-07
9.865000e-10 1.107539e-07 1.238618e-07
9.870000e-10 1.101777e-07 1.232191e-07
9.875000e-10 1.096045e-07 1.225798e-07
9.880000e-10 1.090343e-07 1.219438e-07
9.885000e-10 1.084669e-07 1.213111e-07
9.890000e-10 1.079026e-07 1.206816e-07
9.895000e-10 1.073411e-07 1.200553e-07
9.900000e-10 1.067825e-07 1.194323e-07
9.905000e-10 1.062268e-07 1.188125e-07
9.910000e-10 1.056740e-07 1.181958e-07
9.915000e-10 1.051240e-07 1.175824e-07
9.920000e-10 1.045769e-07 1.169721e-07
9.925000e-10 1.040325e-07 1.163649e-07
9.930000e-10 1.034910e-07 1.157608e-07
9.935000e-10 1.029523e-07 1.151599e-07
9.940000e-10 1.024164e-07 1.145620e-07
9.945000e-10 1.018832e-07 1.139672e-07
9.950000e-10 1.013528e-07 1.133755e-07
9.955000e-10 1.008252e-07 1.127868e-07
9.960000e-10 1.003002e-07 1.122012e-07
9.965000e-10 9.977798e-08 1.116186e-07
9.970000e-10 9.925844e-08 1.110389e-07
9.975000e-10 9.874158e-08 1.104623e-07
9.980000e-10 9.822740e-08 1.098886e-07
9.985000e-10 9.771587e-08 1.093179e-07
9.990000e-10 9.720698e-08 1.087501e-07
9.995000e-10 9.670072e-08 1.081852e-07
1.000000e-09 9.619707e-08 1.076232e-07
1.000500e-09 9.569603e-08 1.070642e-07
1.001000e-09 9.519758e-08 1.065080e-07
1.001500e-09 9.470170e-08 1.059547e-07
1.002000e-09 9.420838e-08 1.054042e-07
1.002500e-09 9.371762e-08 1.048565e-07
1.003000e-09 9.322938e-08 1.043117e-07
1.003500e-09 9.274368e-08 1.037697e-07
1.004000e-09 9.226048e-08 1.032305e-07
1.004500e-09 9.177978e-08 1.026940e-07
1.005000e-09 9.130156e-08 1.021604e-07
1.005500e-09 9.082581e-08 1.016294e-07
1.006000e-09 9.035253e-08 1.011012e-07
1.006500e-09 8.988169e-08 1.005758e-07
1.007000e-09 8.941329e-08 1.000530e-07
1.007500e-09 8.894730e-08 9.953291e-08
1.008000e-09 8.848373e-08 9.901551e-08
1.008500e-09 8.802255e-08 9.850078e-08
1.009000e-09 8.756376e-08 9.798871e-08
1.009500e-09 8.710734e-08 9.747927e-08
1.010000e-09 8.665328e-08 9.697246e-08
1.010500e-09 8.620157e-08 9.646826e-08
1.011000e-09 8.575219e-08 9.596666e-08
1.011500e-09 8.530514e-08 9.546764e-08
1.012000e-09 8.486040e-08 9.497120e-08
1.012500e-09 8.441796e-08 9.447732e-08
1.013000e-09 8.397781e-08 9.398598e-08
1.013500e-09 8.353994e-08 9.349718e-08
1.014000e-09 8.310433e-08 9.301090e-08
1.014500e-09 8.267097e-08 9.252712e-08
1.015000e-09 8.223986e-08 9.204584e-08
1.015500e-09 8.181098e-08 9.156705e-08
1.016000e-09 8.138432e-08 9.109072e-08
1.016500e-09 8.095986e-08 9.061685e-08
1.017000e-09 8.053761e-08 9.014542e-08
1.017500e-09 8.011753e-08 8.967643e-08
1.018000e-09 7.969964e-08 8.920985e-08
1.018500e-09 7.928390e-08 8.874568e-08
1.019000e-09 7.887032e-08 8.828391e-08
1.019500e-09 7.845888e-08 8.782452e-08
1.020000e-09 7.804956e-08 8.736750e-08
1.020500e-09 7.764237e-08 8.691284e-08
1.021000e-09 7.723728e-08 8.646052e-08
1.021500e-09 7.683429e-08 8.601054e-08
1.022000e-09 7.643339e-08 8.556288e-08
1.022500e-09 7.603457e-08 8.511753e-08
1.023000e-09 7.563781e-08 8.467448e-08
1.023500e-09 7.524310e-08 8.423372e-08
1.024000e-09 7.485044e-08 8.379523e-08
1.024500e-09 7.445981e-08 8.335901e-08
1.025000e-09 7.407120e-08 8.292504e-08
1.025500e-09 7.368461e-08 8.249331e-08
1.026000e-09 7.330002e-08 8.206381e-08
1.026500e-09 7.291742e-08 8.163653e-08
1.027000e-09 7.253681e-08 8.121145e-08
1.027500e-09 7.215816e-08 8.078857e-08
1.028000e-09 7.178148e-08 8.036787e-08
1.028500e-09 7.140675e-08 7.994934e-08
1.029000e-09 7.103396e-08 7.953298e-08
1.029500e-09 7.066310e-08 7.911877e-08
1.030000e-09 7.029417e-08 7.870670e-08
1.030500e-09 6.992714e-08 7.829675e-08
1.031000e-09 6.956202e-08 7.788893e-08
1.031500e-09 6.919879e-08 7.748321e-08
1.032000e-09 6.883744e-08 7.707959e-08
1.032500e-09 6.847797e-08 7.667805e-08
1.033000e-09 6.812036e-08 7.627859e-08
1.033500e-09 6.776460e-08 7.588119e-08
1.034000e-09 6.741069e-08 7.548584e-08
1.034500e-09 6.705861e-08 7.509254e-08
1.035000e-09 6.670835e-08 7.470128e-08
1.035500e-09 6.635992e-08 7.431203e-08
1.036000e-09 6.601329e-08 7.392480e-08
1.036500e-09 6.566845e-08 7.353956e-08
1.037000e-09 6.532541e-08 7.315632e-08
1.037500e-09 6.498414e-08 7.277507e-08
1.038000e-09 6.464464e-08 7.239578e-08
1.038500e-09 6.430691e-08 7.201845e-08
1.039000e-09 6.397092e-08 7.164307e-08
1.039500e-09 6.363668e-08 7.126964e-08
1.040000e-09 6.330417e-08 7.089814e-08
1.040500e-09 6.297339e-08 7.052855e-08
1.041000e-09 6.264432e-08 7.016088e-08
1.041500e-09 6.231696e-08 6.979511e-08
1.042000e-09 6.199130e-08 6.943124e-08
1.042500e-09 6.166733e-08 6.906924e-08
1.043000e-09 6.134504e-08 6.870912e-08
1.043500e-09 6.102442e-08 6.835086e-08
1.044000e-09 6.070546e-08 6.799445e-08
1.044500e-09 6.038816e-08 6.763989e-08
1.045000e-09 6.007251e-08 6.728716e-08
1.045500e-09 5.975849e-08 6.693626e-08
1.046000e-09 5.944610e-08 6.658717e-08
1.046500e-09 5.913534e-08 6.623989e-08
1.047000e-09 5.882619e-08 6.589441e-08
1.047500e-09 5.851864e-08 6.555071e-08
1.048000e-09 5.821269e-08 6.520879e-08
1.048500e-09 5.790833e-08 6.486865e-08
1.049000e-09 5.760554e-08 6.453026e-08
1.049500e-09 5.730433e-08 6.419363e-08
1.050000e-09 5.700469e-08 6.385873e-08
1.050500e-09 5.670660e-08 6.352557e-08
1.051000e-09 5.641005e-08 6.319414e-08
1.051500e-09 5.611505e-08 6.286442e-08
1.052000e-09 5.582158e-08 6.253641e-08
1.052500e-09 5.552963e-08 6.221010e-08
1.053000e-09 5.523920e-08 6.188548e-08
1.053500e-09 5.495028e-08 6.156254e-08
1.054000e-09 5.466285e-08 6.124127e-08
1.054500e-09 5.437692e-08 6.092166e-08
1.055000e-09 5.409248e-08 6.060371e-08
1.055500e-09 5.380951e-08 6.028741e-08
1.056000e-09 5.352802e-08 5.997274e-08
1.056500e-09 5.324798e-08 5.965971e-08
1.057000e-09 5.296940e-08 5.934830e-08
1.057500e-09 5.269227e-08 5.903850e-08
1.058000e-09 5.241658e-08 5.873030e-08
1.058500e-09 5.214232e-08 5.842370e-08
1.059000e-09 5.186948e-08 5.811869e-08
1.059500e-09 5.159806e-08 5.781526e-08
1.060000e-09 5.132806e-08 5.751341e-08
1.060500e-09 5.105945e-08 5.721312e-08
1.061000e-09 5.079224e-08 5.691438e-08
1.061500e-09 5.052643e-08 5.661719e-08
1.062000e-09 5.026199e-08 5.632154e-08
1.062500e-09 4.999893e-08 5.602743e-08
1.063000e-09 4.973723e-08 5.573484e-08
1.063500e-09 4.947689e-08 5.544376e-08
1.064000e-09 4.921791e-08 5.515420e-08
1.064500e-09 4.896028e-08 5.486613e-08
1.065000e-09 4.870398e-08 5.457956e-08
1.065500e-09 4.844902e-08 5.429448e-08
1.066000e-09 4.819538e-08 5.401087e-08
1.066500e-09 4.794306e-08 5.372873e-08
1.067000e-09 4.769205e-08 5.344806e-08
1.067500e-09 4.744235e-08 5.316884e-08
1.068000e-09 4.719395e-08 5.289107e-08
1.068500e-09 4.694684e-08 5.261474e-08
1.069000e-09 4.670101e-08 5.233985e-08
1.069500e-09 4.645646e-08 5.206638e-08
1.070000e-09 4.621319e-08 5.179432e-08
1.070500e-09 4.597118e-08 5.152368e-08
1.071000e-09 4.573043e-08 5.125445e-08
1.071500e-09 4.549093e-08 5.098661e-08
1.072000e-09 4.525267e-08 5.072015e-08
1.072500e-09 4.501566e-08 5.045509e-08
1.073000e-09 4.477988e-08 5.019139e-08
1.073500e-09 4.454533e-08 4.992907e-08
1.074000e-09 4.431199e-08 4.966810e-08
1.074500e-09 4.407987e-08 4.940850e-08
1.075000e-09 4.384896e-08 4.915023e-08
1.075500e-09 4.361925e-08 4.889331e-08
1.076000e-09 4.339074e-08 4.863772e-08
1.076500e-09 4.316341e-08 4.838346e-08
1.077000e-09 4.293727e-08 4.813052e-08
1.077500e-09 4.271230e-08 4.787889e-08
1.078000e-09 4.248851e-08 4.762856e-08
1.078500e-09 4.226588e-08 4.737954e-08
1.079000e-09 4.204441e-08 4.713181e-08
1.079500e-09 4.182409e-08 4.688536e-08
1.080000e-09 4.160492e-08 4.664020e-08
1.080500e-09 4.138689e-08 4.639631e-08
1.081000e-09 4.117000e-08 4.615368e-08
1.081500e-09 4.095423e-08 4.591231e-08
1.082000e-09 4.073959e-08 4.567220e-08
1.082500e-09 4.052606e-08 4.543333e-08
1.083000e-09 4.031365e-08 4.519571e-08
1.083500e-09 4.010235e-08 4.495932e-08
1.084000e-09 3.989214e-08 4.472415e-08
1.084500e-09 3.968303e-08 4.449021e-08
1.085000e-09 3.947501e-08 4.425748e-08
1.085500e-09 3.926807e-08 4.402596e-08
1.086000e-09 3.906221e-08 4.379565e-08
1.086500e-09 3.885742e-08 4.356653e-08
1.087000e-09 3.865370e-08 4.333860e-08
1.087500e-09 3.845103e-08 4.311186e-08
1.088000e-09 3.824943e-08 4.288629e-08
1.088500e-09 3.804887e-08 4.266189e-08
1.089000e-09 3.784936e-08 4.243867e-08
1.089500e-09 3.765089e-08 4.221660e-08
1.090000e-09 3.745346e-08 4.199568e-08
1.090500e-09 3.725705e-08 4.177592e-08
1.091000e-09 3.706167e-08 4.155729e-08
1.091500e-09 3.686730e-08 4.133980e-08
1.092000e-09 3.667395e-08 4.112344e-08
1.092500e-09 3.648160e-08 4.090821e-08
1.093000e-09 3.629026e-08 4.069410e-08
1.093500e-09 3.609991e-08 4.048110e-08
1.094000e-09 3.591056e-08 4.026920e-08
1.094500e-09 3.572219e-08 4.005841e-08
1.095000e-09 3.553480e-08 3.984871e-08
1.095500e-09 3.534839e-08 3.964011e-08
1.096000e-09 3.516296e-08 3.943258e-08
1.096500e-09 3.497849e-08 3.922614e-08
1.097000e-09 3.479498e-08 3.902077e-08
1.097500e-09 3.461243e-08 3.881647e-08
1.098000e-09 3.443083e-08 3.861323e-08
1.098500e-09 3.425017e-08 3.841105e-08
1.099000e-09 3.407046e-08 3.820992e-08
1.099500e-09 3.389169e-08 3.800983e-08
1.100000e-09 3.371385e-08 3.781079e-08
1.100500e-09 3.353693e-08 3.761278e-08
1.101000e-09 3.336094e-08 3.741580e-08
1.101500e-09 3.318587e-08 3.721985e-08
1.102000e-09 3.301171e-08 3.702491e-08
1.102500e-09 3.283845e-08 3.683099e-08
1.103000e-09 3.266610e-08 3.663808e-08
1.103500e-09 3.249465e-08 3.644618e-08
1.104000e-09 3.232410e-08 3.625527e-08
1.104500e-09 3.215443e-08 3.606535e-08
1.105000e-09 3.198565e-08 3.587642e-08
1.105500e-09 3.181775e-08 3.568848e-08
1.106000e-09 3.165072e-08 3.550151e-08
1.106500e-09 3.148457e-08 3.531552e-08
1.107000e-09 3.131929e-08 3.513049e-08
1.107500e-09 3.115486e-08 3.494643e-08
1.108000e-09 3.099130e-08 3.476333e-08
1.108500e-09 3.082858e-08 3.458117e-08
1.109000e-09 3.066672e-08 3.439997e-08
1.109500e-09 3.050570e-08 3.421971e-08
1.110000e-09 3.034552e-08 3.404039e-08
1.110500e-09 3.018618e-08 3.386200e-08
1.111000e-09 3.002767e-08 3.368454e-08
1.111500e-09 2.986999e-08 3.350801e-08
1.112000e-09 2.971313e-08 3.333239e-08
1.112500e-09 2.955708e-08 3.315769e-08
1.113000e-09 2.940186e-08 3.298390e-08
1.113500e-09 2.924744e-08 3.281101e-08
1.114000e-09 2.909383e-08 3.263902e-08
1.114500e-09 2.894102e-08 3.246793e-08
1.115000e-09 2.878901e-08 3.229773e-08
1.115500e-09 2.863779e-08 3.212842e-08
1.116000e-09 2.848736e-08 3.195999e-08
1.116500e-09 2.833772e-08 3.179243e-08
1.117000e-09 2.818886e-08 3.162575e-08
1.117500e-09 2.804078e-08 3.145994e-08
1.118000e-09 2.789346e-08 3.129499e-08
1.118500e-09 2.774692e-08 3.113090e-08
1.119000e-09 2.760115e-08 3.096766e-08
1.119500e-09 2.745613e-08 3.080528e-08
1.120000e-09 2.731188e-08 3.064374e-08
1.120500e-09 2.716837e-08 3.048304e-08
1.121000e-09 2.702562e-08 3.032318e-08
1.121500e-09 2.688361e-08 3.016415e-08
1.122000e-09 2.674234e-08 3.000596e-08
1.122500e-09 2.660181e-08 2.984858e-08
1.123000e-09 2.646202e-08 2.969203e-08
1.123500e-09 2.632295e-08 2.953629e-08
1.124000e-09 2.618462e-08 2.938136e-08
1.124500e-09 2.604700e-08 2.922725e-08
1.125000e-09 2.591010e-08 2.907393e-08
1.125500e-09 2.577392e-08 2.892141e-08
1.126000e-09 2.563845e-08 2.876969e-08
1.126500e-09 2.550369e-08 2.861876e-08
1.127000e-09 2.536964e-08 2.846862e-08
1.127500e-09 2.523628e-08 2.831926e-08
1.128000e-09 2.510362e-08 2.817068e-08
1.128500e-09 2.497165e-08 2.802287e-08
1.129000e-09 2.484038e-08 2.787583e-08
1.129500e-09 2.470979e-08 2.772956e-08
1.130000e-09 2.457988e-08 2.758406e-08
1.130500e-09 2.445065e-08 2.743931e-08
1.131000e-09 2.432209e-08 2.729531e-08
1.131500e-09 2.419421e-08 2.715207e-08
1.132000e-09 2.406700e-08 2.700958e-08
1.132500e-09 2.394045e-08 2.686782e-08
1.133000e-09 2.381457e-08 2.672681e-08
1.133500e-09 2.368934e-08 2.658653e-08
1.134000e-09 2.356476e-08 2.644699e-08
1.134500e-09 2.344084e-08 2.630817e-08
1.135000e-09 2.331757e-08 2.617008e-08
1.135500e-09 2.319494e-08 2.603270e-08
1.136000e-09 2.307295e-08 2.589605e-08
1.136500e-09 2.295160e-08 2.576010e-08
1.137000e-09 2.283088e-08 2.562487e-08
1.137500e-09 2.271080e-08 2.549034e-08
1.138000e-09 2.259134e-08 2.535651e-08
1.138500e-09 2.247251e-08 2.522339e-08
1.139000e-09 2.235430e-08 2.509095e-08
1.139500e-09 2.223671e-08 2.495921e-08
1.140000e-09 2.211973e-08 2.482815e-08
1.140500e-09 2.200337e-08 2.469778e-08
1.141000e-09 2.188761e-08 2.456809e-08
1.141500e-09 2.177246e-08 2.443908e-08
1.142000e-09 2.165791e-08 2.431074e-08
1.142500e-09 2.154396e-08 2.418307e-08
1.143000e-09 2.143061e-08 2.405606e-08
1.143500e-09 2.131785e-08 2.392972e-08
1.144000e-09 2.120568e-08 2.380404e-08
1.144500e-09 2.109409e-08 2.367902e-08
1.145000e-09 2.098310e-08 2.355464e-08
1.145500e-09 2.087268e-08 2.343092e-08
1.146000e-09 2.076284e-08 2.330784e-08
1.146500e-09 2.065357e-08 2.318541e-08
1.147000e-09 2.054488e-08 2.306361e-08
1.147500e-09 2.043675e-08 2.294245e-08
1.148000e-09 2.032919e-08 2.282193e-08
1.148500e-09 2.022220e-08 2.270203e-08
1.149000e-09 2.011576e-08 2.258276e-08
1.149500e-09 2.000988e-08 2.246411e-08
1.150000e-09 1.990456e-08 2.234608e-08
1.150500e-09 1.979978e-08 2.222867e-08
1.151000e-09 1.969556e-08 2.211187e-08
1.151500e-09 1.959188e-08 2.199568e-08
1.152000e-09 1.948874e-08 2.188010e-08
1.152500e-09 1.938614e-08 2.176512e-08
1.153000e-09 1.928408e-08 2.165074e-08
1.153500e-09 1.918256e-08 2.153696e-08
1.154000e-09 1.908157e-08 2.142378e-08
1.154500e-09 1.898110e-08 2.131118e-08
1.155000e-09 1.888116e-08 2.119918e-08
1.155500e-09 1.878175e-08 2.108776e-08
1.156000e-09 1.868285e-08 2.097692e-08
1.156500e-09 1.858447e-08 2.086666e-08
1.157000e-09 1.848661e-08 2.075697e-08
1.157500e-09 1.838926e-08 2.064786e-08
1.158000e-09 1.829242e-08 2.053933e-08
1.158500e-09 1.819609e-08 2.043135e-08
1.159000e-09 1.810026e-08 2.032394e-08
1.159500e-09 1.800494e-08 2.021710e-08
1.160000e-09 1.791011e-08 2.011081e-08
1.160500e-09 1.781578e-08 2.000508e-08
1.161000e-09 1.772195e-08 1.989990e-08
1.161500e-09 1.762860e-08 1.979527e-08
1.162000e-09 1.753575e-08 1.969118e-08
1.162500e-09 1.744338e-08 1.958764e-08
1.163000e-09 1.735150e-08 1.948464e-08
1.163500e-09 1.726009e-08 1.938219e-08
1.164000e-09 1.716917e-08 1.928026e-08
1.164500e-09 1.707872e-08 1.917887e-08
1.165000e-09 1.698875e-08 1.907801e-08
1.165500e-09 1.689924e-08 1.897768e-08
1.166000e-09 1.681021e-08 1.887787e-08
1.166500e-09 1.672164e-08 1.877858e-08
1.167000e-09 1.663354e-08 1.867981e-08
1.167500e-09 1.654590e-08 1.858156e-08
1.168000e-09 1.645872e-08 1.848382e-08
1.168500e-09 1.637200e-08 1.838660e-08
1.169000e-09 1.628573e-08 1.828988e-08
1.169500e-09 1.619991e-08 1.819367e-08
1.170000e-09 1.611454e-08 1.809796e-08
1.170500e-09 1.602962e-08 1.800275e-08
1.171000e-09 1.594514e-08 1.790804e-08
1.171500e-09 1.586111e-08 1.781383e-08
1.172000e-09 1.577752e-08 1.772011e-08
1.172500e-09 1.569436e-08 1.762688e-08
1.173000e-09 1.561165e-08 1.753413e-08
1.173500e-09 1.552936e-08 1.744188e-08
1.174000e-09 1.544751e-08 1.735010e-08
1.174500e-09 1.536609e-08 1.725880e-08
1.175000e-09 1.528509e-08 1.716799e-08
1.175500e-09 1.520452e-08 1.707764e-08
1.176000e-09 1.512437e-08 1.698778e-08
1.176500e-09 1.504464e-08 1.689838e-08
1.177000e-09 1.496533e-08 1.680944e-08
1.177500e-09 1.488643e-08 1.672098e-08
1.178000e-09 1.480795e-08 1.663298e-08
1.178500e-09 1.472988e-08 1.654543e-08
1.179000e-09 1.465222e-08 1.645835e-08
1.179500e-09 1.457497e-08 1.637172e-08
1.180000e-09 1.449812e-08 1.628555e-08
1.180500e-09 1.442168e-08 1.619982e-08
1.181000e-09 1.434563e-08 1.611455e-08
1.181500e-09 1.426999e-08 1.602972e-08
1.182000e-09 1.419474e-08 1.594533e-08
1.182500e-09 1.411989e-08 1.586139e-08
1.183000e-09 1.404543e-08 1.577789e-08
1.183500e-09 1.397136e-08 1.569482e-08
1.184000e-09 1.389768e-08 1.561219e-08
1.184500e-09 1.382438e-08 1.552999e-08
1.185000e-09 1.375147e-08 1.544822e-08
1.185500e-09 1.367895e-08 1.536688e-08
1.186000e-09 1.360680e-08 1.528597e-08
1.186500e-09 1.353503e-08 1.520548e-08
1.187000e-09 1.346364e-08 1.512541e-08
1.187500e-09 1.339262e-08 1.504576e-08
1.188000e-09 1.332198e-08 1.496653e-08
1.188500e-09 1.325171e-08 1.488771e-08
1.189000e-09 1.318180e-08 1.480931e-08
1.189500e-09 1.311226e-08 1.473131e-08
1.190000e-09 1.304309e-08 1.465373e-08
1.190500e-09 1.297428e-08 1.457655e-08
1.191000e-09 1.290583e-08 1.449978e-08
1.191500e-09 1.283774e-08 1.442340e-08
1.192000e-09 1.277001e-08 1.434743e-08
1.192500e-09 1.270264e-08 1.427186e-08
1.193000e-09 1.263561e-08 1.419668e-08
1.193500e-09 1.256894e-08 1.412189e-08
1.194000e-09 1.250262e-08 1.404750e-08
1.194500e-09 1.243665e-08 1.397350e-08
1.195000e-09 1.237102e-08 1.389988e-08
1.195500e-09 1.230574e-08 1.382665e-08
1.196000e-09 1.224080e-08 1.375381e-08
1.196500e-09 1.217621e-08 1.368135e-08
1.197000e-09 1.211195e-08 1.360926e-08
1.197500e-09 1.204803e-08 1.353756e-08
1.198000e-09 1.198444e-08 1.346623e-08
1.198500e-09 1.192119e-08 1.339527e-08
1.199000e-09 1.185827e-08 1.332468e-08
1.199500e-09 1.179568e-08 1.325447e-08
1.200000e-09 1.173342e-08 1.318462e-08
