0.000000e+00 0 0
5.000000e-13 0 0
1.000000e-12 0 0
1.500000e-12 0 0
2.000000e-12 0 0
2.500000e-12 0 0
3.000000e-12 0 0
3.500000e-12 0 0
4.000000e-12 0 0
4.500000e-12 0 0
5.000000e-12 0 0
5.500000e-12 0 0
6.000000e-12 0 0
6.500000e-12 0 0
7.000000e-12 0 0
7.500000e-12 0 0
8.000000e-12 0 0
8.500000e-12 0 0
9.000000e-12 0 0
9.500000e-12 0 0
1.000000e-11 0 0
1.050000e-11 0 0
1.100000e-11 0 0
1.150000e-11 0 0
1.200000e-11 0 0
1.250000e-11 0 0
1.300000e-11 0 0
1.350000e-11 0 0
1.400000e-11 0 0
1.450000e-11 0 0
1.500000e-11 0 0
1.550000e-11 0 0
1.600000e-11 0 0
1.650000e-11 0 0
1.700000e-11 0 0
1.750000e-11 0 0
1.800000e-11 0 0
1.850000e-11 0 0
1.900000e-11 0 0
1.950000e-11 0 0
2.000000e-11 0 0
2.050000e-11 0 0
2.100000e-11 0 0
2.150000e-11 0 0
2.200000e-11 0 0
2.250000e-11 0 0
2.300000e-11 0 0
2.350000e-11 0 0
2.400000e-11 0 0
2.450000e-11 0 0
2.500000e-11 0 0
2.550000e-11 0 0
2.600000e-11 0 0
2.650000e-11 0 0
2.700000e-11 0 0
2.750000e-11 0 0
2.800000e-11 0 0
2.850000e-11 0 0
2.900000e-11 0 0
2.950000e-11 0 0
3.000000e-11 0 0
3.050000e-11 0 0
3.100000e-11 0 0
3.150000e-11 0 0
3.200000e-11 0 0
3.250000e-11 0 0
3.300000e-11 0 0
3.350000e-11 0 0
3.400000e-11 0 0
3.450000e-11 0 0
3.500000e-11 0 0
3.550000e-11 0 0
3.600000e-11 0 0
3.650000e-11 0 0
3.700000e-11 0 0
3.750000e-11 0 0
3.800000e-11 0 0
3.850000e-11 0 0
3.900000e-11 0 0
3.950000e-11 0 0
4.000000e-11 0 0
4.050000e-11 0 0
4.100000e-11 0 0
4.150000e-11 0 0
4.200000e-11 0 0
4.250000e-11 0 0
4.300000e-11 0 0
4.350000e-11 0 0
4.400000e-11 0 0
4.450000e-11 0 0
4.500000e-11 0 0
4.550000e-11 0 0
4.600000e-11 0 0
4.650000e-11 0 0
4.700000e-11 0 0
4.750000e-11 0 0
4.800000e-11 0 0
4.850000e-11 0 0
4.900000e-11 0 0
4.950000e-11 0 0
5.000000e-11 0 0
5.050000e-11 0 0
5.100000e-11 0 0
5.150000e-11 0 0
5.200000e-11 0 0
5.250000e-11 0 0
5.300000e-11 0 0
5.350000e-11 0 0
5.400000e-11 0 0
5.450000e-11 0 0
5.500000e-11 0 0
5.550000e-11 0 0
5.600000e-11 0 0
5.650000e-11 0 0
5.700000e-11 0 0
5.750000e-11 0 0
5.800000e-11 0 0
5.850000e-11 0 0
5.900000e-11 0 0
5.950000e-11 0 0
6.000000e-11 0 0
6.050000e-11 0 0
6.100000e-11 0 0
6.150000e-11 0 0
6.200000e-11 0 0
6.250000e-11 0 0
6.300000e-11 0 0
6.350000e-11 0 0
6.400000e-11 0 0
6.450000e-11 0 0
6.500000e-11 0 0
6.550000e-11 0 0
6.600000e-11 0 0
6.650000e-11 0 0
6.700000e-11 0 0
6.750000e-11 0 0
6.800000e-11 0 0
6.850000e-11 0 0
6.900000e-11 0 0
6.950000e-11 0 0
7.000000e-11 0 0
7.050000e-11 0 0
7.100000e-11 0 0
7.150000e-11 0 0
7.200000e-11 0 0
7.250000e-11 0 0
7.300000e-11 0 0
7.350000e-11 0 0
7.400000e-11 0 0
7.450000e-11 0 0
7.500000e-11 0 0
7.550000e-11 0 0
7.600000e-11 0 0
7.650000e-11 0 0
7.700000e-11 0 0
7.750000e-11 0 0
7.800000e-11 0 0
7.850000e-11 0 0
7.900000e-11 0 0
7.950000e-11 0 0
8.000000e-11 0 0
8.050000e-11 0 0
8.100000e-11 0 0
8.150000e-11 0 0
8.200000e-11 0 0
8.250000e-11 0 0
8.300000e-11 0 0
8.350000e-11 0 0
8.400000e-11 0 0
8.450000e-11 0 0
8.500000e-11 0 0
8.550000e-11 0 0
8.600000e-11 0 0
8.650000e-11 0 0
8.700000e-11 0 0
8.750000e-11 0 0
8.800000e-11 0 0
8.850000e-11 0 0
8.900000e-11 0 0
8.950000e-11 0 0
9.000000e-11 0 0
9.050000e-11 0 0
9.100000e-11 0 0
9.150000e-11 0 0
9.200000e-11 0 0
9.250000e-11 0 0
9.300000e-11 0 0
9.350000e-11 0 0
9.400000e-11 0 0
9.450000e-11 0 0
9.500000e-11 0 0
9.550000e-11 0 0
9.600000e-11 0 0
9.650000e-11 0 0
9.700000e-11 0 0
9.750000e-11 0 0
9.800000e-11 0 0
9.850000e-11 0 0
9.900000e-11 0 0
9.950000e-11 0 0
1.000000e-10 0 0
1.005000e-10 0 0
1.010000e-10 0 0
1.015000e-10 0 0
1.020000e-10 0 0
1.025000e-10 0 0
1.030000e-10 0 0
1.035000e-10 0 0
1.040000e-10 0 0
1.045000e-10 0 0
1.050000e-10 0 0
1.055000e-10 0 0
1.060000e-10 0 0
1.065000e-10 0 0
1.070000e-10 0 0
1.075000e-10 0 0
1.080000e-10 0 0
1.085000e-10 0 0
1.090000e-10 0 0
1.095000e-10 0 0
1.100000e-10 0 0
1.105000e-10 0 0
1.110000e-10 0 0
1.115000e-10 0 0
1.120000e-10 0 0
1.125000e-10 0 0
1.130000e-10 0 0
1.135000e-10 0 0
1.140000e-10 0 0
1.145000e-10 0 0
1.150000e-10 0 0
1.155000e-10 0 0
1.160000e-10 0 0
1.165000e-10 0 0
1.170000e-10 0 0
1.175000e-10 0 0
1.180000e-10 0 0
1.185000e-10 0 0
1.190000e-10 0 0
1.195000e-10 0 0
1.200000e-10 0 0
1.205000e-10 0 0
1.210000e-10 0 0
1.215000e-10 0 0
1.220000e-10 0 0
1.225000e-10 0 0
1.230000e-10 0 0
1.235000e-10 0 0
1.240000e-10 0 0
1.245000e-10 0 0
1.250000e-10 0 0
1.255000e-10 0 0
1.260000e-10 0 0
1.265000e-10 0 0
1.270000e-10 0 0
1.275000e-10 0 0
1.280000e-10 0 0
1.285000e-10 0 0
1.290000e-10 0 0
1.295000e-10 0 0
1.300000e-10 0 0
1.305000e-10 0 0
1.310000e-10 0 0
1.315000e-10 0 0
1.320000e-10 0 0
1.325000e-10 0 0
1.330000e-10 0 0
1.335000e-10 0 0
1.340000e-10 0 0
1.345000e-10 0 0
1.350000e-10 0 0
1.355000e-10 0 0
1.360000e-10 0 0
1.365000e-10 0 0
1.370000e-10 0 0
1.375000e-10 0 0
1.380000e-10 0 0
1.385000e-10 0 0
1.390000e-10 0 0
1.395000e-10 0 0
1.400000e-10 0 0
1.405000e-10 0 0
1.410000e-10 0 0
1.415000e-10 0 0
1.420000e-10 0 0
1.425000e-10 0 0
1.430000e-10 0 0
1.435000e-10 0 0
1.440000e-10 0 0
1.445000e-10 0 0
1.450000e-10 0 0
1.455000e-10 0 0
1.460000e-10 0 0
1.465000e-10 0 0
1.470000e-10 0 0
1.475000e-10 0 0
1.480000e-10 0 0
1.485000e-10 0 0
1.490000e-10 0 0
1.495000e-10 0 0
1.500000e-10 0 0
1.505000e-10 0 0
1.510000e-10 0 0
1.515000e-10 0 0
1.520000e-10 0 0
1.525000e-10 0 0
1.530000e-10 0 0
1.535000e-10 0 0
1.540000e-10 0 0
1.545000e-10 0 0
1.550000e-10 0 0
1.555000e-10 0 0
1.560000e-10 0 0
1.565000e-10 0 0
1.570000e-10 0 0
1.575000e-10 0 0
1.580000e-10 0 0
1.585000e-10 0 0
1.590000e-10 0 0
1.595000e-10 0 0
1.600000e-10 0 0
1.605000e-10 0 0
1.610000e-10 0 0
1.615000e-10 0 0
1.620000e-10 0 0
1.625000e-10 0 0
1.630000e-10 0 0
1.635000e-10 0 0
1.640000e-10 0 0
1.645000e-10 0 0
1.650000e-10 0 0
1.655000e-10 0 0
1.660000e-10 0 0
1.665000e-10 0 0
1.670000e-10 0 0
1.675000e-10 0 0
1.680000e-10 0 0
1.685000e-10 0 0
1.690000e-10 0 0
1.695000e-10 0 0
1.700000e-10 0 0
1.705000e-10 0 0
1.710000e-10 0 0
1.715000e-10 0 0
1.720000e-10 0 0
1.725000e-10 0 0
1.730000e-10 0 0
1.735000e-10 0 0
1.740000e-10 0 0
1.745000e-10 0 0
1.750000e-10 0 0
1.755000e-10 0 0
1.760000e-10 0 0
1.765000e-10 0 0
1.770000e-10 0 0
1.775000e-10 0 0
1.780000e-10 0 0
1.785000e-10 0 0
1.790000e-10 0 0
1.795000e-10 0 0
1.800000e-10 0 0
1.805000e-10 0 0
1.810000e-10 0 0
1.815000e-10 0 0
1.820000e-10 0 0
1.825000e-10 0 0
1.830000e-10 0 0
1.835000e-10 0 0
1.840000e-10 0 0
1.845000e-10 0 0
1.850000e-10 0 0
1.855000e-10 0 0
1.860000e-10 0 0
1.865000e-10 0 0
1.870000e-10 0 0
1.875000e-10 0 0
1.880000e-10 0 0
1.885000e-10 0 0
1.890000e-10 0 0
1.895000e-10 0 0
1.900000e-10 0 0
1.905000e-10 0 0
1.910000e-10 0 0
1.915000e-10 0 0
1.920000e-10 0 0
1.925000e-10 0 0
1.930000e-10 0 0
1.935000e-10 0 0
1.940000e-10 0 0
1.945000e-10 0 0
1.950000e-10 0 0
1.955000e-10 0 0
1.960000e-10 0 0
1.965000e-10 0 0
1.970000e-10 0 0
1.975000e-10 0 0
1.980000e-10 0 0
1.985000e-10 0 0
1.990000e-10 0 0
1.995000e-10 0 0
2.000000e-10 0 0
2.005000e-10 0 0
2.010000e-10 0 0
2.015000e-10 0 0
2.020000e-10 0 0
2.025000e-10 0 0
2.030000e-10 0 0
2.035000e-10 0 0
2.040000e-10 0 0
2.045000e-10 0 0
2.050000e-10 0 0
2.055000e-10 0 0
2.060000e-10 0 0
2.065000e-10 0 0
2.070000e-10 0 0
2.075000e-10 0 0
2.080000e-10 0 0
2.085000e-10 0 0
2.090000e-10 0 0
2.095000e-10 0 0
2.100000e-10 0 0
2.105000e-10 0 0
2.110000e-10 0 0
2.115000e-10 0 0
2.120000e-10 0 0
2.125000e-10 0 0
2.130000e-10 0 0
2.135000e-10 0 0
2.140000e-10 0 0
2.145000e-10 0 0
2.150000e-10 0 0
2.155000e-10 0 0
2.160000e-10 0 0
2.165000e-10 0 0
2.170000e-10 0 0
2.175000e-10 0 0
2.180000e-10 0 0
2.185000e-10 0 0
2.190000e-10 0 0
2.195000e-10 0 0
2.200000e-10 0 0
2.205000e-10 0 0
2.210000e-10 0 0
2.215000e-10 0 0
2.220000e-10 0 0
2.225000e-10 0 0
2.230000e-10 0 0
2.235000e-10 0 0
2.240000e-10 0 0
2.245000e-10 0 0
2.250000e-10 0 0
2.255000e-10 0 0
2.260000e-10 0 0
2.265000e-10 0 0
2.270000e-10 0 0
2.275000e-10 0 0
2.280000e-10 0 0
2.285000e-10 0 0
2.290000e-10 0 0
2.295000e-10 0 0
2.300000e-10 0 0
2.305000e-10 0 0
2.310000e-10 0 0
2.315000e-10 0 0
2.320000e-10 0 0
2.325000e-10 0 0
2.330000e-10 0 0
2.335000e-10 0 0
2.340000e-10 0 0
2.345000e-10 0 0
2.350000e-10 0 0
2.355000e-10 0 0
2.360000e-10 0 0
2.365000e-10 0 0
2.370000e-10 0 0
2.375000e-10 0 0
2.380000e-10 0 0
2.385000e-10 0 0
2.390000e-10 0 0
2.395000e-10 0 0
2.400000e-10 0 0
2.405000e-10 0 0
2.410000e-10 0 0
2.415000e-10 0 0
2.420000e-10 0 0
2.425000e-10 0 0
2.430000e-10 0 0
2.435000e-10 0 0
2.440000e-10 0 0
2.445000e-10 0 0
2.450000e-10 0 0
2.455000e-10 0 0
2.460000e-10 0 0
2.465000e-10 0 0
2.470000e-10 0 0
2.475000e-10 0 0
2.480000e-10 0 0
2.485000e-10 0 0
2.490000e-10 0 0
2.495000e-10 0 0
2.505000e-10 0.000000e+00 0
2.510000e-10 1.115180e-05 0
2.515000e-10 1.568365e-05 0
2.520000e-10 1.910205e-05 0
2.525000e-10 2.193495e-05 0
2.530000e-10 2.438815e-05 0
2.535000e-10 2.656787e-05 0
2.540000e-10 2.853759e-05 0
2.545000e-10 3.033895e-05 0
2.550000e-10 3.200104e-05 0
2.555000e-10 3.354518e-05 0
2.560000e-10 3.498756e-05 0
2.565000e-10 3.634086e-05 0
2.570000e-10 3.761521e-05 0
2.575000e-10 3.881889e-05 0
2.580000e-10 3.995876e-05 0
2.585000e-10 4.104059e-05 0
2.590000e-10 4.206930e-05 0
2.595000e-10 4.304913e-05 0
2.600000e-10 4.398374e-05 0
2.605000e-10 4.487636e-05 0
2.610000e-10 4.572982e-05 0
2.615000e-10 4.654665e-05 0
2.620000e-10 4.732910e-05 0
2.625000e-10 4.807920e-05 0
2.630000e-10 4.879877e-05 0
2.635000e-10 4.948947e-05 0
2.640000e-10 5.015281e-05 0
2.645000e-10 5.079017e-05 0
2.650000e-10 5.140281e-05 0
2.655000e-10 5.199191e-05 0
2.660000e-10 5.255853e-05 0
2.665000e-10 5.310368e-05 0
2.670000e-10 5.362828e-05 0
2.675000e-10 5.413319e-05 0
2.680000e-10 5.461921e-05 0
2.685000e-10 5.508710e-05 0
2.690000e-10 5.553756e-05 0
2.695000e-10 5.597124e-05 0
2.700000e-10 5.638878e-05 0
2.705000e-10 5.679076e-05 0
2.710000e-10 5.717772e-05 0
2.715000e-10 5.755020e-05 0
2.720000e-10 5.790868e-05 0
2.725000e-10 5.825363e-05 0
2.730000e-10 5.858551e-05 0
2.735000e-10 5.890472e-05 0
2.740000e-10 5.921168e-05 0
2.745000e-10 5.950676e-05 0
2.750000e-10 5.979033e-05 0
2.755000e-10 6.006275e-05 0
2.760000e-10 6.032433e-05 0
2.765000e-10 6.057541e-05 0
2.770000e-10 6.081628e-05 0
2.775000e-10 6.104725e-05 0
2.780000e-10 6.126858e-05 0
2.785000e-10 6.148055e-05 0
2.790000e-10 6.168341e-05 0
2.795000e-10 6.187742e-05 0
2.800000e-10 6.206281e-05 0
2.805000e-10 6.223982e-05 0.000000e+00
2.810000e-10 6.240866e-05 7.434530e-06
2.815000e-10 6.256956e-05 1.045576e-05
2.820000e-10 6.272270e-05 1.273470e-05
2.825000e-10 6.286830e-05 1.462330e-05
2.830000e-10 6.300654e-05 1.625876e-05
2.835000e-10 6.313762e-05 1.771191e-05
2.840000e-10 6.326170e-05 1.902506e-05
2.845000e-10 6.337897e-05 2.022597e-05
2.850000e-10 6.348959e-05 2.133403e-05
2.855000e-10 6.359373e-05 2.236345e-05
2.860000e-10 6.369153e-05 2.332504e-05
2.865000e-10 6.378316e-05 2.422724e-05
2.870000e-10 6.386875e-05 2.507681e-05
2.875000e-10 6.394846e-05 2.587926e-05
2.880000e-10 6.402243e-05 2.663917e-05
2.885000e-10 6.409078e-05 2.736039e-05
2.890000e-10 6.415365e-05 2.804620e-05
2.895000e-10 6.421117e-05 2.869942e-05
2.900000e-10 6.426345e-05 2.932249e-05
2.905000e-10 6.431063e-05 2.991757e-05
2.910000e-10 6.435281e-05 3.048655e-05
2.915000e-10 6.439012e-05 3.103110e-05
2.920000e-10 6.442265e-05 3.155274e-05
2.925000e-10 6.445052e-05 3.205280e-05
2.930000e-10 6.447383e-05 3.253251e-05
2.935000e-10 6.449269e-05 3.299298e-05
2.940000e-10 6.450720e-05 3.343521e-05
2.945000e-10 6.451744e-05 3.386011e-05
2.950000e-10 6.452352e-05 3.426854e-05
2.955000e-10 6.452553e-05 3.466127e-05
2.960000e-10 6.452355e-05 3.503902e-05
2.965000e-10 6.451768e-05 3.540245e-05
2.970000e-10 6.450799e-05 3.575219e-05
2.975000e-10 6.449458e-05 3.608879e-05
2.980000e-10 6.447753e-05 3.641281e-05
2.985000e-10 6.445690e-05 3.672473e-05
2.990000e-10 6.443279e-05 3.702504e-05
2.995000e-10 6.440526e-05 3.731416e-05
3.000000e-10 6.437440e-05 3.759252e-05
3.005000e-10 6.434026e-05 3.786050e-05
3.010000e-10 6.430293e-05 3.811848e-05
3.015000e-10 6.426247e-05 3.836680e-05
3.020000e-10 6.421895e-05 3.860578e-05
3.025000e-10 6.417243e-05 3.883575e-05
3.030000e-10 6.412299e-05 3.905700e-05
3.035000e-10 6.407067e-05 3.926981e-05
3.040000e-10 6.401555e-05 3.947445e-05
3.045000e-10 6.395768e-05 3.967117e-05
3.050000e-10 6.389713e-05 3.986022e-05
3.055000e-10 6.383395e-05 4.004183e-05
3.060000e-10 6.376819e-05 4.021622e-05
3.065000e-10 6.369992e-05 4.038361e-05
3.070000e-10 6.362918e-05 4.054419e-05
3.075000e-10 6.355604e-05 4.069816e-05
3.080000e-10 6.348053e-05 4.084572e-05
3.085000e-10 6.340272e-05 4.098703e-05
3.090000e-10 6.332265e-05 4.112227e-05
3.095000e-10 6.324037e-05 4.125161e-05
3.100000e-10 6.315593e-05 4.137521e-05
3.105000e-10 6.306937e-05 4.149321e-05
3.110000e-10 6.298075e-05 4.160578e-05
3.115000e-10 6.289010e-05 4.171304e-05
3.120000e-10 6.279748e-05 4.181513e-05
3.125000e-10 6.270292e-05 4.191220e-05
3.130000e-10 6.260646e-05 4.200436e-05
3.135000e-10 6.250815e-05 4.209175e-05
3.140000e-10 6.240804e-05 4.217447e-05
3.145000e-10 6.230615e-05 4.225265e-05
3.150000e-10 6.220253e-05 4.232639e-05
3.155000e-10 6.209721e-05 4.239582e-05
3.160000e-10 6.199024e-05 4.246102e-05
3.165000e-10 6.188165e-05 4.252210e-05
3.170000e-10 6.177148e-05 4.257917e-05
3.175000e-10 6.165976e-05 4.263231e-05
3.180000e-10 6.154653e-05 4.268162e-05
3.185000e-10 6.143182e-05 4.272719e-05
3.190000e-10 6.131567e-05 4.276910e-05
3.195000e-10 6.119811e-05 4.280745e-05
3.200000e-10 6.107917e-05 4.284230e-05
3.205000e-10 6.095888e-05 4.287375e-05
3.210000e-10 6.083728e-05 4.290188e-05
3.215000e-10 6.071439e-05 4.292674e-05
3.220000e-10 6.059025e-05 4.294843e-05
3.225000e-10 6.046488e-05 4.296701e-05
3.230000e-10 6.033832e-05 4.298256e-05
3.235000e-10 6.021059e-05 4.299513e-05
3.240000e-10 6.008172e-05 4.300480e-05
3.245000e-10 5.995174e-05 4.301163e-05
3.250000e-10 5.982068e-05 4.301568e-05
3.255000e-10 5.968856e-05 4.301702e-05
3.260000e-10 5.955541e-05 4.301570e-05
3.265000e-10 5.942125e-05 4.301178e-05
3.270000e-10 5.928611e-05 4.300533e-05
3.275000e-10 5.915001e-05 4.299639e-05
3.280000e-10 5.901299e-05 4.298502e-05
3.285000e-10 5.887505e-05 4.297127e-05
3.290000e-10 5.873623e-05 4.295519e-05
3.295000e-10 5.859655e-05 4.293684e-05
3.300000e-10 5.845603e-05 4.291626e-05
3.305000e-10 5.831469e-05 4.289351e-05
3.310000e-10 5.817256e-05 4.286862e-05
3.315000e-10 5.802966e-05 4.284165e-05
3.320000e-10 5.788600e-05 4.281263e-05
3.325000e-10 5.774162e-05 4.278162e-05
3.330000e-10 5.759652e-05 4.274866e-05
3.335000e-10 5.745073e-05 4.271378e-05
3.340000e-10 5.730427e-05 4.267703e-05
3.345000e-10 5.715716e-05 4.263846e-05
3.350000e-10 5.700942e-05 4.259809e-05
3.355000e-10 5.686107e-05 4.255597e-05
3.360000e-10 5.671211e-05 4.251213e-05
3.365000e-10 5.656259e-05 4.246661e-05
3.370000e-10 5.641250e-05 4.241945e-05
3.375000e-10 5.626187e-05 4.237069e-05
3.380000e-10 5.611072e-05 4.232035e-05
3.385000e-10 5.595906e-05 4.226848e-05
3.390000e-10 5.580690e-05 4.221510e-05
3.395000e-10 5.565428e-05 4.216025e-05
3.400000e-10 5.550119e-05 4.210395e-05
3.405000e-10 5.534767e-05 4.204625e-05
3.410000e-10 5.519371e-05 4.198717e-05
3.415000e-10 5.503935e-05 4.192674e-05
3.420000e-10 5.488458e-05 4.186499e-05
3.425000e-10 5.472944e-05 4.180194e-05
3.430000e-10 5.457393e-05 4.173764e-05
3.435000e-10 5.441806e-05 4.167210e-05
3.440000e-10 5.426185e-05 4.160536e-05
3.445000e-10 5.410532e-05 4.153743e-05
3.450000e-10 5.394848e-05 4.146835e-05
3.455000e-10 5.379134e-05 4.139814e-05
3.460000e-10 5.363392e-05 4.132683e-05
3.465000e-10 5.347622e-05 4.125443e-05
3.470000e-10 5.331826e-05 4.118099e-05
3.475000e-10 5.316006e-05 4.110651e-05
3.480000e-10 5.300162e-05 4.103102e-05
3.485000e-10 5.284296e-05 4.095455e-05
3.490000e-10 5.268409e-05 4.087711e-05
3.495000e-10 5.252502e-05 4.079874e-05
3.500000e-10 5.236576e-05 4.071944e-05
3.505000e-10 5.220632e-05 4.063925e-05
3.510000e-10 5.204672e-05 4.055818e-05
3.515000e-10 5.188697e-05 4.047626e-05
3.520000e-10 5.172707e-05 4.039350e-05
3.525000e-10 5.156704e-05 4.030992e-05
3.530000e-10 5.140689e-05 4.022555e-05
3.535000e-10 5.124662e-05 4.014039e-05
3.540000e-10 5.108625e-05 4.005448e-05
3.545000e-10 5.092579e-05 3.996783e-05
3.550000e-10 5.076525e-05 3.988045e-05
3.555000e-10 5.060463e-05 3.979237e-05
3.560000e-10 5.044395e-05 3.970361e-05
3.565000e-10 5.028322e-05 3.961417e-05
3.570000e-10 5.012244e-05 3.952407e-05
3.575000e-10 4.996162e-05 3.943334e-05
3.580000e-10 4.980078e-05 3.934199e-05
3.585000e-10 4.963992e-05 3.925003e-05
3.590000e-10 4.947904e-05 3.915749e-05
3.595000e-10 4.931817e-05 3.906437e-05
3.600000e-10 4.915730e-05 3.897069e-05
3.605000e-10 4.899644e-05 3.887646e-05
3.610000e-10 4.883560e-05 3.878171e-05
3.615000e-10 4.867480e-05 3.868644e-05
3.620000e-10 4.851403e-05 3.859067e-05
3.625000e-10 4.835331e-05 3.849441e-05
3.630000e-10 4.819264e-05 3.839768e-05
3.635000e-10 4.803203e-05 3.830049e-05
3.640000e-10 4.787148e-05 3.820285e-05
3.645000e-10 4.771101e-05 3.810478e-05
3.650000e-10 4.755062e-05 3.800628e-05
3.655000e-10 4.739032e-05 3.790738e-05
3.660000e-10 4.723011e-05 3.780808e-05
3.665000e-10 4.707000e-05 3.770839e-05
3.670000e-10 4.691000e-05 3.760833e-05
3.675000e-10 4.675011e-05 3.750791e-05
3.680000e-10 4.659034e-05 3.740714e-05
3.685000e-10 4.643070e-05 3.730604e-05
3.690000e-10 4.627119e-05 3.720460e-05
3.695000e-10 4.611181e-05 3.710285e-05
3.700000e-10 4.595258e-05 3.700080e-05
3.705000e-10 4.579350e-05 3.689844e-05
3.710000e-10 4.563457e-05 3.679581e-05
3.715000e-10 4.547581e-05 3.669290e-05
3.720000e-10 4.531721e-05 3.658972e-05
3.725000e-10 4.515878e-05 3.648629e-05
3.730000e-10 4.500052e-05 3.638262e-05
3.735000e-10 4.484245e-05 3.627871e-05
3.740000e-10 4.468456e-05 3.617457e-05
3.745000e-10 4.452686e-05 3.607022e-05
3.750000e-10 4.436936e-05 3.596566e-05
3.755000e-10 4.421206e-05 3.586090e-05
3.760000e-10 4.405497e-05 3.575595e-05
3.765000e-10 4.389808e-05 3.565081e-05
3.770000e-10 4.374141e-05 3.554551e-05
3.775000e-10 4.358496e-05 3.544004e-05
3.780000e-10 4.342873e-05 3.533441e-05
3.785000e-10 4.327273e-05 3.522864e-05
3.790000e-10 4.311696e-05 3.512273e-05
3.795000e-10 4.296142e-05 3.501668e-05
3.800000e-10 4.280613e-05 3.491051e-05
3.805000e-10 4.265107e-05 3.480422e-05
3.810000e-10 4.249627e-05 3.469782e-05
3.815000e-10 4.234171e-05 3.459131e-05
3.820000e-10 4.218742e-05 3.448471e-05
3.825000e-10 4.203338e-05 3.437803e-05
3.830000e-10 4.187960e-05 3.427126e-05
3.835000e-10 4.172608e-05 3.416441e-05
3.840000e-10 4.157284e-05 3.405750e-05
3.845000e-10 4.141987e-05 3.395053e-05
3.850000e-10 4.126717e-05 3.384350e-05
3.855000e-10 4.111475e-05 3.373642e-05
3.860000e-10 4.096262e-05 3.362930e-05
3.865000e-10 4.081077e-05 3.352215e-05
3.870000e-10 4.065921e-05 3.341496e-05
3.875000e-10 4.050794e-05 3.330775e-05
3.880000e-10 4.035696e-05 3.320052e-05
3.885000e-10 4.020628e-05 3.309328e-05
3.890000e-10 4.005590e-05 3.298603e-05
3.895000e-10 3.990582e-05 3.287878e-05
3.900000e-10 3.975605e-05 3.277153e-05
3.905000e-10 3.960658e-05 3.266429e-05
3.910000e-10 3.945743e-05 3.255707e-05
3.915000e-10 3.930858e-05 3.244987e-05
3.920000e-10 3.916006e-05 3.234269e-05
3.925000e-10 3.901185e-05 3.223554e-05
3.930000e-10 3.886396e-05 3.212843e-05
3.935000e-10 3.871639e-05 3.202135e-05
3.940000e-10 3.856915e-05 3.191432e-05
3.945000e-10 3.842223e-05 3.180734e-05
3.950000e-10 3.827565e-05 3.170041e-05
3.955000e-10 3.812939e-05 3.159355e-05
3.960000e-10 3.798347e-05 3.148674e-05
3.965000e-10 3.783788e-05 3.138000e-05
3.970000e-10 3.769263e-05 3.127333e-05
3.975000e-10 3.754772e-05 3.116674e-05
3.980000e-10 3.740315e-05 3.106023e-05
3.985000e-10 3.725892e-05 3.095380e-05
3.990000e-10 3.711503e-05 3.084746e-05
3.995000e-10 3.697150e-05 3.074121e-05
4.000000e-10 3.682831e-05 3.063506e-05
4.005000e-10 3.668547e-05 3.052900e-05
4.010000e-10 3.654298e-05 3.042305e-05
4.015000e-10 3.640084e-05 3.031721e-05
4.020000e-10 3.625905e-05 3.021147e-05
4.025000e-10 3.611763e-05 3.010585e-05
4.030000e-10 3.597656e-05 3.000035e-05
4.035000e-10 3.583584e-05 2.989496e-05
4.040000e-10 3.569549e-05 2.978971e-05
4.045000e-10 3.555550e-05 2.968458e-05
4.050000e-10 3.541587e-05 2.957957e-05
4.055000e-10 3.527661e-05 2.947471e-05
4.060000e-10 3.513770e-05 2.936998e-05
4.065000e-10 3.499917e-05 2.926539e-05
4.070000e-10 3.486100e-05 2.916094e-05
4.075000e-10 3.472320e-05 2.905664e-05
4.080000e-10 3.458577e-05 2.895249e-05
4.085000e-10 3.444871e-05 2.884848e-05
4.090000e-10 3.431202e-05 2.874464e-05
4.095000e-10 3.417571e-05 2.864095e-05
4.100000e-10 3.403976e-05 2.853742e-05
4.105000e-10 3.390420e-05 2.843405e-05
4.110000e-10 3.376900e-05 2.833085e-05
4.115000e-10 3.363418e-05 2.822781e-05
4.120000e-10 3.349974e-05 2.812494e-05
4.125000e-10 3.336568e-05 2.802225e-05
4.130000e-10 3.323199e-05 2.791973e-05
4.135000e-10 3.309869e-05 2.781739e-05
4.140000e-10 3.296576e-05 2.771523e-05
4.145000e-10 3.283321e-05 2.761325e-05
4.150000e-10 3.270105e-05 2.751145e-05
4.155000e-10 3.256927e-05 2.740984e-05
4.160000e-10 3.243786e-05 2.730841e-05
4.165000e-10 3.230684e-05 2.720718e-05
4.170000e-10 3.217621e-05 2.710614e-05
4.175000e-10 3.204596e-05 2.700529e-05
4.180000e-10 3.191609e-05 2.690464e-05
4.185000e-10 3.178661e-05 2.680419e-05
4.190000e-10 3.165751e-05 2.670393e-05
4.195000e-10 3.152879e-05 2.660388e-05
4.200000e-10 3.140047e-05 2.650403e-05
4.205000e-10 3.127253e-05 2.640439e-05
4.210000e-10 3.114497e-05 2.630495e-05
4.215000e-10 3.101781e-05 2.620572e-05
4.220000e-10 3.089103e-05 2.610671e-05
4.225000e-10 3.076463e-05 2.600790e-05
4.230000e-10 3.063863e-05 2.590931e-05
4.235000e-10 3.051301e-05 2.581093e-05
4.240000e-10 3.038778e-05 2.571277e-05
4.245000e-10 3.026294e-05 2.561482e-05
4.250000e-10 3.013849e-05 2.551710e-05
4.255000e-10 3.001443e-05 2.541959e-05
4.260000e-10 2.989075e-05 2.532231e-05
4.265000e-10 2.976747e-05 2.522525e-05
4.270000e-10 2.964457e-05 2.512842e-05
4.275000e-10 2.952206e-05 2.503181e-05
4.280000e-10 2.939994e-05 2.493543e-05
4.285000e-10 2.927821e-05 2.483928e-05
4.290000e-10 2.915687e-05 2.474336e-05
4.295000e-10 2.903592e-05 2.464766e-05
4.300000e-10 2.891536e-05 2.455220e-05
4.305000e-10 2.879518e-05 2.445698e-05
4.310000e-10 2.867540e-05 2.436198e-05
4.315000e-10 2.855600e-05 2.426723e-05
4.320000e-10 2.843699e-05 2.417270e-05
4.325000e-10 2.831837e-05 2.407842e-05
4.330000e-10 2.820014e-05 2.398437e-05
4.335000e-10 2.808230e-05 2.389056e-05
4.340000e-10 2.796484e-05 2.379699e-05
4.345000e-10 2.784778e-05 2.370367e-05
4.350000e-10 2.773110e-05 2.361058e-05
4.355000e-10 2.761480e-05 2.351774e-05
4.360000e-10 2.749890e-05 2.342514e-05
4.365000e-10 2.738338e-05 2.333278e-05
4.370000e-10 2.726825e-05 2.324067e-05
4.375000e-10 2.715351e-05 2.314880e-05
4.380000e-10 2.703915e-05 2.305718e-05
4.385000e-10 2.692518e-05 2.296581e-05
4.390000e-10 2.681159e-05 2.287468e-05
4.395000e-10 2.669839e-05 2.278381e-05
4.400000e-10 2.658557e-05 2.269318e-05
4.405000e-10 2.647314e-05 2.260280e-05
4.410000e-10 2.636109e-05 2.251267e-05
4.415000e-10 2.624943e-05 2.242279e-05
4.420000e-10 2.613815e-05 2.233316e-05
4.425000e-10 2.602725e-05 2.224379e-05
4.430000e-10 2.591673e-05 2.215466e-05
4.435000e-10 2.580660e-05 2.206579e-05
4.440000e-10 2.569685e-05 2.197717e-05
4.445000e-10 2.558748e-05 2.188881e-05
4.450000e-10 2.547849e-05 2.180070e-05
4.455000e-10 2.536988e-05 2.171284e-05
4.460000e-10 2.526165e-05 2.162524e-05
4.465000e-10 2.515381e-05 2.153790e-05
4.470000e-10 2.504634e-05 2.145081e-05
4.475000e-10 2.493924e-05 2.136397e-05
4.480000e-10 2.483253e-05 2.127739e-05
4.485000e-10 2.472619e-05 2.119107e-05
4.490000e-10 2.462023e-05 2.110500e-05
4.495000e-10 2.451465e-05 2.101920e-05
4.500000e-10 2.440944e-05 2.093365e-05
4.505000e-10 2.430461e-05 2.084835e-05
4.510000e-10 2.420015e-05 2.076332e-05
4.515000e-10 2.409607e-05 2.067854e-05
4.520000e-10 2.399236e-05 2.059402e-05
4.525000e-10 2.388902e-05 2.050976e-05
4.530000e-10 2.378606e-05 2.042575e-05
4.535000e-10 2.368346e-05 2.034201e-05
4.540000e-10 2.358124e-05 2.025852e-05
4.545000e-10 2.347939e-05 2.017530e-05
4.550000e-10 2.337791e-05 2.009233e-05
4.555000e-10 2.327679e-05 2.000962e-05
4.560000e-10 2.317605e-05 1.992717e-05
4.565000e-10 2.307567e-05 1.984498e-05
4.570000e-10 2.297566e-05 1.976305e-05
4.575000e-10 2.287602e-05 1.968137e-05
4.580000e-10 2.277674e-05 1.959996e-05
4.585000e-10 2.267783e-05 1.951881e-05
4.590000e-10 2.257928e-05 1.943791e-05
4.595000e-10 2.248109e-05 1.935728e-05
4.600000e-10 2.238327e-05 1.927690e-05
4.605000e-10 2.228581e-05 1.919679e-05
4.610000e-10 2.218871e-05 1.911693e-05
4.615000e-10 2.209197e-05 1.903733e-05
4.620000e-10 2.199559e-05 1.895799e-05
4.625000e-10 2.189958e-05 1.887891e-05
4.630000e-10 2.180392e-05 1.880009e-05
4.635000e-10 2.170861e-05 1.872153e-05
4.640000e-10 2.161367e-05 1.864323e-05
4.645000e-10 2.151908e-05 1.856518e-05
4.650000e-10 2.142484e-05 1.848740e-05
4.655000e-10 2.133097e-05 1.840987e-05
4.660000e-10 2.123744e-05 1.833260e-05
4.665000e-10 2.114427e-05 1.825559e-05
4.670000e-10 2.105145e-05 1.817883e-05
4.675000e-10 2.095898e-05 1.810234e-05
4.680000e-10 2.086686e-05 1.802610e-05
4.685000e-10 2.077510e-05 1.795012e-05
4.690000e-10 2.068368e-05 1.787439e-05
4.695000e-10 2.059261e-05 1.779892e-05
4.700000e-10 2.050189e-05 1.772371e-05
4.705000e-10 2.041151e-05 1.764876e-05
4.710000e-10 2.032148e-05 1.757406e-05
4.715000e-10 2.023180e-05 1.749962e-05
4.720000e-10 2.014246e-05 1.742543e-05
4.725000e-10 2.005346e-05 1.735150e-05
4.730000e-10 1.996481e-05 1.727782e-05
4.735000e-10 1.987649e-05 1.720440e-05
4.740000e-10 1.978852e-05 1.713123e-05
4.745000e-10 1.970089e-05 1.705832e-05
4.750000e-10 1.961360e-05 1.698566e-05
4.755000e-10 1.952664e-05 1.691326e-05
4.760000e-10 1.944003e-05 1.684110e-05
4.765000e-10 1.935375e-05 1.676920e-05
4.770000e-10 1.926780e-05 1.669756e-05
4.775000e-10 1.918219e-05 1.662616e-05
4.780000e-10 1.909692e-05 1.655502e-05
4.785000e-10 1.901198e-05 1.648413e-05
4.790000e-10 1.892737e-05 1.641349e-05
4.795000e-10 1.884309e-05 1.634310e-05
4.800000e-10 1.875914e-05 1.627296e-05
4.805000e-10 1.867552e-05 1.620307e-05
4.810000e-10 1.859223e-05 1.613344e-05
4.815000e-10 1.850927e-05 1.606405e-05
4.820000e-10 1.842664e-05 1.599491e-05
4.825000e-10 1.834433e-05 1.592602e-05
4.830000e-10 1.826235e-05 1.585737e-05
4.835000e-10 1.818069e-05 1.578898e-05
4.840000e-10 1.809935e-05 1.572083e-05
4.845000e-10 1.801834e-05 1.565293e-05
4.850000e-10 1.793765e-05 1.558527e-05
4.855000e-10 1.785728e-05 1.551786e-05
4.860000e-10 1.777723e-05 1.545070e-05
4.865000e-10 1.769750e-05 1.538378e-05
4.870000e-10 1.761809e-05 1.531711e-05
4.875000e-10 1.753899e-05 1.525068e-05
4.880000e-10 1.746021e-05 1.518449e-05
4.885000e-10 1.738175e-05 1.511855e-05
4.890000e-10 1.730360e-05 1.505285e-05
4.895000e-10 1.722576e-05 1.498739e-05
4.900000e-10 1.714824e-05 1.492218e-05
4.905000e-10 1.707102e-05 1.485721e-05
4.910000e-10 1.699412e-05 1.479247e-05
4.915000e-10 1.691753e-05 1.472798e-05
4.920000e-10 1.684125e-05 1.466373e-05
4.925000e-10 1.676527e-05 1.459972e-05
4.930000e-10 1.668961e-05 1.453594e-05
4.935000e-10 1.661424e-05 1.447241e-05
4.940000e-10 1.653919e-05 1.440911e-05
4.945000e-10 1.646444e-05 1.434605e-05
4.950000e-10 1.638999e-05 1.428323e-05
4.955000e-10 1.631584e-05 1.422064e-05
4.960000e-10 1.624200e-05 1.415829e-05
4.965000e-10 1.616845e-05 1.409618e-05
4.970000e-10 1.609521e-05 1.403430e-05
4.975000e-10 1.602227e-05 1.397265e-05
4.980000e-10 1.594962e-05 1.391124e-05
4.985000e-10 1.587727e-05 1.385006e-05
4.990000e-10 1.580522e-05 1.378912e-05
4.995000e-10 1.573346e-05 1.372841e-05
5.000000e-10 1.566199e-05 1.366792e-05
5.005000e-10 1.559082e-05 1.360767e-05
5.010000e-10 1.551994e-05 1.354765e-05
5.015000e-10 1.544935e-05 1.348786e-05
5.020000e-10 1.537906e-05 1.342830e-05
5.025000e-10 1.530905e-05 1.336897e-05
5.030000e-10 1.523933e-05 1.330987e-05
5.035000e-10 1.516990e-05 1.325100e-05
5.040000e-10 1.510076e-05 1.319235e-05
5.045000e-10 1.503190e-05 1.313393e-05
5.050000e-10 1.496333e-05 1.307573e-05
5.055000e-10 1.489504e-05 1.301776e-05
5.060000e-10 1.482703e-05 1.296002e-05
5.065000e-10 1.475931e-05 1.290250e-05
5.070000e-10 1.469187e-05 1.284520e-05
5.075000e-10 1.462470e-05 1.278813e-05
5.080000e-10 1.455782e-05 1.273128e-05
5.085000e-10 1.449122e-05 1.267465e-05
5.090000e-10 1.442489e-05 1.261824e-05
5.095000e-10 1.435884e-05 1.256206e-05
5.100000e-10 1.429307e-05 1.250609e-05
5.105000e-10 1.422757e-05 1.245035e-05
5.110000e-10 1.416234e-05 1.239482e-05
5.115000e-10 1.409739e-05 1.233952e-05
5.120000e-10 1.403271e-05 1.228443e-05
5.125000e-10 1.396830e-05 1.222955e-05
5.130000e-10 1.390417e-05 1.217490e-05
5.135000e-10 1.384030e-05 1.212046e-05
5.140000e-10 1.377670e-05 1.206624e-05
5.145000e-10 1.371336e-05 1.201223e-05
5.150000e-10 1.365030e-05 1.195843e-05
5.155000e-10 1.358750e-05 1.190485e-05
5.160000e-10 1.352496e-05 1.185149e-05
5.165000e-10 1.346269e-05 1.179833e-05
5.170000e-10 1.340068e-05 1.174539e-05
5.175000e-10 1.333894e-05 1.169266e-05
5.180000e-10 1.327745e-05 1.164014e-05
5.185000e-10 1.321623e-05 1.158783e-05
5.190000e-10 1.315526e-05 1.153573e-05
5.195000e-10 1.309455e-05 1.148384e-05
5.200000e-10 1.303411e-05 1.143216e-05
5.205000e-10 1.297391e-05 1.138068e-05
5.210000e-10 1.291398e-05 1.132941e-05
5.215000e-10 1.285429e-05 1.127835e-05
5.220000e-10 1.279487e-05 1.122750e-05
5.225000e-10 1.273569e-05 1.117685e-05
5.230000e-10 1.267677e-05 1.112640e-05
5.235000e-10 1.261810e-05 1.107616e-05
5.240000e-10 1.255968e-05 1.102613e-05
5.245000e-10 1.250151e-05 1.097629e-05
5.250000e-10 1.244359e-05 1.092666e-05
5.255000e-10 1.238591e-05 1.087723e-05
5.260000e-10 1.232848e-05 1.082800e-05
5.265000e-10 1.227130e-05 1.077897e-05
5.270000e-10 1.221437e-05 1.073014e-05
5.275000e-10 1.215767e-05 1.068151e-05
5.280000e-10 1.210123e-05 1.063308e-05
5.285000e-10 1.204502e-05 1.058485e-05
5.290000e-10 1.198906e-05 1.053681e-05
5.295000e-10 1.193333e-05 1.048897e-05
5.300000e-10 1.187785e-05 1.044133e-05
5.305000e-10 1.182260e-05 1.039388e-05
5.310000e-10 1.176760e-05 1.034663e-05
5.315000e-10 1.171283e-05 1.029957e-05
5.320000e-10 1.165830e-05 1.025271e-05
5.325000e-10 1.160400e-05 1.020603e-05
5.330000e-10 1.154994e-05 1.015955e-05
5.335000e-10 1.149611e-05 1.011327e-05
5.340000e-10 1.144251e-05 1.006717e-05
5.345000e-10 1.138915e-05 1.002127e-05
5.350000e-10 1.133602e-05 9.975551e-06
5.355000e-10 1.128312e-05 9.930025e-06
5.360000e-10 1.123045e-05 9.884688e-06
5.365000e-10 1.117800e-05 9.839539e-06
5.370000e-10 1.112579e-05 9.794577e-06
5.375000e-10 1.107380e-05 9.749803e-06
5.380000e-10 1.102204e-05 9.705214e-06
5.385000e-10 1.097050e-05 9.660812e-06
5.390000e-10 1.091919e-05 9.616594e-06
5.395000e-10 1.086810e-05 9.572561e-06
5.400000e-10 1.081723e-05 9.528712e-06
5.405000e-10 1.076659e-05 9.485046e-06
5.410000e-10 1.071617e-05 9.441563e-06
5.415000e-10 1.066597e-05 9.398262e-06
5.420000e-10 1.061598e-05 9.355142e-06
5.425000e-10 1.056622e-05 9.312203e-06
5.430000e-10 1.051667e-05 9.269444e-06
5.435000e-10 1.046734e-05 9.226865e-06
5.440000e-10 1.041823e-05 9.184465e-06
5.445000e-10 1.036933e-05 9.142243e-06
5.450000e-10 1.032065e-05 9.100199e-06
5.455000e-10 1.027218e-05 9.058332e-06
5.460000e-10 1.022393e-05 9.016642e-06
5.465000e-10 1.017588e-05 8.975128e-06
5.470000e-10 1.012805e-05 8.933789e-06
5.475000e-10 1.008043e-05 8.892624e-06
5.480000e-10 1.003302e-05 8.851634e-06
5.485000e-10 9.985812e-06 8.810818e-06
5.490000e-10 9.938817e-06 8.770174e-06
5.495000e-10 9.892028e-06 8.729703e-06
5.500000e-10 9.845447e-06 8.689404e-06
5.505000e-10 9.799071e-06 8.649275e-06
5.510000e-10 9.752900e-06 8.609317e-06
5.515000e-10 9.706933e-06 8.569530e-06
5.520000e-10 9.661169e-06 8.529911e-06
5.525000e-10 9.615608e-06 8.490462e-06
5.530000e-10 9.570249e-06 8.451180e-06
5.535000e-10 9.525090e-06 8.412066e-06
5.540000e-10 9.480132e-06 8.373119e-06
5.545000e-10 9.435373e-06 8.334339e-06
5.550000e-10 9.390813e-06 8.295724e-06
5.555000e-10 9.346451e-06 8.257274e-06
5.560000e-10 9.302285e-06 8.218989e-06
5.565000e-10 9.258316e-06 8.180869e-06
5.570000e-10 9.214543e-06 8.142911e-06
5.575000e-10 9.170964e-06 8.105116e-06
5.580000e-10 9.127579e-06 8.067484e-06
5.585000e-10 9.084388e-06 8.030014e-06
5.590000e-10 9.041389e-06 7.992704e-06
5.595000e-10 8.998582e-06 7.955555e-06
5.600000e-10 8.955965e-06 7.918566e-06
5.605000e-10 8.913539e-06 7.881736e-06
5.610000e-10 8.871302e-06 7.845066e-06
5.615000e-10 8.829254e-06 7.808553e-06
5.620000e-10 8.787394e-06 7.772198e-06
5.625000e-10 8.745721e-06 7.736000e-06
5.630000e-10 8.704235e-06 7.699958e-06
5.635000e-10 8.662934e-06 7.664073e-06
5.640000e-10 8.621818e-06 7.628343e-06
5.645000e-10 8.580887e-06 7.592767e-06
5.650000e-10 8.540139e-06 7.557346e-06
5.655000e-10 8.499573e-06 7.522078e-06
5.660000e-10 8.459190e-06 7.486964e-06
5.665000e-10 8.418988e-06 7.452002e-06
5.670000e-10 8.378967e-06 7.417192e-06
5.675000e-10 8.339125e-06 7.382533e-06
5.680000e-10 8.299463e-06 7.348025e-06
5.685000e-10 8.259979e-06 7.313667e-06
5.690000e-10 8.220672e-06 7.279459e-06
5.695000e-10 8.181543e-06 7.245400e-06
5.700000e-10 8.142590e-06 7.211490e-06
5.705000e-10 8.103812e-06 7.177727e-06
5.710000e-10 8.065210e-06 7.144112e-06
5.715000e-10 8.026781e-06 7.110644e-06
5.720000e-10 7.988526e-06 7.077323e-06
5.725000e-10 7.950443e-06 7.044147e-06
5.730000e-10 7.912533e-06 7.011116e-06
5.735000e-10 7.874793e-06 6.978230e-06
5.740000e-10 7.837225e-06 6.945488e-06
5.745000e-10 7.799826e-06 6.912890e-06
5.750000e-10 7.762596e-06 6.880435e-06
5.755000e-10 7.725536e-06 6.848122e-06
5.760000e-10 7.688642e-06 6.815951e-06
5.765000e-10 7.651916e-06 6.783922e-06
5.770000e-10 7.615357e-06 6.752033e-06
5.775000e-10 7.578963e-06 6.720285e-06
5.780000e-10 7.542735e-06 6.688677e-06
5.785000e-10 7.506670e-06 6.657208e-06
5.790000e-10 7.470770e-06 6.625878e-06
5.795000e-10 7.435033e-06 6.594686e-06
5.800000e-10 7.399458e-06 6.563631e-06
5.805000e-10 7.364045e-06 6.532714e-06
5.810000e-10 7.328792e-06 6.501933e-06
5.815000e-10 7.293701e-06 6.471289e-06
5.820000e-10 7.258769e-06 6.440779e-06
5.825000e-10 7.223996e-06 6.410405e-06
5.830000e-10 7.189382e-06 6.380166e-06
5.835000e-10 7.154925e-06 6.350060e-06
5.840000e-10 7.120625e-06 6.320088e-06
5.845000e-10 7.086482e-06 6.290249e-06
5.850000e-10 7.052495e-06 6.260542e-06
5.855000e-10 7.018663e-06 6.230967e-06
5.860000e-10 6.984985e-06 6.201524e-06
5.865000e-10 6.951461e-06 6.172211e-06
5.870000e-10 6.918091e-06 6.143029e-06
5.875000e-10 6.884873e-06 6.113976e-06
5.880000e-10 6.851807e-06 6.085053e-06
5.885000e-10 6.818892e-06 6.056259e-06
5.890000e-10 6.786128e-06 6.027593e-06
5.895000e-10 6.753515e-06 5.999054e-06
5.900000e-10 6.721050e-06 5.970643e-06
5.905000e-10 6.688734e-06 5.942359e-06
5.910000e-10 6.656567e-06 5.914202e-06
5.915000e-10 6.624547e-06 5.886170e-06
5.920000e-10 6.592674e-06 5.858263e-06
5.925000e-10 6.560948e-06 5.830481e-06
5.930000e-10 6.529367e-06 5.802823e-06
5.935000e-10 6.497931e-06 5.775289e-06
5.940000e-10 6.466639e-06 5.747879e-06
5.945000e-10 6.435492e-06 5.720591e-06
5.950000e-10 6.404488e-06 5.693426e-06
5.955000e-10 6.373626e-06 5.666382e-06
5.960000e-10 6.342906e-06 5.639460e-06
5.965000e-10 6.312328e-06 5.612659e-06
5.970000e-10 6.281891e-06 5.585978e-06
5.975000e-10 6.251594e-06 5.559417e-06
5.980000e-10 6.221437e-06 5.532975e-06
5.985000e-10 6.191419e-06 5.506653e-06
5.990000e-10 6.161539e-06 5.480448e-06
5.995000e-10 6.131797e-06 5.454362e-06
6.000000e-10 6.102192e-06 5.428393e-06
6.005000e-10 6.072724e-06 5.402542e-06
6.010000e-10 6.043393e-06 5.376806e-06
6.015000e-10 6.014197e-06 5.351187e-06
6.020000e-10 5.985135e-06 5.325684e-06
6.025000e-10 5.956209e-06 5.300295e-06
6.030000e-10 5.927416e-06 5.275022e-06
6.035000e-10 5.898756e-06 5.249862e-06
6.040000e-10 5.870229e-06 5.224816e-06
6.045000e-10 5.841834e-06 5.199884e-06
6.050000e-10 5.813571e-06 5.175064e-06
6.055000e-10 5.785438e-06 5.150357e-06
6.060000e-10 5.757436e-06 5.125762e-06
6.065000e-10 5.729564e-06 5.101278e-06
6.070000e-10 5.701821e-06 5.076905e-06
6.075000e-10 5.674207e-06 5.052642e-06
6.080000e-10 5.646722e-06 5.028490e-06
6.085000e-10 5.619363e-06 5.004447e-06
6.090000e-10 5.592132e-06 4.980513e-06
6.095000e-10 5.565028e-06 4.956688e-06
6.100000e-10 5.538049e-06 4.932972e-06
6.105000e-10 5.511196e-06 4.909363e-06
6.110000e-10 5.484468e-06 4.885862e-06
6.115000e-10 5.457864e-06 4.862467e-06
6.120000e-10 5.431384e-06 4.839179e-06
6.125000e-10 5.405028e-06 4.815997e-06
6.130000e-10 5.378794e-06 4.792921e-06
6.135000e-10 5.352682e-06 4.769950e-06
6.140000e-10 5.326692e-06 4.747084e-06
6.145000e-10 5.300823e-06 4.724321e-06
6.150000e-10 5.275075e-06 4.701663e-06
6.155000e-10 5.249447e-06 4.679108e-06
6.160000e-10 5.223939e-06 4.656657e-06
6.165000e-10 5.198550e-06 4.634308e-06
6.170000e-10 5.173279e-06 4.612061e-06
6.175000e-10 5.148126e-06 4.589915e-06
6.180000e-10 5.123091e-06 4.567871e-06
6.185000e-10 5.098173e-06 4.545928e-06
6.190000e-10 5.073371e-06 4.524086e-06
6.195000e-10 5.048686e-06 4.502343e-06
6.200000e-10 5.024116e-06 4.480700e-06
6.205000e-10 4.999661e-06 4.459156e-06
6.210000e-10 4.975320e-06 4.437711e-06
6.215000e-10 4.951094e-06 4.416365e-06
6.220000e-10 4.926980e-06 4.395116e-06
6.225000e-10 4.902980e-06 4.373965e-06
6.230000e-10 4.879093e-06 4.352911e-06
6.235000e-10 4.855317e-06 4.331954e-06
6.240000e-10 4.831653e-06 4.311093e-06
6.245000e-10 4.808100e-06 4.290328e-06
6.250000e-10 4.784658e-06 4.269658e-06
6.255000e-10 4.761325e-06 4.249084e-06
6.260000e-10 4.738102e-06 4.228604e-06
6.265000e-10 4.714988e-06 4.208219e-06
6.270000e-10 4.691983e-06 4.187927e-06
6.275000e-10 4.669086e-06 4.167729e-06
6.280000e-10 4.646297e-06 4.147625e-06
6.285000e-10 4.623615e-06 4.127612e-06
6.290000e-10 4.601039e-06 4.107693e-06
6.295000e-10 4.578570e-06 4.087865e-06
6.300000e-10 4.556206e-06 4.068128e-06
6.305000e-10 4.533948e-06 4.048483e-06
6.310000e-10 4.511795e-06 4.028929e-06
6.315000e-10 4.489745e-06 4.009464e-06
6.320000e-10 4.467800e-06 3.990090e-06
6.325000e-10 4.445959e-06 3.970806e-06
6.330000e-10 4.424220e-06 3.951610e-06
6.335000e-10 4.402584e-06 3.932504e-06
6.340000e-10 4.381050e-06 3.913486e-06
6.345000e-10 4.359617e-06 3.894556e-06
6.350000e-10 4.338286e-06 3.875714e-06
6.355000e-10 4.317055e-06 3.856959e-06
6.360000e-10 4.295925e-06 3.838291e-06
6.365000e-10 4.274895e-06 3.819709e-06
6.370000e-10 4.253964e-06 3.801214e-06
6.375000e-10 4.233131e-06 3.782805e-06
6.380000e-10 4.212398e-06 3.764481e-06
6.385000e-10 4.191762e-06 3.746242e-06
6.390000e-10 4.171224e-06 3.728088e-06
6.395000e-10 4.150783e-06 3.710018e-06
6.400000e-10 4.130439e-06 3.692033e-06
6.405000e-10 4.110192e-06 3.674131e-06
6.410000e-10 4.090040e-06 3.656312e-06
6.415000e-10 4.069984e-06 3.638576e-06
6.420000e-10 4.050022e-06 3.620923e-06
6.425000e-10 4.030156e-06 3.603352e-06
6.430000e-10 4.010383e-06 3.585862e-06
6.435000e-10 3.990705e-06 3.568455e-06
6.440000e-10 3.971119e-06 3.551128e-06
6.445000e-10 3.951627e-06 3.533882e-06
6.450000e-10 3.932227e-06 3.516717e-06
6.455000e-10 3.912919e-06 3.499631e-06
6.460000e-10 3.893703e-06 3.482626e-06
6.465000e-10 3.874578e-06 3.465700e-06
6.470000e-10 3.855544e-06 3.448853e-06
6.475000e-10 3.836601e-06 3.432084e-06
6.480000e-10 3.817747e-06 3.415394e-06
6.485000e-10 3.798983e-06 3.398782e-06
6.490000e-10 3.780309e-06 3.382248e-06
6.495000e-10 3.761723e-06 3.365791e-06
6.500000e-10 3.743225e-06 3.349411e-06
6.505000e-10 3.724816e-06 3.333107e-06
6.510000e-10 3.706494e-06 3.316880e-06
6.515000e-10 3.688260e-06 3.300729e-06
6.520000e-10 3.670113e-06 3.284654e-06
6.525000e-10 3.652051e-06 3.268654e-06
6.530000e-10 3.634076e-06 3.252729e-06
6.535000e-10 3.616187e-06 3.236878e-06
6.540000e-10 3.598383e-06 3.221102e-06
6.545000e-10 3.580664e-06 3.205400e-06
6.550000e-10 3.563029e-06 3.189772e-06
6.555000e-10 3.545479e-06 3.174217e-06
6.560000e-10 3.528012e-06 3.158735e-06
6.565000e-10 3.510629e-06 3.143326e-06
6.570000e-10 3.493328e-06 3.127989e-06
6.575000e-10 3.476111e-06 3.112724e-06
6.580000e-10 3.458975e-06 3.097531e-06
6.585000e-10 3.441922e-06 3.082410e-06
6.590000e-10 3.424950e-06 3.067359e-06
6.595000e-10 3.408059e-06 3.052380e-06
6.600000e-10 3.391248e-06 3.037471e-06
6.605000e-10 3.374519e-06 3.022632e-06
6.610000e-10 3.357869e-06 3.007863e-06
6.615000e-10 3.341299e-06 2.993164e-06
6.620000e-10 3.324808e-06 2.978534e-06
6.625000e-10 3.308396e-06 2.963972e-06
6.630000e-10 3.292063e-06 2.949480e-06
6.635000e-10 3.275808e-06 2.935056e-06
6.640000e-10 3.259631e-06 2.920700e-06
6.645000e-10 3.243531e-06 2.906412e-06
6.650000e-10 3.227509e-06 2.892191e-06
6.655000e-10 3.211563e-06 2.878037e-06
6.660000e-10 3.195694e-06 2.863950e-06
6.665000e-10 3.179901e-06 2.849930e-06
6.670000e-10 3.164184e-06 2.835976e-06
6.675000e-10 3.148542e-06 2.822088e-06
6.680000e-10 3.132975e-06 2.808265e-06
6.685000e-10 3.117483e-06 2.794508e-06
6.690000e-10 3.102065e-06 2.780816e-06
6.695000e-10 3.086722e-06 2.767189e-06
6.700000e-10 3.071452e-06 2.753626e-06
6.705000e-10 3.056255e-06 2.740128e-06
6.710000e-10 3.041132e-06 2.726693e-06
6.715000e-10 3.026081e-06 2.713322e-06
6.720000e-10 3.011102e-06 2.700015e-06
6.725000e-10 2.996196e-06 2.686771e-06
6.730000e-10 2.981361e-06 2.673589e-06
6.735000e-10 2.966598e-06 2.660470e-06
6.740000e-10 2.951905e-06 2.647413e-06
6.745000e-10 2.937284e-06 2.634418e-06
6.750000e-10 2.922733e-06 2.621485e-06
6.755000e-10 2.908251e-06 2.608613e-06
6.760000e-10 2.893840e-06 2.595802e-06
6.765000e-10 2.879498e-06 2.583052e-06
6.770000e-10 2.865225e-06 2.570363e-06
6.775000e-10 2.851021e-06 2.557734e-06
6.780000e-10 2.836886e-06 2.545165e-06
6.785000e-10 2.822818e-06 2.532655e-06
6.790000e-10 2.808818e-06 2.520206e-06
6.795000e-10 2.794886e-06 2.507815e-06
6.800000e-10 2.781022e-06 2.495484e-06
6.805000e-10 2.767224e-06 2.483211e-06
6.810000e-10 2.753492e-06 2.470996e-06
6.815000e-10 2.739827e-06 2.458840e-06
6.820000e-10 2.726228e-06 2.446742e-06
6.825000e-10 2.712695e-06 2.434701e-06
6.830000e-10 2.699227e-06 2.422718e-06
6.835000e-10 2.685824e-06 2.410791e-06
6.840000e-10 2.672485e-06 2.398922e-06
6.845000e-10 2.659212e-06 2.387109e-06
6.850000e-10 2.646002e-06 2.375353e-06
6.855000e-10 2.632856e-06 2.363652e-06
6.860000e-10 2.619774e-06 2.352008e-06
6.865000e-10 2.606755e-06 2.340419e-06
6.870000e-10 2.593800e-06 2.328886e-06
6.875000e-10 2.580907e-06 2.317407e-06
6.880000e-10 2.568076e-06 2.305983e-06
6.885000e-10 2.555307e-06 2.294614e-06
6.890000e-10 2.542600e-06 2.283300e-06
6.895000e-10 2.529955e-06 2.272039e-06
6.900000e-10 2.517371e-06 2.260832e-06
6.905000e-10 2.504848e-06 2.249679e-06
6.910000e-10 2.492386e-06 2.238579e-06
6.915000e-10 2.479984e-06 2.227533e-06
6.920000e-10 2.467642e-06 2.216539e-06
6.925000e-10 2.455360e-06 2.205598e-06
6.930000e-10 2.443138e-06 2.194709e-06
6.935000e-10 2.430975e-06 2.183872e-06
6.940000e-10 2.418871e-06 2.173087e-06
6.945000e-10 2.406825e-06 2.162354e-06
6.950000e-10 2.394839e-06 2.151673e-06
6.955000e-10 2.382910e-06 2.141042e-06
6.960000e-10 2.371039e-06 2.130463e-06
6.965000e-10 2.359226e-06 2.119934e-06
6.970000e-10 2.347470e-06 2.109456e-06
6.975000e-10 2.335772e-06 2.099028e-06
6.980000e-10 2.324130e-06 2.088650e-06
6.985000e-10 2.312545e-06 2.078322e-06
6.990000e-10 2.301016e-06 2.068044e-06
6.995000e-10 2.289543e-06 2.057814e-06
7.000000e-10 2.278126e-06 2.047634e-06
7.005000e-10 2.266764e-06 2.037503e-06
7.010000e-10 2.255458e-06 2.027421e-06
7.015000e-10 2.244207e-06 2.017387e-06
7.020000e-10 2.233011e-06 2.007402e-06
7.025000e-10 2.221869e-06 1.997464e-06
7.030000e-10 2.210781e-06 1.987574e-06
7.035000e-10 2.199747e-06 1.977732e-06
7.040000e-10 2.188767e-06 1.967937e-06
7.045000e-10 2.177841e-06 1.958189e-06
7.050000e-10 2.166967e-06 1.948488e-06
7.055000e-10 2.156147e-06 1.938834e-06
7.060000e-10 2.145379e-06 1.929227e-06
7.065000e-10 2.134664e-06 1.919665e-06
7.070000e-10 2.124001e-06 1.910150e-06
7.075000e-10 2.113391e-06 1.900681e-06
7.080000e-10 2.102832e-06 1.891257e-06
7.085000e-10 2.092324e-06 1.881879e-06
7.090000e-10 2.081868e-06 1.872546e-06
7.095000e-10 2.071462e-06 1.863258e-06
7.100000e-10 2.061108e-06 1.854014e-06
7.105000e-10 2.050804e-06 1.844816e-06
7.110000e-10 2.040550e-06 1.835661e-06
7.115000e-10 2.030346e-06 1.826551e-06
7.120000e-10 2.020193e-06 1.817485e-06
7.125000e-10 2.010089e-06 1.808463e-06
7.130000e-10 2.000034e-06 1.799484e-06
7.135000e-10 1.990028e-06 1.790549e-06
7.140000e-10 1.980071e-06 1.781657e-06
7.145000e-10 1.970163e-06 1.772808e-06
7.150000e-10 1.960304e-06 1.764001e-06
7.155000e-10 1.950492e-06 1.755238e-06
7.160000e-10 1.940729e-06 1.746516e-06
7.165000e-10 1.931013e-06 1.737837e-06
7.170000e-10 1.921345e-06 1.729200e-06
7.175000e-10 1.911724e-06 1.720604e-06
7.180000e-10 1.902150e-06 1.712051e-06
7.185000e-10 1.892623e-06 1.703538e-06
7.190000e-10 1.883143e-06 1.695067e-06
7.195000e-10 1.873709e-06 1.686637e-06
7.200000e-10 1.864321e-06 1.678247e-06
7.205000e-10 1.854980e-06 1.669899e-06
7.210000e-10 1.845684e-06 1.661591e-06
7.215000e-10 1.836433e-06 1.653323e-06
7.220000e-10 1.827228e-06 1.645095e-06
7.225000e-10 1.818069e-06 1.636907e-06
7.230000e-10 1.808954e-06 1.628759e-06
7.235000e-10 1.799883e-06 1.620650e-06
7.240000e-10 1.790857e-06 1.612580e-06
7.245000e-10 1.781876e-06 1.604550e-06
7.250000e-10 1.772938e-06 1.596559e-06
7.255000e-10 1.764045e-06 1.588607e-06
7.260000e-10 1.755195e-06 1.580693e-06
7.265000e-10 1.746388e-06 1.572817e-06
7.270000e-10 1.737625e-06 1.564980e-06
7.275000e-10 1.728904e-06 1.557181e-06
7.280000e-10 1.720227e-06 1.549420e-06
7.285000e-10 1.711592e-06 1.541696e-06
7.290000e-10 1.702999e-06 1.534011e-06
7.295000e-10 1.694449e-06 1.526362e-06
7.300000e-10 1.685941e-06 1.518751e-06
7.305000e-10 1.677474e-06 1.511176e-06
7.310000e-10 1.669050e-06 1.503639e-06
7.315000e-10 1.660666e-06 1.496138e-06
7.320000e-10 1.652324e-06 1.488674e-06
7.325000e-10 1.644023e-06 1.481246e-06
7.330000e-10 1.635762e-06 1.473854e-06
7.335000e-10 1.627543e-06 1.466498e-06
7.340000e-10 1.619363e-06 1.459178e-06
7.345000e-10 1.611224e-06 1.451894e-06
7.350000e-10 1.603125e-06 1.444645e-06
7.355000e-10 1.595066e-06 1.437431e-06
7.360000e-10 1.587047e-06 1.430253e-06
7.365000e-10 1.579067e-06 1.423110e-06
7.370000e-10 1.571126e-06 1.416001e-06
7.375000e-10 1.563224e-06 1.408927e-06
7.380000e-10 1.555362e-06 1.401888e-06
7.385000e-10 1.547538e-06 1.394883e-06
7.390000e-10 1.539752e-06 1.387912e-06
7.395000e-10 1.532005e-06 1.380975e-06
7.400000e-10 1.524297e-06 1.374072e-06
7.405000e-10 1.516626e-06 1.367203e-06
7.410000e-10 1.508993e-06 1.360367e-06
7.415000e-10 1.501397e-06 1.353564e-06
7.420000e-10 1.493839e-06 1.346795e-06
7.425000e-10 1.486319e-06 1.340059e-06
7.430000e-10 1.478835e-06 1.333356e-06
7.435000e-10 1.471388e-06 1.326685e-06
7.440000e-10 1.463979e-06 1.320048e-06
7.445000e-10 1.456605e-06 1.313442e-06
7.450000e-10 1.449268e-06 1.306869e-06
7.455000e-10 1.441968e-06 1.300328e-06
7.460000e-10 1.434703e-06 1.293819e-06
7.465000e-10 1.427474e-06 1.287342e-06
7.470000e-10 1.420281e-06 1.280897e-06
7.475000e-10 1.413123e-06 1.274483e-06
7.480000e-10 1.406001e-06 1.268100e-06
7.485000e-10 1.398914e-06 1.261749e-06
7.490000e-10 1.391862e-06 1.255429e-06
7.495000e-10 1.384845e-06 1.249139e-06
7.500000e-10 1.377863e-06 1.242881e-06
7.505000e-10 1.370915e-06 1.236653e-06
7.510000e-10 1.364001e-06 1.230456e-06
7.515000e-10 1.357122e-06 1.224289e-06
7.520000e-10 1.350276e-06 1.218152e-06
7.525000e-10 1.343465e-06 1.212046e-06
7.530000e-10 1.336687e-06 1.205969e-06
7.535000e-10 1.329943e-06 1.199922e-06
7.540000e-10 1.323232e-06 1.193905e-06
7.545000e-10 1.316554e-06 1.187917e-06
7.550000e-10 1.309909e-06 1.181959e-06
7.555000e-10 1.303298e-06 1.176030e-06
7.560000e-10 1.296719e-06 1.170130e-06
7.565000e-10 1.290172e-06 1.164259e-06
7.570000e-10 1.283658e-06 1.158416e-06
7.575000e-10 1.277177e-06 1.152603e-06
7.580000e-10 1.270727e-06 1.146818e-06
7.585000e-10 1.264309e-06 1.141061e-06
7.590000e-10 1.257923e-06 1.135333e-06
7.595000e-10 1.251569e-06 1.129633e-06
7.600000e-10 1.245246e-06 1.123961e-06
7.605000e-10 1.238955e-06 1.118316e-06
7.610000e-10 1.232695e-06 1.112700e-06
7.615000e-10 1.226466e-06 1.107111e-06
7.620000e-10 1.220268e-06 1.101549e-06
7.625000e-10 1.214100e-06 1.096015e-06
7.630000e-10 1.207963e-06 1.090508e-06
7.635000e-10 1.201857e-06 1.085028e-06
7.640000e-10 1.195781e-06 1.079576e-06
7.645000e-10 1.189735e-06 1.074150e-06
7.650000e-10 1.183719e-06 1.068750e-06
7.655000e-10 1.177732e-06 1.063377e-06
7.660000e-10 1.171776e-06 1.058031e-06
7.665000e-10 1.165849e-06 1.052711e-06
7.670000e-10 1.159952e-06 1.047417e-06
7.675000e-10 1.154084e-06 1.042150e-06
7.680000e-10 1.148245e-06 1.036908e-06
7.685000e-10 1.142435e-06 1.031692e-06
7.690000e-10 1.136654e-06 1.026502e-06
7.695000e-10 1.130901e-06 1.021337e-06
7.700000e-10 1.125178e-06 1.016198e-06
7.705000e-10 1.119482e-06 1.011084e-06
7.710000e-10 1.113815e-06 1.005995e-06
7.715000e-10 1.108176e-06 1.000931e-06
7.720000e-10 1.102566e-06 9.958929e-07
7.725000e-10 1.096983e-06 9.908791e-07
7.730000e-10 1.091428e-06 9.858901e-07
7.735000e-10 1.085900e-06 9.809256e-07
7.740000e-10 1.080400e-06 9.759857e-07
7.745000e-10 1.074928e-06 9.710701e-07
7.750000e-10 1.069482e-06 9.661789e-07
7.755000e-10 1.064064e-06 9.613117e-07
7.760000e-10 1.058673e-06 9.564686e-07
7.765000e-10 1.053308e-06 9.516494e-07
7.770000e-10 1.047970e-06 9.468540e-07
7.775000e-10 1.042659e-06 9.420823e-07
7.780000e-10 1.037374e-06 9.373341e-07
7.785000e-10 1.032116e-06 9.326095e-07
7.790000e-10 1.026884e-06 9.279081e-07
7.795000e-10 1.021678e-06 9.232300e-07
7.800000e-10 1.016498e-06 9.185751e-07
7.805000e-10 1.011343e-06 9.139431e-07
7.810000e-10 1.006214e-06 9.093341e-07
7.815000e-10 1.001111e-06 9.047478e-07
7.820000e-10 9.960336e-07 9.001842e-07
7.825000e-10 9.909812e-07 8.956432e-07
7.830000e-10 9.859540e-07 8.911247e-07
7.835000e-10 9.809519e-07 8.866285e-07
7.840000e-10 9.759747e-07 8.821545e-07
7.845000e-10 9.710224e-07 8.777027e-07
7.850000e-10 9.660948e-07 8.732730e-07
7.855000e-10 9.611917e-07 8.688652e-07
7.860000e-10 9.563131e-07 8.644791e-07
7.865000e-10 9.514589e-07 8.601149e-07
7.870000e-10 9.466289e-07 8.557722e-07
7.875000e-10 9.418230e-07 8.514510e-07
7.880000e-10 9.370411e-07 8.471513e-07
7.885000e-10 9.322830e-07 8.428728e-07
7.890000e-10 9.275488e-07 8.386156e-07
7.895000e-10 9.228381e-07 8.343795e-07
7.900000e-10 9.181510e-07 8.301643e-07
7.905000e-10 9.134873e-07 8.259701e-07
7.910000e-10 9.088469e-07 8.217966e-07
7.915000e-10 9.042297e-07 8.176438e-07
7.920000e-10 8.996356e-07 8.135117e-07
7.925000e-10 8.950644e-07 8.094000e-07
7.930000e-10 8.905161e-07 8.053087e-07
7.935000e-10 8.859905e-07 8.012378e-07
7.940000e-10 8.814876e-07 7.971870e-07
7.945000e-10 8.770071e-07 7.931563e-07
7.950000e-10 8.725491e-07 7.891457e-07
7.955000e-10 8.681133e-07 7.851549e-07
7.960000e-10 8.636998e-07 7.811840e-07
7.965000e-10 8.593083e-07 7.772328e-07
7.970000e-10 8.549388e-07 7.733012e-07
7.975000e-10 8.505911e-07 7.693891e-07
7.980000e-10 8.462652e-07 7.654965e-07
7.985000e-10 8.419610e-07 7.616232e-07
7.990000e-10 8.376783e-07 7.577691e-07
7.995000e-10 8.334170e-07 7.539342e-07
8.000000e-10 8.291771e-07 7.501184e-07
8.005000e-10 8.249584e-07 7.463215e-07
8.010000e-10 8.207608e-07 7.425435e-07
8.015000e-10 8.165843e-07 7.387843e-07
8.020000e-10 8.124286e-07 7.350438e-07
8.025000e-10 8.082938e-07 7.313218e-07
8.030000e-10 8.041797e-07 7.276184e-07
8.035000e-10 8.000862e-07 7.239334e-07
8.040000e-10 7.960132e-07 7.202668e-07
8.045000e-10 7.919607e-07 7.166184e-07
8.050000e-10 7.879284e-07 7.129881e-07
8.055000e-10 7.839164e-07 7.093759e-07
8.060000e-10 7.799244e-07 7.057817e-07
8.065000e-10 7.759525e-07 7.022054e-07
8.070000e-10 7.720005e-07 6.986469e-07
8.075000e-10 7.680683e-07 6.951061e-07
8.080000e-10 7.641558e-07 6.915830e-07
8.085000e-10 7.602630e-07 6.880774e-07
8.090000e-10 7.563897e-07 6.845892e-07
8.095000e-10 7.525358e-07 6.811185e-07
8.100000e-10 7.487012e-07 6.776650e-07
8.105000e-10 7.448859e-07 6.742288e-07
8.110000e-10 7.410898e-07 6.708096e-07
8.115000e-10 7.373127e-07 6.674075e-07
8.120000e-10 7.335545e-07 6.640224e-07
8.125000e-10 7.298153e-07 6.606541e-07
8.130000e-10 7.260947e-07 6.573027e-07
8.135000e-10 7.223929e-07 6.539679e-07
8.140000e-10 7.187097e-07 6.506498e-07
8.145000e-10 7.150449e-07 6.473483e-07
8.150000e-10 7.113986e-07 6.440632e-07
8.155000e-10 7.077706e-07 6.407945e-07
8.160000e-10 7.041608e-07 6.375421e-07
8.165000e-10 7.005692e-07 6.343059e-07
8.170000e-10 6.969956e-07 6.310859e-07
8.175000e-10 6.934399e-07 6.278820e-07
8.180000e-10 6.899021e-07 6.246940e-07
8.185000e-10 6.863821e-07 6.215220e-07
8.190000e-10 6.828799e-07 6.183658e-07
8.195000e-10 6.793952e-07 6.152254e-07
8.200000e-10 6.759280e-07 6.121007e-07
8.205000e-10 6.724783e-07 6.089916e-07
8.210000e-10 6.690459e-07 6.058980e-07
8.215000e-10 6.656308e-07 6.028198e-07
8.220000e-10 6.622328e-07 5.997571e-07
8.225000e-10 6.588520e-07 5.967096e-07
8.230000e-10 6.554881e-07 5.936774e-07
8.235000e-10 6.521412e-07 5.906604e-07
8.240000e-10 6.488111e-07 5.876584e-07
8.245000e-10 6.454978e-07 5.846714e-07
8.250000e-10 6.422012e-07 5.816994e-07
8.255000e-10 6.389212e-07 5.787422e-07
8.260000e-10 6.356576e-07 5.757999e-07
8.265000e-10 6.324105e-07 5.728722e-07
8.270000e-10 6.291798e-07 5.699592e-07
8.275000e-10 6.259653e-07 5.670608e-07
8.280000e-10 6.227670e-07 5.641768e-07
8.285000e-10 6.195848e-07 5.613073e-07
8.290000e-10 6.164187e-07 5.584522e-07
8.295000e-10 6.132685e-07 5.556114e-07
8.300000e-10 6.101342e-07 5.527847e-07
8.305000e-10 6.070156e-07 5.499723e-07
8.310000e-10 6.039128e-07 5.471739e-07
8.315000e-10 6.008256e-07 5.443895e-07
8.320000e-10 5.977540e-07 5.416191e-07
8.325000e-10 5.946979e-07 5.388625e-07
8.330000e-10 5.916571e-07 5.361198e-07
8.335000e-10 5.886317e-07 5.333908e-07
8.340000e-10 5.856216e-07 5.306755e-07
8.345000e-10 5.826266e-07 5.279738e-07
8.350000e-10 5.796468e-07 5.252856e-07
8.355000e-10 5.766819e-07 5.226109e-07
8.360000e-10 5.737321e-07 5.199496e-07
8.365000e-10 5.707971e-07 5.173017e-07
8.370000e-10 5.678769e-07 5.146670e-07
8.375000e-10 5.649714e-07 5.120455e-07
8.380000e-10 5.620806e-07 5.094372e-07
8.385000e-10 5.592044e-07 5.068420e-07
8.390000e-10 5.563427e-07 5.042598e-07
8.395000e-10 5.534955e-07 5.016905e-07
8.400000e-10 5.506626e-07 4.991342e-07
8.405000e-10 5.478440e-07 4.965906e-07
8.410000e-10 5.450397e-07 4.940599e-07
8.415000e-10 5.422495e-07 4.915418e-07
8.420000e-10 5.394734e-07 4.890364e-07
8.425000e-10 5.367114e-07 4.865435e-07
8.430000e-10 5.339633e-07 4.840632e-07
8.435000e-10 5.312290e-07 4.815953e-07
8.440000e-10 5.285086e-07 4.791398e-07
8.445000e-10 5.258019e-07 4.766966e-07
8.450000e-10 5.231089e-07 4.742657e-07
8.455000e-10 5.204296e-07 4.718471e-07
8.460000e-10 5.177637e-07 4.694405e-07
8.465000e-10 5.151113e-07 4.670461e-07
8.470000e-10 5.124724e-07 4.646637e-07
8.475000e-10 5.098467e-07 4.622933e-07
8.480000e-10 5.072344e-07 4.599348e-07
8.485000e-10 5.046352e-07 4.575881e-07
8.490000e-10 5.020492e-07 4.552532e-07
8.495000e-10 4.994763e-07 4.529301e-07
8.500000e-10 4.969164e-07 4.506187e-07
8.505000e-10 4.943694e-07 4.483188e-07
8.510000e-10 4.918354e-07 4.460306e-07
8.515000e-10 4.893141e-07 4.437538e-07
8.520000e-10 4.868056e-07 4.414885e-07
8.525000e-10 4.843098e-07 4.392346e-07
8.530000e-10 4.818266e-07 4.369921e-07
8.535000e-10 4.793560e-07 4.347608e-07
8.540000e-10 4.768979e-07 4.325408e-07
8.545000e-10 4.744522e-07 4.303319e-07
8.550000e-10 4.720189e-07 4.281341e-07
8.555000e-10 4.695980e-07 4.259474e-07
8.560000e-10 4.671893e-07 4.237718e-07
8.565000e-10 4.647927e-07 4.216070e-07
8.570000e-10 4.624084e-07 4.194532e-07
8.575000e-10 4.600361e-07 4.173102e-07
8.580000e-10 4.576758e-07 4.151780e-07
8.585000e-10 4.553274e-07 4.130566e-07
8.590000e-10 4.529910e-07 4.109458e-07
8.595000e-10 4.506664e-07 4.088457e-07
8.600000e-10 4.483536e-07 4.067561e-07
8.605000e-10 4.460525e-07 4.046771e-07
8.610000e-10 4.437631e-07 4.026085e-07
8.615000e-10 4.414852e-07 4.005504e-07
8.620000e-10 4.392189e-07 3.985027e-07
8.625000e-10 4.369641e-07 3.964652e-07
8.630000e-10 4.347207e-07 3.944381e-07
8.635000e-10 4.324887e-07 3.924212e-07
8.640000e-10 4.302681e-07 3.904144e-07
8.645000e-10 4.280586e-07 3.884177e-07
8.650000e-10 4.258604e-07 3.864312e-07
8.655000e-10 4.236733e-07 3.844546e-07
8.660000e-10 4.214974e-07 3.824880e-07
8.665000e-10 4.193324e-07 3.805314e-07
8.670000e-10 4.171785e-07 3.785846e-07
8.675000e-10 4.150354e-07 3.766476e-07
8.680000e-10 4.129033e-07 3.747204e-07
8.685000e-10 4.107819e-07 3.728029e-07
8.690000e-10 4.086714e-07 3.708951e-07
8.695000e-10 4.065715e-07 3.689970e-07
8.700000e-10 4.044823e-07 3.671084e-07
8.705000e-10 4.024037e-07 3.652294e-07
8.710000e-10 4.003356e-07 3.633598e-07
8.715000e-10 3.982781e-07 3.614997e-07
8.720000e-10 3.962310e-07 3.596490e-07
8.725000e-10 3.941943e-07 3.578076e-07
8.730000e-10 3.921679e-07 3.559755e-07
8.735000e-10 3.901518e-07 3.541527e-07
8.740000e-10 3.881460e-07 3.523391e-07
8.745000e-10 3.861503e-07 3.505346e-07
8.750000e-10 3.841648e-07 3.487393e-07
8.755000e-10 3.821894e-07 3.469530e-07
8.760000e-10 3.802240e-07 3.451758e-07
8.765000e-10 3.782686e-07 3.434076e-07
8.770000e-10 3.763232e-07 3.416482e-07
8.775000e-10 3.743876e-07 3.398978e-07
8.780000e-10 3.724618e-07 3.381563e-07
8.785000e-10 3.705459e-07 3.364235e-07
8.790000e-10 3.686397e-07 3.346995e-07
8.795000e-10 3.667431e-07 3.329842e-07
8.800000e-10 3.648562e-07 3.312776e-07
8.805000e-10 3.629790e-07 3.295796e-07
8.810000e-10 3.611112e-07 3.278902e-07
8.815000e-10 3.592530e-07 3.262094e-07
8.820000e-10 3.574042e-07 3.245371e-07
8.825000e-10 3.555648e-07 3.228732e-07
8.830000e-10 3.537347e-07 3.212177e-07
8.835000e-10 3.519140e-07 3.195707e-07
8.840000e-10 3.501025e-07 3.179319e-07
8.845000e-10 3.483003e-07 3.163015e-07
8.850000e-10 3.465072e-07 3.146793e-07
8.855000e-10 3.447232e-07 3.130653e-07
8.860000e-10 3.429484e-07 3.114595e-07
8.865000e-10 3.411825e-07 3.098618e-07
8.870000e-10 3.394257e-07 3.082722e-07
8.875000e-10 3.376777e-07 3.066907e-07
8.880000e-10 3.359387e-07 3.051172e-07
8.885000e-10 3.342085e-07 3.035516e-07
8.890000e-10 3.324872e-07 3.019940e-07
8.895000e-10 3.307746e-07 3.004443e-07
8.900000e-10 3.290707e-07 2.989024e-07
8.905000e-10 3.273755e-07 2.973683e-07
8.910000e-10 3.256890e-07 2.958420e-07
8.915000e-10 3.240110e-07 2.943235e-07
8.920000e-10 3.223416e-07 2.928126e-07
8.925000e-10 3.206806e-07 2.913094e-07
8.930000e-10 3.190282e-07 2.898138e-07
8.935000e-10 3.173841e-07 2.883258e-07
8.940000e-10 3.157485e-07 2.868454e-07
8.945000e-10 3.141212e-07 2.853724e-07
8.950000e-10 3.125021e-07 2.839069e-07
8.955000e-10 3.108913e-07 2.824489e-07
8.960000e-10 3.092888e-07 2.809982e-07
8.965000e-10 3.076943e-07 2.795549e-07
8.970000e-10 3.061081e-07 2.781190e-07
8.975000e-10 3.045299e-07 2.766903e-07
8.980000e-10 3.029597e-07 2.752688e-07
8.985000e-10 3.013976e-07 2.738546e-07
8.990000e-10 2.998434e-07 2.724476e-07
8.995000e-10 2.982972e-07 2.710477e-07
9.000000e-10 2.967588e-07 2.696549e-07
9.005000e-10 2.952283e-07 2.682691e-07
9.010000e-10 2.937056e-07 2.668904e-07
9.015000e-10 2.921906e-07 2.655187e-07
9.020000e-10 2.906834e-07 2.641540e-07
9.025000e-10 2.891839e-07 2.627962e-07
9.030000e-10 2.876920e-07 2.614453e-07
9.035000e-10 2.862078e-07 2.601012e-07
9.040000e-10 2.847311e-07 2.587640e-07
9.045000e-10 2.832619e-07 2.574336e-07
9.050000e-10 2.818003e-07 2.561099e-07
9.055000e-10 2.803461e-07 2.547929e-07
9.060000e-10 2.788993e-07 2.534827e-07
9.065000e-10 2.774599e-07 2.521791e-07
9.070000e-10 2.760279e-07 2.508821e-07
9.075000e-10 2.746031e-07 2.495917e-07
9.080000e-10 2.731857e-07 2.483079e-07
9.085000e-10 2.717755e-07 2.470306e-07
9.090000e-10 2.703725e-07 2.457598e-07
9.095000e-10 2.689766e-07 2.444954e-07
9.100000e-10 2.675879e-07 2.432375e-07
9.105000e-10 2.662063e-07 2.419860e-07
9.110000e-10 2.648317e-07 2.407408e-07
9.115000e-10 2.634642e-07 2.395020e-07
9.120000e-10 2.621036e-07 2.382694e-07
9.125000e-10 2.607500e-07 2.370432e-07
9.130000e-10 2.594033e-07 2.358232e-07
9.135000e-10 2.580635e-07 2.346093e-07
9.140000e-10 2.567306e-07 2.334017e-07
9.145000e-10 2.554044e-07 2.322002e-07
9.150000e-10 2.540850e-07 2.310048e-07
9.155000e-10 2.527724e-07 2.298155e-07
9.160000e-10 2.514665e-07 2.286322e-07
9.165000e-10 2.501673e-07 2.274550e-07
9.170000e-10 2.488747e-07 2.262838e-07
9.175000e-10 2.475887e-07 2.251185e-07
9.180000e-10 2.463093e-07 2.239591e-07
9.185000e-10 2.450364e-07 2.228057e-07
9.190000e-10 2.437700e-07 2.216581e-07
9.195000e-10 2.425102e-07 2.205164e-07
9.200000e-10 2.412567e-07 2.193805e-07
9.205000e-10 2.400097e-07 2.182504e-07
9.210000e-10 2.387691e-07 2.171260e-07
9.215000e-10 2.375348e-07 2.160073e-07
9.220000e-10 2.363068e-07 2.148944e-07
9.225000e-10 2.350851e-07 2.137871e-07
9.230000e-10 2.338696e-07 2.126855e-07
9.235000e-10 2.326604e-07 2.115894e-07
9.240000e-10 2.314573e-07 2.104990e-07
9.245000e-10 2.302605e-07 2.094141e-07
9.250000e-10 2.290697e-07 2.083347e-07
9.255000e-10 2.278850e-07 2.072609e-07
9.260000e-10 2.267064e-07 2.061925e-07
9.265000e-10 2.255339e-07 2.051296e-07
9.270000e-10 2.243673e-07 2.040720e-07
9.275000e-10 2.232067e-07 2.030199e-07
9.280000e-10 2.220521e-07 2.019732e-07
9.285000e-10 2.209033e-07 2.009317e-07
9.290000e-10 2.197605e-07 1.998956e-07
9.295000e-10 2.186235e-07 1.988648e-07
9.300000e-10 2.174923e-07 1.978392e-07
9.305000e-10 2.163669e-07 1.968189e-07
9.310000e-10 2.152473e-07 1.958037e-07
9.315000e-10 2.141335e-07 1.947938e-07
9.320000e-10 2.130253e-07 1.937889e-07
9.325000e-10 2.119228e-07 1.927893e-07
9.330000e-10 2.108259e-07 1.917947e-07
9.335000e-10 2.097347e-07 1.908052e-07
9.340000e-10 2.086491e-07 1.898207e-07
9.345000e-10 2.075690e-07 1.888413e-07
9.350000e-10 2.064945e-07 1.878668e-07
9.355000e-10 2.054255e-07 1.868974e-07
9.360000e-10 2.043619e-07 1.859329e-07
9.365000e-10 2.033038e-07 1.849733e-07
9.370000e-10 2.022512e-07 1.840186e-07
9.375000e-10 2.012039e-07 1.830688e-07
9.380000e-10 2.001620e-07 1.821238e-07
9.385000e-10 1.991254e-07 1.811837e-07
9.390000e-10 1.980942e-07 1.802483e-07
9.395000e-10 1.970682e-07 1.793178e-07
9.400000e-10 1.960475e-07 1.783919e-07
9.405000e-10 1.950321e-07 1.774709e-07
9.410000e-10 1.940218e-07 1.765545e-07
9.415000e-10 1.930168e-07 1.756428e-07
9.420000e-10 1.920169e-07 1.747357e-07
9.425000e-10 1.910221e-07 1.738333e-07
9.430000e-10 1.900324e-07 1.729356e-07
9.435000e-10 1.890478e-07 1.720423e-07
9.440000e-10 1.880683e-07 1.711537e-07
9.445000e-10 1.870937e-07 1.702696e-07
9.450000e-10 1.861242e-07 1.693900e-07
9.455000e-10 1.851597e-07 1.685149e-07
9.460000e-10 1.842001e-07 1.676443e-07
9.465000e-10 1.832454e-07 1.667782e-07
9.470000e-10 1.822957e-07 1.659164e-07
9.475000e-10 1.813508e-07 1.650591e-07
9.480000e-10 1.804108e-07 1.642062e-07
9.485000e-10 1.794755e-07 1.633576e-07
9.490000e-10 1.785451e-07 1.625134e-07
9.495000e-10 1.776195e-07 1.616734e-07
9.500000e-10 1.766986e-07 1.608378e-07
9.505000e-10 1.757825e-07 1.600065e-07
9.510000e-10 1.748710e-07 1.591794e-07
9.515000e-10 1.739643e-07 1.583565e-07
9.520000e-10 1.730622e-07 1.575378e-07
9.525000e-10 1.721647e-07 1.567234e-07
9.530000e-10 1.712719e-07 1.559131e-07
9.535000e-10 1.703836e-07 1.551069e-07
9.540000e-10 1.694999e-07 1.543049e-07
9.545000e-10 1.686207e-07 1.535070e-07
9.550000e-10 1.677461e-07 1.527131e-07
9.555000e-10 1.668759e-07 1.519234e-07
9.560000e-10 1.660102e-07 1.511376e-07
9.565000e-10 1.651490e-07 1.503559e-07
9.570000e-10 1.642922e-07 1.495782e-07
9.575000e-10 1.634398e-07 1.488045e-07
9.580000e-10 1.625918e-07 1.480347e-07
9.585000e-10 1.617481e-07 1.472689e-07
9.590000e-10 1.609088e-07 1.465070e-07
9.595000e-10 1.600738e-07 1.457490e-07
9.600000e-10 1.592431e-07 1.449949e-07
9.605000e-10 1.584166e-07 1.442446e-07
9.610000e-10 1.575945e-07 1.434982e-07
9.615000e-10 1.567765e-07 1.427556e-07
9.620000e-10 1.559627e-07 1.420169e-07
9.625000e-10 1.551532e-07 1.412819e-07
9.630000e-10 1.543478e-07 1.405506e-07
9.635000e-10 1.535465e-07 1.398231e-07
9.640000e-10 1.527494e-07 1.390994e-07
9.645000e-10 1.519563e-07 1.383793e-07
9.650000e-10 1.511674e-07 1.376630e-07
9.655000e-10 1.503825e-07 1.369503e-07
9.660000e-10 1.496016e-07 1.362413e-07
9.665000e-10 1.488248e-07 1.355359e-07
9.670000e-10 1.480519e-07 1.348341e-07
9.675000e-10 1.472830e-07 1.341359e-07
9.680000e-10 1.465181e-07 1.334413e-07
9.685000e-10 1.457572e-07 1.327503e-07
9.690000e-10 1.450001e-07 1.320628e-07
9.695000e-10 1.442469e-07 1.313788e-07
9.700000e-10 1.434977e-07 1.306984e-07
9.705000e-10 1.427522e-07 1.300214e-07
9.710000e-10 1.420107e-07 1.293479e-07
9.715000e-10 1.412729e-07 1.286778e-07
9.720000e-10 1.405389e-07 1.280112e-07
9.725000e-10 1.398087e-07 1.273481e-07
9.730000e-10 1.390823e-07 1.266883e-07
9.735000e-10 1.383596e-07 1.260319e-07
9.740000e-10 1.376407e-07 1.253788e-07
9.745000e-10 1.369254e-07 1.247292e-07
9.750000e-10 1.362138e-07 1.240828e-07
9.755000e-10 1.355059e-07 1.234398e-07
9.760000e-10 1.348016e-07 1.228001e-07
9.765000e-10 1.341010e-07 1.221636e-07
9.770000e-10 1.334040e-07 1.215304e-07
9.775000e-10 1.327105e-07 1.209005e-07
9.780000e-10 1.320207e-07 1.202738e-07
9.785000e-10 1.313344e-07 1.196504e-07
9.790000e-10 1.306516e-07 1.190301e-07
9.795000e-10 1.299724e-07 1.184130e-07
9.800000e-10 1.292966e-07 1.177991e-07
9.805000e-10 1.286243e-07 1.171883e-07
9.810000e-10 1.279555e-07 1.165807e-07
9.815000e-10 1.272902e-07 1.159762e-07
9.820000e-10 1.266283e-07 1.153748e-07
9.825000e-10 1.259698e-07 1.147765e-07
9.830000e-10 1.253146e-07 1.141812e-07
9.835000e-10 1.246629e-07 1.135891e-07
9.840000e-10 1.240145e-07 1.129999e-07
9.845000e-10 1.233695e-07 1.124138e-07
9.850000e-10 1.227278e-07 1.118307e-07
9.855000e-10 1.220894e-07 1.112506e-07
9.860000e-10 1.214543e-07 1.106735e-07
9.865000e-10 1.208225e-07 1.100993e-07
9.870000e-10 1.201939e-07 1.095281e-07
9.875000e-10 1.195686e-07 1.089599e-07
9.880000e-10 1.189465e-07 1.083945e-07
9.885000e-10 1.183276e-07 1.078321e-07
9.890000e-10 1.177119e-07 1.072725e-07
9.895000e-10 1.170994e-07 1.067159e-07
9.900000e-10 1.164900e-07 1.061621e-07
9.905000e-10 1.158838e-07 1.056111e-07
9.910000e-10 1.152807e-07 1.050630e-07
9.915000e-10 1.146807e-07 1.045177e-07
9.920000e-10 1.140838e-07 1.039752e-07
9.925000e-10 1.134900e-07 1.034354e-07
9.930000e-10 1.128993e-07 1.028985e-07
9.935000e-10 1.123116e-07 1.023643e-07
9.940000e-10 1.117270e-07 1.018329e-07
9.945000e-10 1.111453e-07 1.013042e-07
9.950000e-10 1.105667e-07 1.007782e-07
9.955000e-10 1.099911e-07 1.002550e-07
9.960000e-10 1.094184e-07 9.973440e-08
9.965000e-10 1.088487e-07 9.921650e-08
9.970000e-10 1.082819e-07 9.870127e-08
9.975000e-10 1.077181e-07 9.818869e-08
9.980000e-10 1.071572e-07 9.767875e-08
9.985000e-10 1.065991e-07 9.717144e-08
9.990000e-10 1.060440e-07 9.666674e-08
9.995000e-10 1.054917e-07 9.616463e-08
1.000000e-09 1.049423e-07 9.566511e-08
1.000500e-09 1.043957e-07 9.516816e-08
1.001000e-09 1.038519e-07 9.467377e-08
1.001500e-09 1.033109e-07 9.418193e-08
1.002000e-09 1.027728e-07 9.369261e-08
1.002500e-09 1.022374e-07 9.320582e-08
1.003000e-09 1.017048e-07 9.272154e-08
1.003500e-09 1.011749e-07 9.223974e-08
1.004000e-09 1.006478e-07 9.176044e-08
1.004500e-09 1.001234e-07 9.128359e-08
1.005000e-09 9.960170e-08 9.080921e-08
1.005500e-09 9.908271e-08 9.033727e-08
1.006000e-09 9.856640e-08 8.986776e-08
1.006500e-09 9.805275e-08 8.940067e-08
1.007000e-09 9.754177e-08 8.893599e-08
1.007500e-09 9.703342e-08 8.847370e-08
1.008000e-09 9.652770e-08 8.801379e-08
1.008500e-09 9.602460e-08 8.755625e-08
1.009000e-09 9.552410e-08 8.710107e-08
1.009500e-09 9.502619e-08 8.664824e-08
1.010000e-09 9.453085e-08 8.619774e-08
1.010500e-09 9.403807e-08 8.574956e-08
1.011000e-09 9.354784e-08 8.530370e-08
1.011500e-09 9.306015e-08 8.486013e-08
1.012000e-09 9.257498e-08 8.441885e-08
1.012500e-09 9.209232e-08 8.397984e-08
1.013000e-09 9.161216e-08 8.354310e-08
1.013500e-09 9.113448e-08 8.310860e-08
1.014000e-09 9.065927e-08 8.267635e-08
1.014500e-09 9.018652e-08 8.224633e-08
1.015000e-09 8.971621e-08 8.181853e-08
1.015500e-09 8.924834e-08 8.139293e-08
1.016000e-09 8.878289e-08 8.096953e-08
1.016500e-09 8.831985e-08 8.054831e-08
1.017000e-09 8.785921e-08 8.012926e-08
1.017500e-09 8.740095e-08 7.971238e-08
1.018000e-09 8.694506e-08 7.929765e-08
1.018500e-09 8.649153e-08 7.888505e-08
1.019000e-09 8.604035e-08 7.847459e-08
1.019500e-09 8.559150e-08 7.806624e-08
1.020000e-09 8.514498e-08 7.766000e-08
1.020500e-09 8.470077e-08 7.725585e-08
1.021000e-09 8.425885e-08 7.685380e-08
1.021500e-09 8.381923e-08 7.645381e-08
1.022000e-09 8.338188e-08 7.605589e-08
1.022500e-09 8.294680e-08 7.566003e-08
1.023000e-09 8.251397e-08 7.526621e-08
1.023500e-09 8.208338e-08 7.487442e-08
1.024000e-09 8.165502e-08 7.448465e-08
1.024500e-09 8.122888e-08 7.409690e-08
1.025000e-09 8.080495e-08 7.371115e-08
1.025500e-09 8.038321e-08 7.332739e-08
1.026000e-09 7.996366e-08 7.294561e-08
1.026500e-09 7.954628e-08 7.256580e-08
1.027000e-09 7.913106e-08 7.218795e-08
1.027500e-09 7.871799e-08 7.181206e-08
1.028000e-09 7.830707e-08 7.143811e-08
1.028500e-09 7.789827e-08 7.106608e-08
1.029000e-09 7.749159e-08 7.069598e-08
1.029500e-09 7.708702e-08 7.032780e-08
1.030000e-09 7.668454e-08 6.996151e-08
1.030500e-09 7.628415e-08 6.959711e-08
1.031000e-09 7.588584e-08 6.923460e-08
1.031500e-09 7.548959e-08 6.887396e-08
1.032000e-09 7.509539e-08 6.851519e-08
1.032500e-09 7.470324e-08 6.815827e-08
1.033000e-09 7.431312e-08 6.780319e-08
1.033500e-09 7.392502e-08 6.744995e-08
1.034000e-09 7.353893e-08 6.709853e-08
1.034500e-09 7.315484e-08 6.674893e-08
1.035000e-09 7.277275e-08 6.640113e-08
1.035500e-09 7.239264e-08 6.605514e-08
1.036000e-09 7.201449e-08 6.571093e-08
1.036500e-09 7.163831e-08 6.536850e-08
1.037000e-09 7.126408e-08 6.502784e-08
1.037500e-09 7.089179e-08 6.468895e-08
1.038000e-09 7.052143e-08 6.435180e-08
1.038500e-09 7.015299e-08 6.401640e-08
1.039000e-09 6.978646e-08 6.368273e-08
1.039500e-09 6.942183e-08 6.335079e-08
1.040000e-09 6.905910e-08 6.302057e-08
1.040500e-09 6.869824e-08 6.269205e-08
1.041000e-09 6.833926e-08 6.236523e-08
1.041500e-09 6.798214e-08 6.204010e-08
1.042000e-09 6.762687e-08 6.171665e-08
1.042500e-09 6.727345e-08 6.139488e-08
1.043000e-09 6.692186e-08 6.107477e-08
1.043500e-09 6.657209e-08 6.075632e-08
1.044000e-09 6.622414e-08 6.043951e-08
1.044500e-09 6.587799e-08 6.012435e-08
1.045000e-09 6.553364e-08 5.981081e-08
1.045500e-09 6.519108e-08 5.949890e-08
1.046000e-09 6.485030e-08 5.918860e-08
1.046500e-09 6.451128e-08 5.887990e-08
1.047000e-09 6.417402e-08 5.857281e-08
1.047500e-09 6.383852e-08 5.826730e-08
1.048000e-09 6.350475e-08 5.796337e-08
1.048500e-09 6.317272e-08 5.766102e-08
1.049000e-09 6.284241e-08 5.736023e-08
1.049500e-09 6.251382e-08 5.706100e-08
1.050000e-09 6.218693e-08 5.676332e-08
1.050500e-09 6.186174e-08 5.646718e-08
1.051000e-09 6.153824e-08 5.617257e-08
1.051500e-09 6.121642e-08 5.587949e-08
1.052000e-09 6.089627e-08 5.558792e-08
1.052500e-09 6.057778e-08 5.529787e-08
1.053000e-09 6.026094e-08 5.500931e-08
1.053500e-09 5.994576e-08 5.472225e-08
1.054000e-09 5.963220e-08 5.443668e-08
1.054500e-09 5.932028e-08 5.415259e-08
1.055000e-09 5.900998e-08 5.386997e-08
1.055500e-09 5.870129e-08 5.358881e-08
1.056000e-09 5.839420e-08 5.330911e-08
1.056500e-09 5.808871e-08 5.303085e-08
1.057000e-09 5.778480e-08 5.275404e-08
1.057500e-09 5.748247e-08 5.247866e-08
1.058000e-09 5.718172e-08 5.220471e-08
1.058500e-09 5.688253e-08 5.193218e-08
1.059000e-09 5.658489e-08 5.166106e-08
1.059500e-09 5.628880e-08 5.139135e-08
1.060000e-09 5.599424e-08 5.112303e-08
1.060500e-09 5.570122e-08 5.085610e-08
1.061000e-09 5.540972e-08 5.059056e-08
1.061500e-09 5.511974e-08 5.032639e-08
1.062000e-09 5.483126e-08 5.006359e-08
1.062500e-09 5.454428e-08 4.980216e-08
1.063000e-09 5.425880e-08 4.954208e-08
1.063500e-09 5.397479e-08 4.928334e-08
1.064000e-09 5.369227e-08 4.902595e-08
1.064500e-09 5.341121e-08 4.876990e-08
1.065000e-09 5.313162e-08 4.851517e-08
1.065500e-09 5.285347e-08 4.826176e-08
1.066000e-09 5.257678e-08 4.800966e-08
1.066500e-09 5.230152e-08 4.775887e-08
1.067000e-09 5.202770e-08 4.750939e-08
1.067500e-09 5.175529e-08 4.726119e-08
1.068000e-09 5.148431e-08 4.701429e-08
1.068500e-09 5.121473e-08 4.676866e-08
1.069000e-09 5.094656e-08 4.652431e-08
1.069500e-09 5.067978e-08 4.628122e-08
1.070000e-09 5.041439e-08 4.603940e-08
1.070500e-09 5.015038e-08 4.579883e-08
1.071000e-09 4.988774e-08 4.555951e-08
1.071500e-09 4.962647e-08 4.532143e-08
1.072000e-09 4.936655e-08 4.508458e-08
1.072500e-09 4.910799e-08 4.484897e-08
1.073000e-09 4.885078e-08 4.461457e-08
1.073500e-09 4.859490e-08 4.438139e-08
1.074000e-09 4.834035e-08 4.414943e-08
1.074500e-09 4.808713e-08 4.391866e-08
1.075000e-09 4.783523e-08 4.368910e-08
1.075500e-09 4.758464e-08 4.346072e-08
1.076000e-09 4.733535e-08 4.323353e-08
1.076500e-09 4.708736e-08 4.300752e-08
1.077000e-09 4.684066e-08 4.278268e-08
1.077500e-09 4.659524e-08 4.255901e-08
1.078000e-09 4.635110e-08 4.233650e-08
1.078500e-09 4.610823e-08 4.211515e-08
1.079000e-09 4.586663e-08 4.189494e-08
1.079500e-09 4.562628e-08 4.167588e-08
1.080000e-09 4.538719e-08 4.145795e-08
1.080500e-09 4.514934e-08 4.124116e-08
1.081000e-09 4.491272e-08 4.102549e-08
1.081500e-09 4.467734e-08 4.081095e-08
1.082000e-09 4.444319e-08 4.059751e-08
1.082500e-09 4.421025e-08 4.038519e-08
1.083000e-09 4.397853e-08 4.017396e-08
1.083500e-09 4.374801e-08 3.996384e-08
1.084000e-09 4.351870e-08 3.975480e-08
1.084500e-09 4.329058e-08 3.954685e-08
1.085000e-09 4.306364e-08 3.933998e-08
1.085500e-09 4.283789e-08 3.913419e-08
1.086000e-09 4.261332e-08 3.892947e-08
1.086500e-09 4.238991e-08 3.872580e-08
1.087000e-09 4.216767e-08 3.852320e-08
1.087500e-09 4.194658e-08 3.832165e-08
1.088000e-09 4.172665e-08 3.812115e-08
1.088500e-09 4.150786e-08 3.792168e-08
1.089000e-09 4.129022e-08 3.772326e-08
1.089500e-09 4.107370e-08 3.752586e-08
1.090000e-09 4.085832e-08 3.732950e-08
1.090500e-09 4.064405e-08 3.713415e-08
1.091000e-09 4.043091e-08 3.693981e-08
1.091500e-09 4.021887e-08 3.674649e-08
1.092000e-09 4.000794e-08 3.655417e-08
1.092500e-09 3.979811e-08 3.636285e-08
1.093000e-09 3.958937e-08 3.617253e-08
1.093500e-09 3.938172e-08 3.598320e-08
1.094000e-09 3.917515e-08 3.579485e-08
1.094500e-09 3.896966e-08 3.560747e-08
1.095000e-09 3.876524e-08 3.542108e-08
1.095500e-09 3.856189e-08 3.523565e-08
1.096000e-09 3.835959e-08 3.505119e-08
1.096500e-09 3.815835e-08 3.486768e-08
1.097000e-09 3.795816e-08 3.468513e-08
1.097500e-09 3.775901e-08 3.450353e-08
1.098000e-09 3.756090e-08 3.432287e-08
1.098500e-09 3.736383e-08 3.414315e-08
1.099000e-09 3.716778e-08 3.396437e-08
1.099500e-09 3.697275e-08 3.378652e-08
1.100000e-09 3.677874e-08 3.360959e-08
1.100500e-09 3.658574e-08 3.343358e-08
1.101000e-09 3.639375e-08 3.325849e-08
1.101500e-09 3.620276e-08 3.308431e-08
1.102000e-09 3.601277e-08 3.291104e-08
1.102500e-09 3.582377e-08 3.273866e-08
1.103000e-09 3.563575e-08 3.256718e-08
1.103500e-09 3.544871e-08 3.239660e-08
1.104000e-09 3.526265e-08 3.222690e-08
1.104500e-09 3.507756e-08 3.205809e-08
1.105000e-09 3.489344e-08 3.189015e-08
1.105500e-09 3.471027e-08 3.172309e-08
1.106000e-09 3.452806e-08 3.155690e-08
1.106500e-09 3.434681e-08 3.139157e-08
1.107000e-09 3.416649e-08 3.122710e-08
1.107500e-09 3.398712e-08 3.106349e-08
1.108000e-09 3.380869e-08 3.090073e-08
1.108500e-09 3.363118e-08 3.073882e-08
1.109000e-09 3.345460e-08 3.057775e-08
1.109500e-09 3.327895e-08 3.041752e-08
1.110000e-09 3.310421e-08 3.025812e-08
1.110500e-09 3.293038e-08 3.009956e-08
1.111000e-09 3.275746e-08 2.994182e-08
1.111500e-09 3.258544e-08 2.978490e-08
1.112000e-09 3.241432e-08 2.962879e-08
1.112500e-09 3.224409e-08 2.947350e-08
1.113000e-09 3.207475e-08 2.931902e-08
1.113500e-09 3.190630e-08 2.916534e-08
1.114000e-09 3.173872e-08 2.901247e-08
1.114500e-09 3.157202e-08 2.886038e-08
1.115000e-09 3.140619e-08 2.870910e-08
1.115500e-09 3.124123e-08 2.855859e-08
1.116000e-09 3.107712e-08 2.840888e-08
1.116500e-09 3.091388e-08 2.825994e-08
1.117000e-09 3.075148e-08 2.811178e-08
1.117500e-09 3.058994e-08 2.796439e-08
1.118000e-09 3.042923e-08 2.781777e-08
1.118500e-09 3.026937e-08 2.767191e-08
1.119000e-09 3.011034e-08 2.752681e-08
1.119500e-09 2.995215e-08 2.738247e-08
1.120000e-09 2.979477e-08 2.723888e-08
1.120500e-09 2.963822e-08 2.709604e-08
1.121000e-09 2.948249e-08 2.695394e-08
1.121500e-09 2.932757e-08 2.681258e-08
1.122000e-09 2.917346e-08 2.667196e-08
1.122500e-09 2.902016e-08 2.653207e-08
1.123000e-09 2.886766e-08 2.639291e-08
1.123500e-09 2.871595e-08 2.625448e-08
1.124000e-09 2.856504e-08 2.611677e-08
1.124500e-09 2.841491e-08 2.597977e-08
1.125000e-09 2.826557e-08 2.584349e-08
1.125500e-09 2.811701e-08 2.570792e-08
1.126000e-09 2.796922e-08 2.557306e-08
1.126500e-09 2.782221e-08 2.543890e-08
1.127000e-09 2.767597e-08 2.530544e-08
1.127500e-09 2.753049e-08 2.517267e-08
1.128000e-09 2.738577e-08 2.504060e-08
1.128500e-09 2.724180e-08 2.490922e-08
1.129000e-09 2.709859e-08 2.477852e-08
1.129500e-09 2.695613e-08 2.464850e-08
1.130000e-09 2.681441e-08 2.451916e-08
1.130500e-09 2.667343e-08 2.439050e-08
1.131000e-09 2.653319e-08 2.426250e-08
1.131500e-09 2.639369e-08 2.413518e-08
1.132000e-09 2.625491e-08 2.400851e-08
1.132500e-09 2.611686e-08 2.388251e-08
1.133000e-09 2.597953e-08 2.375717e-08
1.133500e-09 2.584291e-08 2.363248e-08
1.134000e-09 2.570702e-08 2.350843e-08
1.134500e-09 2.557183e-08 2.338504e-08
1.135000e-09 2.543735e-08 2.326229e-08
1.135500e-09 2.530357e-08 2.314018e-08
1.136000e-09 2.517049e-08 2.301871e-08
1.136500e-09 2.503811e-08 2.289787e-08
1.137000e-09 2.490642e-08 2.277766e-08
1.137500e-09 2.477542e-08 2.265808e-08
1.138000e-09 2.464510e-08 2.253912e-08
1.138500e-09 2.451547e-08 2.242079e-08
1.139000e-09 2.438651e-08 2.230307e-08
1.139500e-09 2.425823e-08 2.218596e-08
1.140000e-09 2.413061e-08 2.206947e-08
1.140500e-09 2.400367e-08 2.195359e-08
1.141000e-09 2.387739e-08 2.183830e-08
1.141500e-09 2.375177e-08 2.172363e-08
1.142000e-09 2.362681e-08 2.160955e-08
1.142500e-09 2.350250e-08 2.149606e-08
1.143000e-09 2.337884e-08 2.138317e-08
1.143500e-09 2.325583e-08 2.127086e-08
1.144000e-09 2.313347e-08 2.115915e-08
1.144500e-09 2.301174e-08 2.104801e-08
1.145000e-09 2.289065e-08 2.093746e-08
1.145500e-09 2.277019e-08 2.082748e-08
1.146000e-09 2.265037e-08 2.071808e-08
1.146500e-09 2.253117e-08 2.060925e-08
1.147000e-09 2.241259e-08 2.050099e-08
1.147500e-09 2.229464e-08 2.039329e-08
1.148000e-09 2.217730e-08 2.028616e-08
1.148500e-09 2.206058e-08 2.017958e-08
1.149000e-09 2.194447e-08 2.007356e-08
1.149500e-09 2.182896e-08 1.996810e-08
1.150000e-09 2.171406e-08 1.986318e-08
1.150500e-09 2.159976e-08 1.975882e-08
1.151000e-09 2.148606e-08 1.965499e-08
1.151500e-09 2.137296e-08 1.955172e-08
1.152000e-09 2.126044e-08 1.944898e-08
1.152500e-09 2.114852e-08 1.934677e-08
1.153000e-09 2.103718e-08 1.924510e-08
1.153500e-09 2.092643e-08 1.914397e-08
1.154000e-09 2.081625e-08 1.904336e-08
1.154500e-09 2.070666e-08 1.894327e-08
1.155000e-09 2.059763e-08 1.884371e-08
1.155500e-09 2.048918e-08 1.874467e-08
1.156000e-09 2.038129e-08 1.864615e-08
1.156500e-09 2.027397e-08 1.854814e-08
1.157000e-09 2.016721e-08 1.845064e-08
1.157500e-09 2.006102e-08 1.835366e-08
1.158000e-09 1.995537e-08 1.825718e-08
1.158500e-09 1.985028e-08 1.816120e-08
1.159000e-09 1.974574e-08 1.806573e-08
1.159500e-09 1.964175e-08 1.797075e-08
1.160000e-09 1.953830e-08 1.787627e-08
1.160500e-09 1.943540e-08 1.778229e-08
1.161000e-09 1.933303e-08 1.768880e-08
1.161500e-09 1.923120e-08 1.759579e-08
1.162000e-09 1.912991e-08 1.750327e-08
1.162500e-09 1.902914e-08 1.741124e-08
1.163000e-09 1.892890e-08 1.731968e-08
1.163500e-09 1.882919e-08 1.722861e-08
1.164000e-09 1.873000e-08 1.713801e-08
1.164500e-09 1.863133e-08 1.704788e-08
1.165000e-09 1.853318e-08 1.695823e-08
1.165500e-09 1.843554e-08 1.686905e-08
1.166000e-09 1.833841e-08 1.678033e-08
1.166500e-09 1.824179e-08 1.669207e-08
1.167000e-09 1.814568e-08 1.660428e-08
1.167500e-09 1.805007e-08 1.651694e-08
1.168000e-09 1.795497e-08 1.643007e-08
1.168500e-09 1.786036e-08 1.634364e-08
1.169000e-09 1.776625e-08 1.625767e-08
1.169500e-09 1.767263e-08 1.617215e-08
1.170000e-09 1.757950e-08 1.608708e-08
1.170500e-09 1.748686e-08 1.600245e-08
1.171000e-09 1.739470e-08 1.591826e-08
1.171500e-09 1.730303e-08 1.583451e-08
1.172000e-09 1.721184e-08 1.575121e-08
1.172500e-09 1.712113e-08 1.566833e-08
1.173000e-09 1.703089e-08 1.558590e-08
1.173500e-09 1.694112e-08 1.550389e-08
1.174000e-09 1.685183e-08 1.542231e-08
1.174500e-09 1.676300e-08 1.534116e-08
1.175000e-09 1.667464e-08 1.526043e-08
1.175500e-09 1.658675e-08 1.518013e-08
1.176000e-09 1.649931e-08 1.510024e-08
1.176500e-09 1.641233e-08 1.502078e-08
1.177000e-09 1.632581e-08 1.494173e-08
1.177500e-09 1.623975e-08 1.486309e-08
1.178000e-09 1.615413e-08 1.478487e-08
1.178500e-09 1.606896e-08 1.470705e-08
1.179000e-09 1.598424e-08 1.462964e-08
1.179500e-09 1.589997e-08 1.455264e-08
1.180000e-09 1.581613e-08 1.447604e-08
1.180500e-09 1.573274e-08 1.439984e-08
1.181000e-09 1.564978e-08 1.432404e-08
1.181500e-09 1.556726e-08 1.424864e-08
1.182000e-09 1.548517e-08 1.417363e-08
1.182500e-09 1.540352e-08 1.409901e-08
1.183000e-09 1.532229e-08 1.402479e-08
1.183500e-09 1.524148e-08 1.395095e-08
1.184000e-09 1.516110e-08 1.387750e-08
1.184500e-09 1.508115e-08 1.380444e-08
1.185000e-09 1.500161e-08 1.373175e-08
1.185500e-09 1.492249e-08 1.365945e-08
1.186000e-09 1.484378e-08 1.358753e-08
1.186500e-09 1.476549e-08 1.351598e-08
1.187000e-09 1.468761e-08 1.344481e-08
1.187500e-09 1.461014e-08 1.337401e-08
1.188000e-09 1.453307e-08 1.330358e-08
1.188500e-09 1.445641e-08 1.323352e-08
1.189000e-09 1.438015e-08 1.316383e-08
1.189500e-09 1.430429e-08 1.309450e-08
1.190000e-09 1.422883e-08 1.302554e-08
1.190500e-09 1.415376e-08 1.295693e-08
1.191000e-09 1.407909e-08 1.288869e-08
1.191500e-09 1.400481e-08 1.282080e-08
1.192000e-09 1.393092e-08 1.275327e-08
1.192500e-09 1.385742e-08 1.268609e-08
1.193000e-09 1.378431e-08 1.261927e-08
1.193500e-09 1.371157e-08 1.255279e-08
1.194000e-09 1.363922e-08 1.248667e-08
1.194500e-09 1.356725e-08 1.242089e-08
1.195000e-09 1.349566e-08 1.235545e-08
1.195500e-09 1.342445e-08 1.229036e-08
1.196000e-09 1.335360e-08 1.222561e-08
1.196500e-09 1.328313e-08 1.216120e-08
1.197000e-09 1.321303e-08 1.209712e-08
1.197500e-09 1.314330e-08 1.203338e-08
1.198000e-09 1.307394e-08 1.196998e-08
1.198500e-09 1.300493e-08 1.190691e-08
1.199000e-09 1.293630e-08 1.184416e-08
1.199500e-09 1.286802e-08 1.178175e-08
1.200000e-09 1.280010e-08 1.171966e-08
